 1.000000e+001  1.366034e-005
 1.061875e+001  1.416503e-005
 1.123750e+001  1.397298e-005
 1.185625e+001  1.264053e-005
 1.247500e+001  1.190562e-005
 1.309375e+001  1.168139e-005
 1.371250e+001  1.129937e-005
 1.433125e+001  1.111832e-005
 1.495000e+001  1.104337e-005
 1.556875e+001  1.069022e-005
 1.618750e+001  9.951177e-006
 1.680625e+001  9.554458e-006
 1.742500e+001  8.730588e-006
 1.804375e+001  9.637899e-006
 1.866250e+001  9.806283e-006
 1.928125e+001  9.368113e-006
 1.990000e+001  9.109367e-006
 2.051875e+001  8.826557e-006
 2.113750e+001  8.920646e-006
 2.175625e+001  8.801842e-006
 2.237500e+001  8.506582e-006
 2.299375e+001  8.314734e-006
 2.361250e+001  8.172972e-006
 2.423125e+001  8.146020e-006
 2.485000e+001  8.114910e-006
 2.546875e+001  7.868271e-006
 2.608750e+001  7.488301e-006
 2.670625e+001  7.598325e-006
 2.732500e+001  7.033856e-006
 2.794375e+001  7.321674e-006
 2.856250e+001  7.393169e-006
 2.918125e+001  7.337220e-006
 2.980000e+001  7.244494e-006
 3.041875e+001  6.946214e-006
 3.103750e+001  7.015723e-006
 3.165625e+001  6.991458e-006
 3.227500e+001  7.150482e-006
 3.289375e+001  6.701904e-006
 3.351250e+001  6.703442e-006
 3.413125e+001  6.946615e-006
 3.475000e+001  6.774351e-006
 3.536875e+001  6.540956e-006
 3.598750e+001  6.529985e-006
 3.660625e+001  6.469028e-006
 3.722500e+001  6.722435e-006
 3.784375e+001  6.577097e-006
 3.846250e+001  6.612875e-006
 3.908125e+001  7.919794e-006
 3.970000e+001  1.398782e-005
 4.031875e+001  1.076438e-005
 4.093750e+001  6.752375e-006
 4.155625e+001  6.878642e-006
 4.217500e+001  6.799214e-006
 4.279375e+001  6.638565e-006
 4.341250e+001  6.694604e-006
 4.403125e+001  6.799134e-006
 4.465000e+001  6.501533e-006
 4.526875e+001  6.655252e-006
 4.588750e+001  7.662199e-006
 4.650625e+001  9.129566e-006
 4.712500e+001  1.205314e-005
 4.774375e+001  2.438567e-005
 4.836250e+001  6.504612e-005
 4.898125e+001  3.871002e-004
 4.960000e+001  2.588255e-003
 5.021875e+001  2.998689e-003
 5.083750e+001  7.667831e-004
 5.145625e+001  8.805432e-005
 5.207500e+001  2.818866e-005
 5.269375e+001  1.341866e-005
 5.331250e+001  9.049117e-006
 5.393125e+001  6.695034e-006
 5.455000e+001  6.383200e-006
 5.516875e+001  6.508436e-006
 5.578750e+001  6.327438e-006
 5.640625e+001  6.002632e-006
 5.702500e+001  5.519234e-006
 5.764375e+001  5.671744e-006
 5.826250e+001  6.318488e-006
 5.888125e+001  6.581930e-006
 5.950000e+001  4.434749e-005
 6.011875e+001  7.035530e-005
 6.073750e+001  2.782595e-005
 6.135625e+001  6.011006e-006
 6.197500e+001  5.266546e-006
 6.259375e+001  5.485326e-006
 6.321250e+001  5.578463e-006
 6.383125e+001  5.473233e-006
 6.445000e+001  5.623821e-006
 6.506875e+001  5.753310e-006
 6.568750e+001  5.854676e-006
 6.630625e+001  5.909547e-006
 6.692500e+001  5.845249e-006
 6.754375e+001  5.981827e-006
 6.816250e+001  5.966343e-006
 6.878125e+001  5.796030e-006
 6.940000e+001  5.879716e-006
 7.001875e+001  5.834501e-006
 7.063750e+001  6.018546e-006
 7.125625e+001  5.437920e-006
 7.187500e+001  5.457676e-006
 7.249375e+001  5.435153e-006
 7.311250e+001  5.798878e-006
 7.373125e+001  5.966867e-006
 7.435000e+001  5.616445e-006
 7.496875e+001  5.472709e-006
 7.558750e+001  5.318277e-006
 7.620625e+001  5.699680e-006
 7.682500e+001  6.007023e-006
 7.744375e+001  5.930366e-006
 7.806250e+001  5.626787e-006
 7.868125e+001  8.278523e-006
 7.930000e+001  2.456178e-005
 7.991875e+001  2.562035e-005
 8.053750e+001  8.971278e-006
 8.115625e+001  5.526158e-006
 8.177500e+001  5.786888e-006
 8.239375e+001  5.640627e-006
 8.301250e+001  5.543526e-006
 8.363125e+001  5.284397e-006
 8.425000e+001  5.350580e-006
 8.486875e+001  5.387712e-006
 8.548750e+001  5.189406e-006
 8.610625e+001  5.196389e-006
 8.672500e+001  4.815892e-006
 8.734375e+001  4.938168e-006
 8.796250e+001  5.196923e-006
 8.858125e+001  4.895585e-006
 8.920000e+001  4.997848e-006
 8.981875e+001  5.216545e-006
 9.043750e+001  5.334684e-006
 9.105625e+001  5.401093e-006
 9.167500e+001  5.526133e-006
 9.229375e+001  5.106878e-006
 9.291250e+001  5.372228e-006
 9.353125e+001  5.683940e-006
 9.415000e+001  5.563272e-006
 9.476875e+001  5.328342e-006
 9.538750e+001  5.433022e-006
 9.600625e+001  4.998915e-006
 9.662500e+001  4.895616e-006
 9.724375e+001  5.060409e-006
 9.786250e+001  5.640222e-006
 9.848125e+001  5.543319e-006
 9.910000e+001  2.128226e-005
 9.971875e+001  7.784296e-005
 1.003375e+002  6.606426e-005
 1.009563e+002  1.099061e-005
 1.015750e+002  5.998978e-006
 1.021938e+002  5.442574e-006
 1.028125e+002  5.984853e-006
 1.034313e+002  6.682561e-006
 1.040500e+002  5.862896e-006
 1.046688e+002  5.728105e-006
 1.052875e+002  5.532441e-006
 1.059063e+002  5.212507e-006
 1.065250e+002  5.487672e-006
 1.071438e+002  5.410295e-006
 1.077625e+002  4.994209e-006
 1.083813e+002  5.049832e-006
 1.090000e+002  5.402259e-006
 1.096188e+002  5.401410e-006
 1.102375e+002  5.167161e-006
 1.108563e+002  5.054243e-006
 1.114750e+002  5.222530e-006
 1.120938e+002  5.030802e-006
 1.127125e+002  5.014973e-006
 1.133313e+002  5.147103e-006
 1.139500e+002  5.249704e-006
 1.145688e+002  5.269057e-006
 1.151875e+002  5.257193e-006
 1.158063e+002  5.132962e-006
 1.164250e+002  5.245788e-006
 1.170438e+002  5.404959e-006
 1.176625e+002  5.588534e-006
 1.182813e+002  5.150786e-006
 1.189000e+002  5.331371e-006
 1.195188e+002  1.484413e-005
 1.201375e+002  2.305835e-005
 1.207563e+002  1.011386e-005
 1.213750e+002  5.072469e-006
 1.219938e+002  5.592802e-006
 1.226125e+002  5.629040e-006
 1.232313e+002  5.279234e-006
 1.238500e+002  5.357380e-006
 1.244688e+002  4.879044e-006
 1.250875e+002  5.123021e-006
 1.257063e+002  5.102293e-006
 1.263250e+002  5.321418e-006
 1.269438e+002  5.247212e-006
 1.275625e+002  5.113980e-006
 1.281813e+002  4.878975e-006
 1.288000e+002  5.249721e-006
 1.294188e+002  5.763834e-006
 1.300375e+002  5.705151e-006
 1.306563e+002  5.316601e-006
 1.312750e+002  5.103722e-006
 1.318938e+002  5.356754e-006
 1.325125e+002  5.712401e-006
 1.331313e+002  5.441432e-006
 1.337500e+002  5.064336e-006
 1.343688e+002  5.003586e-006
 1.349875e+002  4.892670e-006
 1.356063e+002  5.660979e-006
 1.362250e+002  6.178358e-006
 1.368438e+002  5.763979e-006
 1.374625e+002  5.329739e-006
 1.380813e+002  5.085413e-006
 1.387000e+002  5.050599e-006
 1.393188e+002  6.512930e-006
 1.399375e+002  6.573803e-006
 1.405563e+002  5.423959e-006
 1.411750e+002  5.456454e-006
 1.417938e+002  5.226526e-006
 1.424125e+002  5.416869e-006
 1.430313e+002  6.799508e-006
 1.436500e+002  6.031536e-006
 1.442688e+002  5.230561e-006
 1.448875e+002  5.490751e-006
 1.455063e+002  5.574019e-006
 1.461250e+002  6.872508e-006
 1.467438e+002  9.753980e-006
 1.473625e+002  1.417551e-005
 1.479813e+002  3.215884e-005
 1.486000e+002  1.118939e-004
 1.492188e+002  2.275368e-003
 1.498375e+002  5.787408e-003
 1.504563e+002  3.633166e-003
 1.510750e+002  2.109401e-004
 1.516938e+002  4.598046e-005
 1.523125e+002  1.770145e-005
 1.529313e+002  1.064423e-005
 1.535500e+002  7.963437e-006
 1.541688e+002  6.185647e-006
 1.547875e+002  5.194514e-006
 1.554063e+002  5.357106e-006
 1.560250e+002  5.397998e-006
 1.566438e+002  6.290983e-006
 1.572625e+002  5.842001e-006
 1.578813e+002  5.055145e-006
 1.585000e+002  5.229414e-006
 1.591188e+002  5.151811e-006
 1.597375e+002  5.631774e-006
 1.603563e+002  6.135588e-006
 1.609750e+002  5.208631e-006
 1.615938e+002  4.955559e-006
 1.622125e+002  4.944736e-006
 1.628313e+002  5.416666e-006
 1.634500e+002  6.432658e-006
 1.640688e+002  6.146108e-006
 1.646875e+002  5.190957e-006
 1.653063e+002  5.364142e-006
 1.659250e+002  5.131306e-006
 1.665438e+002  5.157290e-006
 1.671625e+002  5.667102e-006
 1.677813e+002  5.046575e-006
 1.684000e+002  4.806522e-006
 1.690188e+002  5.299414e-006
 1.696375e+002  5.289777e-006
 1.702563e+002  5.395955e-006
 1.708750e+002  5.328727e-006
 1.714938e+002  5.046721e-006
 1.721125e+002  4.987254e-006
 1.727313e+002  4.947468e-006
 1.733500e+002  5.112821e-006
 1.739688e+002  5.248866e-006
 1.745875e+002  5.114645e-006
 1.752063e+002  4.769212e-006
 1.758250e+002  5.060710e-006
 1.764438e+002  5.306695e-006
 1.770625e+002  5.327126e-006
 1.776813e+002  5.318152e-006
 1.783000e+002  4.926290e-006
 1.789188e+002  4.805611e-006
 1.795375e+002  5.494804e-006
 1.801563e+002  6.263022e-006
 1.807750e+002  5.364629e-006
 1.813938e+002  5.028605e-006
 1.820125e+002  5.143044e-006
 1.826313e+002  5.144097e-006
 1.832500e+002  4.886404e-006
 1.838688e+002  4.753936e-006
 1.844875e+002  4.954215e-006
 1.851063e+002  5.004967e-006
 1.857250e+002  4.954861e-006
 1.863438e+002  4.867385e-006
 1.869625e+002  4.933586e-006
 1.875813e+002  4.997995e-006
 1.882000e+002  4.853215e-006
 1.888188e+002  4.840886e-006
 1.894375e+002  4.801247e-006
 1.900563e+002  4.740350e-006
 1.906750e+002  4.686406e-006
 1.912938e+002  4.945143e-006
 1.919125e+002  5.108402e-006
 1.925313e+002  4.902968e-006
 1.931500e+002  4.787669e-006
 1.937688e+002  4.863733e-006
 1.943875e+002  4.812743e-006
 1.950063e+002  5.146452e-006
 1.956250e+002  4.839594e-006
 1.962438e+002  4.928588e-006
 1.968625e+002  5.255729e-006
 1.974813e+002  4.940009e-006
 1.981000e+002  4.953240e-006
 1.987188e+002  6.474385e-006
 1.993375e+002  1.210357e-004
 1.999563e+002  2.166156e-004
 2.005750e+002  9.762480e-005
 2.011938e+002  5.805565e-006
 2.018125e+002  5.160344e-006
 2.024313e+002  5.164313e-006
 2.030500e+002  5.160481e-006
 2.036688e+002  5.316647e-006
 2.042875e+002  4.987471e-006
 2.049063e+002  5.151488e-006
 2.055250e+002  5.148222e-006
 2.061438e+002  5.309470e-006
 2.067625e+002  5.154332e-006
 2.073813e+002  5.063855e-006
 2.080000e+002  5.041423e-006
 2.086188e+002  4.767375e-006
 2.092375e+002  4.629762e-006
 2.098563e+002  5.257887e-006
 2.104750e+002  5.492295e-006
 2.110938e+002  5.168241e-006
 2.117125e+002  5.034473e-006
 2.123313e+002  5.196570e-006
 2.129500e+002  5.121610e-006
 2.135688e+002  5.189786e-006
 2.141875e+002  5.365371e-006
 2.148063e+002  5.355160e-006
 2.154250e+002  5.052908e-006
 2.160438e+002  4.954553e-006
 2.166625e+002  5.235778e-006
 2.172813e+002  5.273835e-006
 2.179000e+002  5.039585e-006
 2.185188e+002  5.340282e-006
 2.191375e+002  5.344044e-006
 2.197563e+002  5.051511e-006
 2.203750e+002  4.875006e-006
 2.209938e+002  5.087592e-006
 2.216125e+002  4.982513e-006
 2.222313e+002  5.316136e-006
 2.228500e+002  5.359228e-006
 2.234688e+002  5.077226e-006
 2.240875e+002  4.957161e-006
 2.247063e+002  5.148882e-006
 2.253250e+002  5.238674e-006
 2.259438e+002  5.715314e-006
 2.265625e+002  5.211165e-006
 2.271813e+002  4.553380e-006
 2.278000e+002  5.029105e-006
 2.284188e+002  5.385549e-006
 2.290375e+002  5.993629e-006
 2.296563e+002  6.434359e-006
 2.302750e+002  5.554548e-006
 2.308938e+002  4.969738e-006
 2.315125e+002  4.688160e-006
 2.321313e+002  5.475991e-006
 2.327500e+002  7.003335e-006
 2.333688e+002  5.793584e-006
 2.339875e+002  4.879048e-006
 2.346063e+002  4.853264e-006
 2.352250e+002  5.311416e-006
 2.358438e+002  7.048244e-006
 2.364625e+002  7.141026e-006
 2.370813e+002  5.527438e-006
 2.377000e+002  5.503677e-006
 2.383188e+002  6.349303e-006
 2.389375e+002  7.782028e-006
 2.395563e+002  1.012883e-005
 2.401750e+002  1.114957e-005
 2.407938e+002  6.390075e-006
 2.414125e+002  5.273303e-006
 2.420313e+002  5.544240e-006
 2.426500e+002  7.576485e-006
 2.432688e+002  8.581691e-006
 2.438875e+002  5.186312e-006
 2.445063e+002  4.717732e-006
 2.451250e+002  5.207694e-006
 2.457438e+002  6.350199e-006
 2.463625e+002  9.205746e-006
 2.469813e+002  9.582693e-006
 2.476000e+002  1.670275e-005
 2.482188e+002  4.427532e-005
 2.488375e+002  2.431419e-004
 2.494563e+002  2.064089e-003
 2.500750e+002  2.695852e-003
 2.506938e+002  8.361098e-004
 2.513125e+002  7.214382e-005
 2.519313e+002  2.306478e-005
 2.525500e+002  1.085403e-005
 2.531688e+002  1.007402e-005
 2.537875e+002  7.615864e-006
 2.544063e+002  5.303381e-006
 2.550250e+002  4.921328e-006
 2.556438e+002  4.875939e-006
 2.562625e+002  6.761819e-006
 2.568813e+002  8.368656e-006
 2.575000e+002  5.661294e-006
 2.581188e+002  4.784641e-006
 2.587375e+002  4.666060e-006
 2.593563e+002  5.176776e-006
 2.599750e+002  7.767494e-006
 2.605938e+002  7.049251e-006
 2.612125e+002  4.855109e-006
 2.618313e+002  4.822897e-006
 2.624500e+002  5.112691e-006
 2.630688e+002  6.760244e-006
 2.636875e+002  7.724211e-006
 2.643063e+002  5.452086e-006
 2.649250e+002  4.707904e-006
 2.655438e+002  4.749848e-006
 2.661625e+002  5.421016e-006
 2.667813e+002  6.734018e-006
 2.674000e+002  6.246853e-006
 2.680188e+002  5.090360e-006
 2.686375e+002  4.912538e-006
 2.692563e+002  4.952244e-006
 2.698750e+002  5.849850e-006
 2.704938e+002  6.112840e-006
 2.711125e+002  5.256485e-006
 2.717313e+002  5.230989e-006
 2.723500e+002  5.284914e-006
 2.729688e+002  4.922726e-006
 2.735875e+002  5.000188e-006
 2.742063e+002  5.406196e-006
 2.748250e+002  5.406295e-006
 2.754438e+002  5.193406e-006
 2.760625e+002  5.130762e-006
 2.766813e+002  5.089994e-006
 2.773000e+002  5.415202e-006
 2.779188e+002  5.245146e-006
 2.785375e+002  5.119275e-006
 2.791563e+002  5.068848e-006
 2.797750e+002  5.296226e-006
 2.803938e+002  5.301359e-006
 2.810125e+002  5.028653e-006
 2.816313e+002  5.006782e-006
 2.822500e+002  4.916784e-006
 2.828688e+002  4.766234e-006
 2.834875e+002  4.797319e-006
 2.841063e+002  4.829802e-006
 2.847250e+002  4.593982e-006
 2.853438e+002  5.217212e-006
 2.859625e+002  4.832077e-006
 2.865813e+002  4.671548e-006
 2.872000e+002  4.872869e-006
 2.878188e+002  5.140323e-006
 2.884375e+002  4.837930e-006
 2.890563e+002  4.826517e-006
 2.896750e+002  4.964359e-006
 2.902938e+002  4.430296e-006
 2.909125e+002  4.403754e-006
 2.915313e+002  4.725664e-006
 2.921500e+002  4.915776e-006
 2.927688e+002  5.370954e-006
 2.933875e+002  4.865277e-006
 2.940063e+002  4.885200e-006
 2.946250e+002  4.768964e-006
 2.952438e+002  4.433882e-006
 2.958625e+002  5.028038e-006
 2.964813e+002  5.469677e-006
 2.971000e+002  5.433292e-006
 2.977188e+002  5.116229e-006
 2.983375e+002  6.705411e-006
 2.989563e+002  3.691429e-005
 2.995750e+002  1.641577e-004
 3.001938e+002  1.589479e-004
 3.008125e+002  3.242724e-005
 3.014313e+002  6.135044e-006
 3.020500e+002  5.018317e-006
 3.026688e+002  5.088191e-006
 3.032875e+002  5.107181e-006
 3.039063e+002  5.198617e-006
 3.045250e+002  5.071634e-006
 3.051438e+002  5.237017e-006
 3.057625e+002  4.865560e-006
 3.063813e+002  4.768965e-006
 3.070000e+002  5.208809e-006
 3.076188e+002  5.088210e-006
 3.082375e+002  5.153090e-006
 3.088563e+002  5.037785e-006
 3.094750e+002  4.773642e-006
 3.100938e+002  5.021501e-006
 3.107125e+002  5.021413e-006
 3.113313e+002  4.992598e-006
 3.119500e+002  5.087700e-006
 3.125688e+002  4.961464e-006
 3.131875e+002  5.482076e-006
 3.138063e+002  5.423310e-006
 3.144250e+002  5.095973e-006
 3.150437e+002  4.543368e-006
 3.156625e+002  4.580101e-006
 3.162812e+002  4.739592e-006
 3.169000e+002  4.618032e-006
 3.175187e+002  4.759803e-006
 3.181375e+002  5.613941e-006
 3.187562e+002  5.532711e-006
 3.193750e+002  4.718383e-006
 3.199937e+002  4.528482e-006
 3.206125e+002  4.769552e-006
 3.212312e+002  4.926257e-006
 3.218500e+002  5.268576e-006
 3.224687e+002  5.359868e-006
 3.230875e+002  4.971734e-006
 3.237062e+002  5.309175e-006
 3.243250e+002  4.946915e-006
 3.249437e+002  4.959922e-006
 3.255625e+002  6.139430e-006
 3.261812e+002  5.822337e-006
 3.268000e+002  5.040363e-006
 3.274187e+002  5.064514e-006
 3.280375e+002  4.978644e-006
 3.286562e+002  5.350136e-006
 3.292750e+002  6.177931e-006
 3.298937e+002  5.817900e-006
 3.305125e+002  4.968738e-006
 3.311312e+002  4.702851e-006
 3.317500e+002  5.169030e-006
 3.323687e+002  6.299743e-006
 3.329875e+002  6.473598e-006
 3.336062e+002  5.408335e-006
 3.342250e+002  4.917621e-006
 3.348437e+002  5.102731e-006
 3.354625e+002  5.773630e-006
 3.360812e+002  7.181067e-006
 3.367000e+002  5.964780e-006
 3.373187e+002  5.303119e-006
 3.379375e+002  5.282103e-006
 3.385562e+002  4.946440e-006
 3.391750e+002  6.525682e-006
 3.397937e+002  7.721823e-006
 3.404125e+002  5.603911e-006
 3.410312e+002  4.871721e-006
 3.416500e+002  4.916080e-006
 3.422687e+002  5.854682e-006
 3.428875e+002  8.387679e-006
 3.435062e+002  6.935516e-006
 3.441250e+002  5.065727e-006
 3.447437e+002  4.441988e-006
 3.453625e+002  4.756629e-006
 3.459812e+002  7.256708e-006
 3.466000e+002  8.606964e-006
 3.472187e+002  5.100381e-006
 3.478375e+002  6.336918e-006
 3.484562e+002  1.480130e-005
 3.490750e+002  1.956408e-004
 3.496937e+002  5.669983e-004
 3.503125e+002  4.060166e-004
 3.509312e+002  4.269412e-005
 3.515500e+002  9.061693e-006
 3.521687e+002  5.927836e-006
 3.527875e+002  7.721548e-006
 3.534062e+002  8.994647e-006
 3.540250e+002  5.732252e-006
 3.546437e+002  4.920057e-006
 3.552625e+002  4.962245e-006
 3.558812e+002  5.642461e-006
 3.565000e+002  8.434321e-006
 3.571187e+002  7.195264e-006
 3.577375e+002  4.848700e-006
 3.583562e+002  4.631620e-006
 3.589750e+002  4.768171e-006
 3.595937e+002  1.364140e-005
 3.602125e+002  2.186505e-005
 3.608312e+002  1.044641e-005
 3.614500e+002  5.347944e-006
 3.620687e+002  5.169125e-006
 3.626875e+002  5.484947e-006
 3.633062e+002  7.374106e-006
 3.639250e+002  7.067552e-006
 3.645437e+002  5.257188e-006
 3.651625e+002  5.107039e-006
 3.657812e+002  5.113675e-006
 3.664000e+002  6.168153e-006
 3.670187e+002  7.312951e-006
 3.676375e+002  5.673292e-006
 3.682562e+002  4.733109e-006
 3.688750e+002  4.889752e-006
 3.694937e+002  5.439015e-006
 3.701125e+002  6.452965e-006
 3.707312e+002  5.946963e-006
 3.713500e+002  5.068483e-006
 3.719687e+002  5.075674e-006
 3.725875e+002  4.807765e-006
 3.732062e+002  5.607725e-006
 3.738250e+002  6.106220e-006
 3.744437e+002  5.588289e-006
 3.750625e+002  5.307107e-006
 3.756812e+002  5.097129e-006
 3.763000e+002  5.161101e-006
 3.769187e+002  5.743190e-006
 3.775375e+002  5.555620e-006
 3.781562e+002  4.986289e-006
 3.787750e+002  4.924042e-006
 3.793937e+002  4.723154e-006
 3.800125e+002  4.810799e-006
 3.806312e+002  4.975100e-006
 3.812500e+002  4.573189e-006
 3.818687e+002  5.034286e-006
 3.824875e+002  5.209210e-006
 3.831062e+002  5.035805e-006
 3.837250e+002  4.939497e-006
 3.843437e+002  4.784444e-006
 3.849625e+002  4.666817e-006
 3.855812e+002  4.818264e-006
 3.862000e+002  4.907605e-006
 3.868187e+002  4.817233e-006
 3.874375e+002  5.138944e-006
 3.880562e+002  4.974809e-006
 3.886750e+002  4.564046e-006
 3.892937e+002  4.653205e-006
 3.899125e+002  4.665420e-006
 3.905312e+002  4.989158e-006
 3.911500e+002  4.955563e-006
 3.917687e+002  4.617204e-006
 3.923875e+002  4.734788e-006
 3.930062e+002  4.871506e-006
 3.936250e+002  5.130336e-006
 3.942437e+002  4.996158e-006
 3.948625e+002  4.756521e-006
 3.954812e+002  4.821355e-006
 3.961000e+002  5.080682e-006
 3.967187e+002  5.334926e-006
 3.973375e+002  5.675904e-006
 3.979562e+002  5.908981e-006
 3.985750e+002  7.259715e-006
 3.991937e+002  1.085628e-004
 3.998125e+002  2.180899e-004
 4.004312e+002  1.144312e-004
 4.010500e+002  6.771713e-006
 4.016687e+002  4.729902e-006
 4.022875e+002  4.535298e-006
 4.029062e+002  4.900701e-006
 4.035250e+002  4.820093e-006
 4.041437e+002  4.777223e-006
 4.047625e+002  4.520370e-006
 4.053812e+002  4.676386e-006
 4.060000e+002  4.676064e-006
 4.066187e+002  4.645127e-006
 4.072375e+002  4.846556e-006
 4.078562e+002  5.150216e-006
 4.084750e+002  4.670362e-006
 4.090937e+002  4.641179e-006
 4.097125e+002  4.951034e-006
 4.103312e+002  4.777473e-006
 4.109500e+002  4.618404e-006
 4.115687e+002  4.724241e-006
 4.121875e+002  5.158161e-006
 4.128062e+002  5.069451e-006
 4.134250e+002  5.058367e-006
 4.140437e+002  5.029343e-006
 4.146625e+002  4.830240e-006
 4.152812e+002  4.776250e-006
 4.159000e+002  4.880058e-006
 4.165187e+002  4.944840e-006
 4.171375e+002  4.742619e-006
 4.177562e+002  4.919958e-006
 4.183750e+002  4.991780e-006
 4.189937e+002  4.788189e-006
 4.196125e+002  1.304782e-005
 4.202312e+002  2.164520e-005
 4.208500e+002  1.042743e-005
 4.214687e+002  4.798414e-006
 4.220875e+002  5.014648e-006
 4.227062e+002  5.183697e-006
 4.233250e+002  5.116661e-006
 4.239437e+002  5.159906e-006
 4.245625e+002  5.150015e-006
 4.251812e+002  4.808528e-006
 4.258000e+002  5.326384e-006
 4.264187e+002  5.298345e-006
 4.270375e+002  5.114068e-006
 4.276562e+002  4.855582e-006
 4.282750e+002  5.054571e-006
 4.288937e+002  5.497209e-006
 4.295125e+002  5.790359e-006
 4.301312e+002  5.076850e-006
 4.307500e+002  4.405118e-006
 4.313687e+002  4.993882e-006
 4.319875e+002  5.596136e-006
 4.326062e+002  6.064033e-006
 4.332250e+002  5.571334e-006
 4.338437e+002  4.986644e-006
 4.344625e+002  4.751307e-006
 4.350812e+002  4.840543e-006
 4.357000e+002  6.197205e-006
 4.363187e+002  6.930713e-006
 4.369375e+002  5.491491e-006
 4.375562e+002  5.130465e-006
 4.381750e+002  4.966120e-006
 4.387937e+002  5.367344e-006
 4.394125e+002  7.529149e-006
 4.400312e+002  6.110070e-006
 4.406500e+002  4.618257e-006
 4.412687e+002  4.783497e-006
 4.418875e+002  4.849765e-006
 4.425062e+002  6.514232e-006
 4.431250e+002  7.616263e-006
 4.437437e+002  5.364217e-006
 4.443625e+002  4.975814e-006
 4.449812e+002  4.936888e-006
 4.456000e+002  5.362401e-006
 4.462187e+002  8.047202e-006
 4.468375e+002  6.784540e-006
 4.474562e+002  5.340500e-006
 4.480750e+002  7.262734e-006
 4.486937e+002  3.353779e-005
 4.493125e+002  3.323243e-004
 4.499312e+002  4.874103e-004
 4.505500e+002  1.818170e-004
 4.511687e+002  1.199226e-005
 4.517875e+002  5.797990e-006
 4.524062e+002  5.414578e-006
 4.530250e+002  8.335289e-006
 4.536437e+002  6.852709e-006
 4.542625e+002  4.709313e-006
 4.548812e+002  4.556415e-006
 4.555000e+002  5.006024e-006
 4.561187e+002  6.751978e-006
 4.567375e+002  8.224923e-006
 4.573562e+002  5.498893e-006
 4.579750e+002  4.788482e-006
 4.585937e+002  4.744742e-006
 4.592125e+002  5.013129e-006
 4.598312e+002  7.216765e-006
 4.604500e+002  7.080974e-006
 4.610687e+002  5.348629e-006
 4.616875e+002  5.272235e-006
 4.623062e+002  5.911970e-006
 4.629250e+002  6.926037e-006
 4.635437e+002  7.362506e-006
 4.641625e+002  5.244260e-006
 4.647812e+002  4.399993e-006
 4.654000e+002  4.811875e-006
 4.660187e+002  5.476185e-006
 4.666375e+002  6.164667e-006
 4.672562e+002  6.129948e-006
 4.678750e+002  5.054025e-006
 4.684937e+002  4.943148e-006
 4.691125e+002  5.007662e-006
 4.697312e+002  4.917245e-006
 4.703500e+002  5.856177e-006
 4.709687e+002  5.401756e-006
 4.715875e+002  4.822711e-006
 4.722062e+002  4.953111e-006
 4.728250e+002  5.178213e-006
 4.734437e+002  5.440918e-006
 4.740625e+002  5.371490e-006
 4.746812e+002  5.404928e-006
 4.753000e+002  5.185737e-006
 4.759187e+002  5.289351e-006
 4.765375e+002  5.237307e-006
 4.771562e+002  5.352231e-006
 4.777750e+002  5.162589e-006
 4.783937e+002  5.210157e-006
 4.790125e+002  5.354577e-006
 4.796312e+002  1.404390e-005
 4.802500e+002  2.297191e-005
 4.808687e+002  1.121146e-005
 4.814875e+002  5.188932e-006
 4.821062e+002  5.048855e-006
 4.827250e+002  4.881843e-006
 4.833437e+002  4.677289e-006
 4.839625e+002  4.457053e-006
 4.845812e+002  4.973125e-006
 4.852000e+002  4.974262e-006
 4.858187e+002  5.031533e-006
 4.864375e+002  4.971225e-006
 4.870562e+002  4.586073e-006
 4.876750e+002  4.738524e-006
 4.882937e+002  5.023346e-006
 4.889125e+002  5.174121e-006
 4.895312e+002  5.136855e-006
 4.901500e+002  4.757265e-006
 4.907687e+002  4.694360e-006
 4.913875e+002  4.878657e-006
 4.920062e+002  4.788394e-006
 4.926250e+002  5.167347e-006
 4.932437e+002  5.179403e-006
 4.938625e+002  5.291229e-006
 4.944812e+002  5.099062e-006
 4.951000e+002  4.994797e-006
 4.957187e+002  4.621615e-006
 4.963375e+002  4.772508e-006
 4.969562e+002  5.200643e-006
 4.975750e+002  5.282288e-006
 4.981937e+002  6.150743e-006
 4.988125e+002  2.526903e-005
 4.994312e+002  1.293408e-004
 5.000500e+002  1.407314e-004
 5.006687e+002  3.610277e-005
 5.012875e+002  5.967834e-006
 5.019062e+002  4.923671e-006
 5.025250e+002  5.141764e-006
 5.031437e+002  4.961045e-006
 5.037625e+002  5.013898e-006
 5.043812e+002  4.985685e-006
 5.050000e+002  4.868315e-006
 5.056187e+002  4.669171e-006
 5.062375e+002  4.993367e-006
 5.068562e+002  4.949214e-006
 5.074750e+002  4.830972e-006
 5.080937e+002  4.773257e-006
 5.087125e+002  4.554321e-006
 5.093312e+002  4.571743e-006
 5.099500e+002  4.953865e-006
 5.105687e+002  5.078901e-006
 5.111875e+002  5.417226e-006
 5.118062e+002  5.041241e-006
 5.124250e+002  4.865185e-006
 5.130437e+002  4.822533e-006
 5.136625e+002  5.044057e-006
 5.142812e+002  4.692438e-006
 5.149000e+002  4.744596e-006
 5.155187e+002  4.573592e-006
 5.161375e+002  4.842388e-006
 5.167562e+002  4.960028e-006
 5.173750e+002  4.987295e-006
 5.179937e+002  4.920362e-006
 5.186125e+002  5.143627e-006
 5.192312e+002  5.287326e-006
 5.198500e+002  4.947359e-006
 5.204687e+002  5.172084e-006
 5.210875e+002  4.959089e-006
 5.217062e+002  4.947838e-006
 5.223250e+002  5.197785e-006
 5.229437e+002  4.961369e-006
 5.235625e+002  4.882715e-006
 5.241812e+002  4.869456e-006
 5.248000e+002  4.666549e-006
 5.254187e+002  5.390370e-006
 5.260375e+002  5.418973e-006
 5.266562e+002  4.923048e-006
 5.272750e+002  4.838932e-006
 5.278937e+002  4.722971e-006
 5.285125e+002  4.958844e-006
 5.291312e+002  5.496287e-006
 5.297500e+002  5.190337e-006
 5.303687e+002  5.080964e-006
 5.309875e+002  4.746518e-006
 5.316062e+002  5.017466e-006
 5.322250e+002  6.141146e-006
 5.328437e+002  6.359340e-006
 5.334625e+002  5.243365e-006
 5.340812e+002  4.676946e-006
 5.347000e+002  4.724484e-006
 5.353187e+002  5.299882e-006
 5.359375e+002  7.359461e-006
 5.365562e+002  6.754648e-006
 5.371750e+002  5.608926e-006
 5.377937e+002  4.977146e-006
 5.384125e+002  5.014386e-006
 5.390312e+002  7.165459e-006
 5.396500e+002  1.636616e-005
 5.402687e+002  2.448715e-005
 5.408875e+002  1.135873e-005
 5.415062e+002  4.751167e-006
 5.421250e+002  5.729090e-006
 5.427437e+002  8.579454e-006
 5.433625e+002  7.206179e-006
 5.439812e+002  4.846024e-006
 5.446000e+002  4.865268e-006
 5.452187e+002  4.618578e-006
 5.458375e+002  6.736467e-006
 5.464562e+002  8.918012e-006
 5.470750e+002  5.615355e-006
 5.476937e+002  5.796515e-006
 5.483125e+002  1.021726e-005
 5.489312e+002  1.059987e-004
 5.495500e+002  3.459021e-004
 5.501687e+002  2.815775e-004
 5.507875e+002  4.370509e-005
 5.514062e+002  8.527774e-006
 5.520250e+002  5.286041e-006
 5.526437e+002  7.162567e-006
 5.532625e+002  9.055778e-006
 5.538812e+002  5.615443e-006
 5.545000e+002  4.737398e-006
 5.551187e+002  5.168812e-006
 5.557375e+002  6.217051e-006
 5.563562e+002  9.092014e-006
 5.569750e+002  8.351518e-006
 5.575937e+002  6.004916e-006
 5.582125e+002  5.624609e-006
 5.588312e+002  5.244213e-006
 5.594500e+002  6.446794e-006
 5.600687e+002  8.573301e-006
 5.606875e+002  6.162943e-006
 5.613062e+002  4.537400e-006
 5.619250e+002  4.652386e-006
 5.625437e+002  5.140707e-006
 5.631625e+002  7.305594e-006
 5.637812e+002  7.071776e-006
 5.644000e+002  5.281479e-006
 5.650187e+002  4.954280e-006
 5.656375e+002  4.768260e-006
 5.662562e+002  5.723079e-006
 5.668750e+002  6.757226e-006
 5.674937e+002  5.712544e-006
 5.681125e+002  5.179073e-006
 5.687312e+002  4.992880e-006
 5.693500e+002  5.395304e-006
 5.699687e+002  6.225878e-006
 5.705875e+002  6.146772e-006
 5.712062e+002  5.057748e-006
 5.718250e+002  4.979102e-006
 5.724437e+002  5.303582e-006
 5.730625e+002  5.342423e-006
 5.736812e+002  5.798858e-006
 5.743000e+002  5.352104e-006
 5.749187e+002  4.810445e-006
 5.755375e+002  4.914963e-006
 5.761562e+002  5.528770e-006
 5.767750e+002  5.576876e-006
 5.773937e+002  5.424026e-006
 5.780125e+002  5.137784e-006
 5.786312e+002  5.191827e-006
 5.792500e+002  5.019623e-006
 5.798687e+002  4.776601e-006
 5.804875e+002  5.323847e-006
 5.811062e+002  5.200396e-006
 5.817250e+002  4.717364e-006
 5.823437e+002  5.032026e-006
 5.829625e+002  5.116487e-006
 5.835812e+002  4.823503e-006
 5.842000e+002  5.064981e-006
 5.848187e+002  5.020494e-006
 5.854375e+002  5.097259e-006
 5.860562e+002  5.426427e-006
 5.866750e+002  4.932749e-006
 5.872937e+002  4.534284e-006
 5.879125e+002  4.735315e-006
 5.885312e+002  4.820701e-006
 5.891500e+002  5.021793e-006
 5.897687e+002  4.983307e-006
 5.903875e+002  4.922686e-006
 5.910062e+002  4.801493e-006
 5.916250e+002  4.793399e-006
 5.922437e+002  5.054590e-006
 5.928625e+002  5.546928e-006
 5.934812e+002  4.839786e-006
 5.941000e+002  4.623327e-006
 5.947187e+002  4.746563e-006
 5.953375e+002  4.748133e-006
 5.959562e+002  5.085860e-006
 5.965750e+002  5.029493e-006
 5.971937e+002  5.070755e-006
 5.978125e+002  5.384436e-006
 5.984312e+002  6.232141e-006
 5.990500e+002  7.253390e-005
 5.996687e+002  1.635594e-004
 6.002875e+002  1.017355e-004
 6.009062e+002  1.387994e-005
 6.015250e+002  5.185296e-006
 6.021437e+002  4.931831e-006
 6.027625e+002  5.024372e-006
 6.033812e+002  5.349522e-006
 6.040000e+002  4.941460e-006
 6.046187e+002  4.933942e-006
 6.052375e+002  4.837765e-006
 6.058562e+002  4.838359e-006
 6.064750e+002  5.145596e-006
 6.070937e+002  5.034629e-006
 6.077125e+002  5.405984e-006
 6.083312e+002  5.202537e-006
 6.089500e+002  5.108413e-006
 6.095687e+002  5.084380e-006
 6.101875e+002  5.069461e-006
 6.108062e+002  4.859506e-006
 6.114250e+002  4.786923e-006
 6.120437e+002  4.766792e-006
 6.126625e+002  4.771524e-006
 6.132812e+002  5.080146e-006
 6.139000e+002  5.224351e-006
 6.145187e+002  5.035969e-006
 6.151375e+002  5.050503e-006
 6.157562e+002  5.093497e-006
 6.163750e+002  5.166352e-006
 6.169937e+002  5.094289e-006
 6.176125e+002  4.721546e-006
 6.182312e+002  4.937287e-006
 6.188500e+002  5.015134e-006
 6.194687e+002  4.942193e-006
 6.200875e+002  4.732781e-006
 6.207062e+002  4.920237e-006
 6.213250e+002  4.928863e-006
 6.219437e+002  5.371698e-006
 6.225625e+002  5.289550e-006
 6.231812e+002  4.948094e-006
 6.238000e+002  4.937620e-006
 6.244187e+002  4.697968e-006
 6.250375e+002  5.040105e-006
 6.256562e+002  5.651715e-006
 6.262750e+002  5.355569e-006
 6.268937e+002  5.002809e-006
 6.275125e+002  4.898949e-006
 6.281312e+002  5.010594e-006
 6.287500e+002  5.863716e-006
 6.293687e+002  6.174631e-006
 6.299875e+002  5.903508e-006
 6.306062e+002  5.124284e-006
 6.312250e+002  4.873855e-006
 6.318437e+002  4.911087e-006
 6.324625e+002  6.201516e-006
 6.330812e+002  5.700205e-006
 6.337000e+002  4.951544e-006
 6.343187e+002  4.905489e-006
 6.349375e+002  4.967154e-006
 6.355562e+002  6.371445e-006
 6.361750e+002  7.302223e-006
 6.367937e+002  5.756924e-006
 6.374125e+002  5.260840e-006
 6.380312e+002  4.949213e-006
 6.386500e+002  5.236683e-006
 6.392687e+002  7.825903e-006
 6.398875e+002  6.896434e-006
 6.405062e+002  4.868446e-006
 6.411250e+002  4.767217e-006
 6.417437e+002  4.839468e-006
 6.423625e+002  6.611233e-006
 6.429812e+002  8.076209e-006
 6.436000e+002  5.488752e-006
 6.442187e+002  4.648206e-006
 6.448375e+002  4.531158e-006
 6.454562e+002  5.047060e-006
 6.460750e+002  7.910293e-006
 6.466937e+002  7.231998e-006
 6.473125e+002  5.032338e-006
 6.479312e+002  5.060356e-006
 6.485500e+002  1.130859e-005
 6.491687e+002  1.063613e-004
 6.497875e+002  1.723647e-004
 6.504062e+002  7.601002e-005
 6.510250e+002  6.612131e-006
 6.516437e+002  5.549556e-006
 6.522625e+002  5.796183e-006
 6.528812e+002  8.149224e-006
 6.535000e+002  7.157974e-006
 6.541187e+002  4.588541e-006
 6.547375e+002  4.901507e-006
 6.553562e+002  4.991331e-006
 6.559750e+002  5.745933e-006
 6.565937e+002  7.948439e-006
 6.572125e+002  5.643087e-006
 6.578312e+002  4.607002e-006
 6.584500e+002  4.728721e-006
 6.590687e+002  5.219716e-006
 6.596875e+002  1.514285e-005
 6.603062e+002  2.492388e-005
 6.609250e+002  1.196140e-005
 6.615437e+002  4.663166e-006
 6.621625e+002  5.055492e-006
 6.627812e+002  5.896687e-006
 6.634000e+002  7.220370e-006
 6.640187e+002  5.876780e-006
 6.646375e+002  4.581378e-006
 6.652562e+002  4.791135e-006
 6.658750e+002  5.290561e-006
 6.664937e+002  6.166553e-006
 6.671125e+002  6.677237e-006
 6.677312e+002  5.184526e-006
 6.683500e+002  4.515564e-006
 6.689687e+002  4.856728e-006
 6.695875e+002  5.369118e-006
 6.702062e+002  6.203983e-006
 6.708250e+002  5.532314e-006
 6.714437e+002  4.747314e-006
 6.720625e+002  4.951559e-006
 6.726812e+002  5.060884e-006
 6.733000e+002  5.189037e-006
 6.739187e+002  5.486683e-006
 6.745375e+002  5.139447e-006
 6.751562e+002  4.866115e-006
 6.757750e+002  4.755729e-006
 6.763937e+002  4.835844e-006
 6.770125e+002  5.081796e-006
 6.776312e+002  4.863293e-006
 6.782500e+002  4.734308e-006
 6.788687e+002  4.742541e-006
 6.794875e+002  4.602757e-006
 6.801062e+002  4.753451e-006
 6.807250e+002  4.977974e-006
 6.813437e+002  4.984759e-006
 6.819625e+002  4.760527e-006
 6.825812e+002  4.596734e-006
 6.832000e+002  4.997660e-006
 6.838187e+002  4.696823e-006
 6.844375e+002  4.933386e-006
 6.850562e+002  4.924013e-006
 6.856750e+002  4.787890e-006
 6.862937e+002  4.821415e-006
 6.869125e+002  4.926795e-006
 6.875312e+002  4.768241e-006
 6.881500e+002  4.881260e-006
 6.887687e+002  5.170133e-006
 6.893875e+002  4.735937e-006
 6.900062e+002  4.251979e-006
 6.906250e+002  4.484811e-006
 6.912437e+002  4.919675e-006
 6.918625e+002  5.080632e-006
 6.924812e+002  5.084266e-006
 6.931000e+002  4.970408e-006
 6.937187e+002  4.543990e-006
 6.943375e+002  4.834889e-006
 6.949562e+002  5.003480e-006
 6.955750e+002  4.902080e-006
 6.961937e+002  5.138585e-006
 6.968125e+002  4.938773e-006
 6.974312e+002  4.609638e-006
 6.980500e+002  5.153870e-006
 6.986687e+002  1.689220e-005
 6.992875e+002  9.140537e-005
 6.999062e+002  1.103591e-004
 7.005250e+002  3.496520e-005
 7.011437e+002  5.573149e-006
 7.017625e+002  4.662382e-006
 7.023812e+002  4.893371e-006
 7.030000e+002  5.046577e-006
 7.036187e+002  5.023246e-006
 7.042375e+002  4.870287e-006
 7.048562e+002  5.016551e-006
 7.054750e+002  4.901130e-006
 7.060937e+002  4.998827e-006
 7.067125e+002  4.921136e-006
 7.073312e+002  4.597800e-006
 7.079500e+002  4.480332e-006
 7.085687e+002  4.613721e-006
 7.091875e+002  4.736880e-006
 7.098062e+002  4.745014e-006
 7.104250e+002  5.087040e-006
 7.110437e+002  4.851573e-006
 7.116625e+002  4.568169e-006
 7.122812e+002  4.594015e-006
 7.129000e+002  4.819596e-006
 7.135187e+002  4.850348e-006
 7.141375e+002  5.102988e-006
 7.147562e+002  5.183521e-006
 7.153750e+002  5.187506e-006
 7.159937e+002  5.455088e-006
 7.166125e+002  5.647161e-006
 7.172312e+002  5.852800e-006
 7.178500e+002  5.357029e-006
 7.184687e+002  5.048795e-006
 7.190875e+002  5.292789e-006
 7.197062e+002  1.409460e-005
 7.203250e+002  2.387418e-005
 7.209437e+002  1.130445e-005
 7.215625e+002  4.932657e-006
 7.221812e+002  5.147967e-006
 7.228000e+002  4.841678e-006
 7.234187e+002  4.480775e-006
 7.240375e+002  4.741497e-006
 7.246562e+002  5.122898e-006
 7.252750e+002  5.495120e-006
 7.258937e+002  5.236530e-006
 7.265125e+002  5.065781e-006
 7.271312e+002  5.052263e-006
 7.277500e+002  5.106916e-006
 7.283687e+002  5.043985e-006
 7.289875e+002  5.550227e-006
 7.296062e+002  5.380883e-006
 7.302250e+002  4.801142e-006
 7.308437e+002  5.021081e-006
 7.314625e+002  4.982510e-006
 7.320812e+002  5.494789e-006
 7.327000e+002  5.992549e-006
 7.333187e+002  5.466125e-006
 7.339375e+002  4.741996e-006
 7.345562e+002  4.515430e-006
 7.351750e+002  5.232048e-006
 7.357937e+002  6.244823e-006
 7.364125e+002  6.164223e-006
 7.370312e+002  5.305591e-006
 7.376500e+002  4.914829e-006
 7.382687e+002  5.066320e-006
 7.388875e+002  5.848851e-006
 7.395062e+002  6.908953e-006
 7.401250e+002  5.485095e-006
 7.407437e+002  4.835303e-006
 7.413625e+002  5.087027e-006
 7.419812e+002  5.306057e-006
 7.426000e+002  6.837471e-006
 7.432187e+002  6.295172e-006
 7.438375e+002  4.952119e-006
 7.444562e+002  4.939012e-006
 7.450750e+002  4.907489e-006
 7.456937e+002  5.952823e-006
 7.463125e+002  7.519697e-006
 7.469312e+002  5.694737e-006
 7.475500e+002  4.813373e-006
 7.481687e+002  6.295878e-006
 7.487875e+002  3.917465e-005
 7.494062e+002  1.399820e-004
 7.500250e+002  1.286561e-004
 7.506437e+002  2.762331e-005
 7.512625e+002  5.965214e-006
 7.518812e+002  4.952542e-006
 7.525000e+002  5.700055e-006
 7.531187e+002  7.884008e-006
 7.537375e+002  5.563305e-006
 7.543562e+002  4.410480e-006
 7.549750e+002  4.684044e-006
 7.555937e+002  5.375978e-006
 7.562125e+002  6.982960e-006
 7.568312e+002  6.137502e-006
 7.574500e+002  4.423504e-006
 7.580687e+002  4.365195e-006
 7.586875e+002  4.029863e-006
 7.593062e+002  5.137091e-006
 7.599250e+002  6.808205e-006
 7.605437e+002  5.467824e-006
 7.611625e+002  4.590140e-006
 7.617812e+002  4.728127e-006
 7.624000e+002  4.965803e-006
 7.630187e+002  5.815097e-006
 7.636375e+002  5.763120e-006
 7.642562e+002  4.938932e-006
 7.648750e+002  4.908414e-006
 7.654937e+002  5.024706e-006
 7.661125e+002  5.215610e-006
 7.667312e+002  5.702314e-006
 7.673500e+002  5.301188e-006
 7.679687e+002  4.939190e-006
 7.685875e+002  4.751213e-006
 7.692062e+002  4.679972e-006
 7.698250e+002  5.287983e-006
 7.704437e+002  5.599706e-006
 7.710625e+002  5.348428e-006
 7.716812e+002  5.039764e-006
 7.723000e+002  5.321209e-006
 7.729187e+002  5.187907e-006
 7.735375e+002  5.211482e-006
 7.741562e+002  5.037344e-006
 7.747750e+002  4.563729e-006
 7.753937e+002  4.782351e-006
 7.760125e+002  4.749094e-006
 7.766312e+002  5.010862e-006
 7.772500e+002  5.012546e-006
 7.778687e+002  4.644868e-006
 7.784875e+002  4.754676e-006
 7.791062e+002  4.997415e-006
 7.797250e+002  1.342385e-005
 7.803437e+002  2.393120e-005
 7.809625e+002  1.213827e-005
 7.815812e+002  4.507468e-006
 7.822000e+002  4.765206e-006
 7.828187e+002  5.306565e-006
 7.834375e+002  5.151215e-006
 7.840562e+002  4.592785e-006
 7.846750e+002  4.597662e-006
 7.852937e+002  5.104942e-006
 7.859125e+002  5.249690e-006
 7.865312e+002  4.729183e-006
 7.871500e+002  4.737437e-006
 7.877687e+002  4.695622e-006
 7.883875e+002  4.892331e-006
 7.890062e+002  5.423987e-006
 7.896250e+002  5.662116e-006
 7.902437e+002  4.889352e-006
 7.908625e+002  4.868361e-006
 7.914812e+002  4.694800e-006
 7.921000e+002  5.019227e-006
 7.927187e+002  5.395504e-006
 7.933375e+002  5.441817e-006
 7.939562e+002  4.862966e-006
 7.945750e+002  4.676892e-006
 7.951937e+002  4.838153e-006
 7.958125e+002  5.587967e-006
 7.964312e+002  5.456147e-006
 7.970500e+002  4.988532e-006
 7.976687e+002  5.197654e-006
 7.982875e+002  5.357018e-006
 7.989062e+002  3.572761e-005
 7.995250e+002  8.679327e-005
 8.001437e+002  6.047796e-005
 8.007625e+002  9.604955e-006
 8.013812e+002  4.972949e-006
 8.020000e+002  4.680898e-006
 8.026187e+002  5.159854e-006
 8.032375e+002  5.552411e-006
 8.038562e+002  5.099656e-006
 8.044750e+002  5.179536e-006
 8.050937e+002  5.091143e-006
 8.057125e+002  4.903199e-006
 8.063312e+002  5.405060e-006
 8.069500e+002  5.229885e-006
 8.075687e+002  5.040677e-006
 8.081875e+002  5.047211e-006
 8.088062e+002  4.985995e-006
 8.094250e+002  5.011097e-006
 8.100437e+002  5.045850e-006
 8.106625e+002  5.135217e-006
 8.112812e+002  4.917134e-006
 8.119000e+002  4.819261e-006
 8.125187e+002  4.817186e-006
 8.131375e+002  5.088844e-006
 8.137562e+002  5.057858e-006
 8.143750e+002  4.689255e-006
 8.149937e+002  4.469141e-006
 8.156125e+002  4.677463e-006
 8.162312e+002  5.205700e-006
 8.168500e+002  5.432902e-006
 8.174687e+002  4.842177e-006
 8.180875e+002  4.809369e-006
 8.187062e+002  4.802191e-006
 8.193250e+002  4.455575e-006
 8.199437e+002  4.734682e-006
 8.205625e+002  4.696260e-006
 8.211812e+002  4.665009e-006
 8.218000e+002  4.869369e-006
 8.224187e+002  5.322811e-006
 8.230375e+002  5.260090e-006
 8.236562e+002  5.354885e-006
 8.242750e+002  5.067531e-006
 8.248937e+002  4.980749e-006
 8.255125e+002  5.356037e-006
 8.261312e+002  5.552548e-006
 8.267500e+002  5.386688e-006
 8.273687e+002  5.151474e-006
 8.279875e+002  5.286204e-006
 8.286062e+002  6.142390e-006
 8.292250e+002  6.436816e-006
 8.298437e+002  5.534151e-006
 8.304625e+002  4.841533e-006
 8.310812e+002  4.844207e-006
 8.317000e+002  5.453991e-006
 8.323187e+002  6.787032e-006
 8.329375e+002  6.212116e-006
 8.335562e+002  4.674339e-006
 8.341750e+002  4.922305e-006
 8.347937e+002  5.306250e-006
 8.354125e+002  6.160409e-006
 8.360312e+002  7.600718e-006
 8.366500e+002  6.028845e-006
 8.372687e+002  4.886661e-006
 8.378875e+002  4.799630e-006
 8.385062e+002  5.376890e-006
 8.391250e+002  7.842333e-006
 8.397437e+002  1.430799e-005
 8.403625e+002  2.349785e-005
 8.409812e+002  1.177087e-005
 8.416000e+002  4.823588e-006
 8.422187e+002  6.296301e-006
 8.428375e+002  8.918629e-006
 8.434562e+002  6.358364e-006
 8.440750e+002  4.834841e-006
 8.446937e+002  4.578085e-006
 8.453125e+002  5.054144e-006
 8.459312e+002  8.021961e-006
 8.465500e+002  7.666124e-006
 8.471687e+002  4.865525e-006
 8.477875e+002  4.998812e-006
 8.484062e+002  1.054104e-005
 8.490250e+002  8.686514e-005
 8.496437e+002  1.550421e-004
 8.502625e+002  8.121647e-005
 8.508812e+002  8.641878e-006
 8.515000e+002  4.928446e-006
 8.521187e+002  5.240556e-006
 8.527375e+002  8.606971e-006
 8.533562e+002  8.363738e-006
 8.539750e+002  4.962694e-006
 8.545937e+002  4.627859e-006
 8.552125e+002  4.609204e-006
 8.558312e+002  5.721507e-006
 8.564500e+002  8.622737e-006
 8.570687e+002  6.596600e-006
 8.576875e+002  5.264655e-006
 8.583062e+002  4.967808e-006
 8.589250e+002  4.953496e-006
 8.595437e+002  6.830978e-006
 8.601625e+002  7.403265e-006
 8.607812e+002  5.198316e-006
 8.614000e+002  4.948056e-006
 8.620187e+002  4.957578e-006
 8.626375e+002  6.133111e-006
 8.632562e+002  7.863556e-006
 8.638750e+002  6.563731e-006
 8.644937e+002  4.884919e-006
 8.651125e+002  5.059248e-006
 8.657312e+002  5.598862e-006
 8.663500e+002  6.697912e-006
 8.669687e+002  6.715734e-006
 8.675875e+002  5.232341e-006
 8.682062e+002  4.886735e-006
 8.688250e+002  4.836474e-006
 8.694437e+002  5.152576e-006
 8.700625e+002  6.277399e-006
 8.706812e+002  5.690365e-006
 8.713000e+002  5.250142e-006
 8.719187e+002  5.295615e-006
 8.725375e+002  5.371630e-006
 8.731562e+002  5.685237e-006
 8.737750e+002  6.195113e-006
 8.743937e+002  5.607582e-006
 8.750125e+002  5.132883e-006
 8.756312e+002  5.303034e-006
 8.762500e+002  5.601310e-006
 8.768687e+002  5.627142e-006
 8.774875e+002  5.233760e-006
 8.781062e+002  4.924818e-006
 8.787250e+002  4.757847e-006
 8.793437e+002  4.688454e-006
 8.799625e+002  4.938422e-006
 8.805812e+002  5.059447e-006
 8.812000e+002  4.862381e-006
 8.818187e+002  4.921229e-006
 8.824375e+002  5.282871e-006
 8.830562e+002  4.996230e-006
 8.836750e+002  4.931902e-006
 8.842937e+002  4.852248e-006
 8.849125e+002  4.686339e-006
 8.855312e+002  4.763042e-006
 8.861500e+002  4.937610e-006
 8.867687e+002  4.834138e-006
 8.873875e+002  5.017809e-006
 8.880062e+002  4.768772e-006
 8.886250e+002  4.775927e-006
 8.892437e+002  5.014225e-006
 8.898625e+002  4.654583e-006
 8.904812e+002  4.612522e-006
 8.911000e+002  4.754084e-006
 8.917187e+002  4.757341e-006
 8.923375e+002  4.785754e-006
 8.929562e+002  4.614281e-006
 8.935750e+002  4.834583e-006
 8.941937e+002  4.832666e-006
 8.948125e+002  4.722220e-006
 8.954312e+002  4.473884e-006
 8.960500e+002  4.934581e-006
 8.966687e+002  5.043151e-006
 8.972875e+002  5.049230e-006
 8.979062e+002  4.752523e-006
 8.985250e+002  1.015217e-005
 8.991437e+002  5.064480e-005
 8.997625e+002  6.940865e-005
 9.003812e+002  3.538973e-005
 9.010000e+002  1.197432e-005
 9.016187e+002  5.029184e-006
 9.022375e+002  5.212578e-006
 9.028562e+002  5.138949e-006
 9.034750e+002  4.708697e-006
 9.040937e+002  4.579842e-006
 9.047125e+002  4.811772e-006
 9.053312e+002  5.052748e-006
 9.059500e+002  5.131161e-006
 9.065687e+002  5.053436e-006
 9.071875e+002  5.110712e-006
 9.078062e+002  4.674651e-006
 9.084250e+002  4.315633e-006
 9.090437e+002  4.559000e-006
 9.096625e+002  4.935895e-006
 9.102812e+002  5.102239e-006
 9.109000e+002  4.739988e-006
 9.115187e+002  4.846283e-006
 9.121375e+002  4.997955e-006
 9.127562e+002  5.040586e-006
 9.133750e+002  5.165468e-006
 9.139937e+002  4.993117e-006
 9.146125e+002  4.804602e-006
 9.152312e+002  5.063343e-006
 9.158500e+002  5.013976e-006
 9.164687e+002  5.208992e-006
 9.170875e+002  5.223181e-006
 9.177062e+002  5.138840e-006
 9.183250e+002  5.237796e-006
 9.189437e+002  4.768953e-006
 9.195625e+002  4.657501e-006
 9.201812e+002  4.882843e-006
 9.208000e+002  4.978623e-006
 9.214187e+002  4.764799e-006
 9.220375e+002  4.886878e-006
 9.226562e+002  5.271972e-006
 9.232750e+002  5.223869e-006
 9.238937e+002  5.696890e-006
 9.245125e+002  6.321059e-006
 9.251312e+002  7.216879e-006
 9.257500e+002  6.629745e-006
 9.263687e+002  5.742408e-006
 9.269875e+002  5.400991e-006
 9.276062e+002  5.607228e-006
 9.282250e+002  5.642601e-006
 9.288437e+002  6.052005e-006
 9.294625e+002  5.497972e-006
 9.300812e+002  4.902465e-006
 9.307000e+002  4.854620e-006
 9.313187e+002  4.933821e-006
 9.319375e+002  5.783087e-006
 9.325562e+002  6.483812e-006
 9.331750e+002  5.380559e-006
 9.337937e+002  4.790167e-006
 9.344125e+002  4.791563e-006
 9.350312e+002  5.171424e-006
 9.356500e+002  6.435261e-006
 9.362687e+002  6.427423e-006
 9.368875e+002  4.783444e-006
 9.375062e+002  4.610269e-006
 9.381250e+002  4.659176e-006
 9.387437e+002  6.040482e-006
 9.393625e+002  7.269917e-006
 9.399812e+002  5.745269e-006
 9.406000e+002  5.062705e-006
 9.412187e+002  5.043324e-006
 9.418375e+002  5.123469e-006
 9.424562e+002  7.358745e-006
 9.430750e+002  7.373944e-006
 9.436937e+002  5.000858e-006
 9.443125e+002  4.584474e-006
 9.449312e+002  4.831981e-006
 9.455500e+002  5.807518e-006
 9.461687e+002  7.983190e-006
 9.467875e+002  5.908921e-006
 9.474062e+002  4.490064e-006
 9.480250e+002  5.108631e-006
 9.486437e+002  1.266095e-005
 9.492625e+002  4.219727e-005
 9.498812e+002  4.216629e-005
 9.505000e+002  1.235665e-005
 9.511187e+002  4.839659e-006
 9.517375e+002  5.057687e-006
 9.523562e+002  6.453079e-006
 9.529750e+002  8.017197e-006
 9.535937e+002  5.954581e-006
 9.542125e+002  4.578308e-006
 9.548312e+002  5.030213e-006
 9.554500e+002  4.826824e-006
 9.560687e+002  6.623245e-006
 9.566875e+002  7.178204e-006
 9.573062e+002  4.778312e-006
 9.579250e+002  4.676562e-006
 9.585437e+002  5.110050e-006
 9.591625e+002  5.954925e-006
 9.597812e+002  1.373327e-005
 9.604000e+002  2.259391e-005
 9.610187e+002  1.124093e-005
 9.616375e+002  4.932778e-006
 9.622562e+002  5.288349e-006
 9.628750e+002  6.311337e-006
 9.634937e+002  6.523507e-006
 9.641125e+002  5.550809e-006
 9.647312e+002  5.131676e-006
 9.653500e+002  5.073356e-006
 9.659687e+002  5.307798e-006
 9.665875e+002  6.122861e-006
 9.672062e+002  5.506008e-006
 9.678250e+002  4.713572e-006
 9.684437e+002  4.482639e-006
 9.690625e+002  5.054664e-006
 9.696812e+002  5.734525e-006
 9.703000e+002  5.762518e-006
 9.709187e+002  5.463079e-006
 9.715375e+002  5.323231e-006
 9.721562e+002  5.080480e-006
 9.727750e+002  4.736958e-006
 9.733937e+002  5.135612e-006
 9.740125e+002  5.112273e-006
 9.746312e+002  5.398259e-006
 9.752500e+002  5.221423e-006
 9.758687e+002  5.114606e-006
 9.764875e+002  4.838796e-006
 9.771062e+002  5.094092e-006
 9.777250e+002  5.219722e-006
 9.783437e+002  4.881321e-006
 9.789625e+002  4.844036e-006
 9.795812e+002  4.714577e-006
 9.802000e+002  5.130289e-006
 9.808187e+002  4.925205e-006
 9.814375e+002  4.871050e-006
 9.820562e+002  4.568104e-006
 9.826750e+002  4.845241e-006
 9.832937e+002  4.799140e-006
 9.839125e+002  5.028994e-006
 9.845312e+002  5.372613e-006
 9.851500e+002  5.112823e-006
 9.857687e+002  5.286361e-006
 9.863875e+002  4.946136e-006
 9.870062e+002  4.886534e-006
 9.876250e+002  4.579173e-006
 9.882437e+002  4.431541e-006
 9.888625e+002  4.656756e-006
 9.894812e+002  5.013499e-006
 9.901000e+002  4.721218e-006
 9.907187e+002  4.789043e-006
 9.913375e+002  5.026888e-006
 9.919562e+002  5.150637e-006
 9.925750e+002  5.451251e-006
 9.931937e+002  5.143177e-006
 9.938125e+002  4.557575e-006
 9.944312e+002  4.537788e-006
 9.950500e+002  4.728966e-006
 9.956687e+002  4.990987e-006
 9.962875e+002  5.399400e-006
 9.969062e+002  5.165407e-006
 9.975250e+002  4.455682e-006
 9.981437e+002  4.678689e-006
 9.987625e+002  1.653268e-005
 9.993812e+002  4.083655e-005
 1.000000e+003  3.181033e-005
