 1.000000e+000  1.060014e-004
 1.247500e+000  7.348871e-005
 1.495000e+000  6.849636e-005
 1.742500e+000  6.345052e-005
 1.990000e+000  5.865056e-005
 2.237500e+000  4.854459e-005
 2.485000e+000  3.752192e-005
 2.732500e+000  3.408819e-005
 2.980000e+000  3.372773e-005
 3.227500e+000  3.560393e-005
 3.475000e+000  3.350416e-005
 3.722500e+000  2.903682e-005
 3.970000e+000  2.948913e-005
 4.217500e+000  3.142847e-005
 4.465000e+000  3.200710e-005
 4.712500e+000  2.994122e-005
 4.960000e+000  2.676617e-005
 5.207500e+000  2.390302e-005
 5.455000e+000  2.298785e-005
 5.702500e+000  2.286649e-005
 5.950000e+000  2.379142e-005
 6.197500e+000  2.238322e-005
 6.445000e+000  2.121118e-005
 6.692500e+000  2.075541e-005
 6.940000e+000  1.813337e-005
 7.187500e+000  1.703427e-005
 7.435000e+000  1.878100e-005
 7.682500e+000  2.084226e-005
 7.930000e+000  1.939508e-005
 8.177500e+000  1.763218e-005
 8.425000e+000  1.874318e-005
 8.672500e+000  1.683953e-005
 8.920000e+000  1.658927e-005
 9.167500e+000  1.859798e-005
 9.415000e+000  1.737714e-005
 9.662500e+000  1.550514e-005
 9.910000e+000  1.381003e-005
 1.015750e+001  1.378845e-005
 1.040500e+001  1.282568e-005
 1.065250e+001  1.351918e-005
 1.090000e+001  1.398073e-005
 1.114750e+001  1.356839e-005
 1.139500e+001  1.342491e-005
 1.164250e+001  1.457055e-005
 1.189000e+001  1.232434e-005
 1.213750e+001  1.129569e-005
 1.238500e+001  1.109579e-005
 1.263250e+001  1.252359e-005
 1.288000e+001  1.361734e-005
 1.312750e+001  1.406617e-005
 1.337500e+001  1.347997e-005
 1.362250e+001  1.309238e-005
 1.387000e+001  1.147473e-005
 1.411750e+001  1.181331e-005
 1.436500e+001  1.228415e-005
 1.461250e+001  1.125930e-005
 1.486000e+001  1.125498e-005
 1.510750e+001  1.243863e-005
 1.535500e+001  1.213513e-005
 1.560250e+001  1.003050e-005
 1.585000e+001  8.915921e-006
 1.609750e+001  9.828335e-006
 1.634500e+001  1.124147e-005
 1.659250e+001  1.074403e-005
 1.684000e+001  1.140555e-005
 1.708750e+001  1.079975e-005
 1.733500e+001  9.743928e-006
 1.758250e+001  1.018499e-005
 1.783000e+001  1.084014e-005
 1.807750e+001  1.076619e-005
 1.832500e+001  1.075884e-005
 1.857250e+001  1.119774e-005
 1.882000e+001  1.131255e-005
 1.906750e+001  1.015855e-005
 1.931500e+001  8.686843e-006
 1.956250e+001  9.364876e-006
 1.981000e+001  1.044565e-005
 2.005750e+001  9.171355e-006
 2.030500e+001  8.720896e-006
 2.055250e+001  8.188429e-006
 2.080000e+001  9.704969e-006
 2.104750e+001  9.292058e-006
 2.129500e+001  1.028266e-005
 2.154250e+001  9.758260e-006
 2.179000e+001  1.002850e-005
 2.203750e+001  8.113296e-006
 2.228500e+001  7.921495e-006
 2.253250e+001  8.888557e-006
 2.278000e+001  9.002108e-006
 2.302750e+001  8.435485e-006
 2.327500e+001  7.915257e-006
 2.352250e+001  7.538376e-006
 2.377000e+001  8.064264e-006
 2.401750e+001  8.608344e-006
 2.426500e+001  9.463364e-006
 2.451250e+001  8.216505e-006
 2.476000e+001  7.289918e-006
 2.500750e+001  8.291651e-006
 2.525500e+001  8.796126e-006
 2.550250e+001  8.426800e-006
 2.575000e+001  7.398801e-006
 2.599750e+001  8.261871e-006
 2.624500e+001  8.251042e-006
 2.649250e+001  8.345434e-006
 2.674000e+001  7.344174e-006
 2.698750e+001  7.569530e-006
 2.723500e+001  7.836515e-006
 2.748250e+001  7.775444e-006
 2.773000e+001  7.259347e-006
 2.797750e+001  7.413862e-006
 2.822500e+001  6.991576e-006
 2.847250e+001  7.124524e-006
 2.872000e+001  7.652366e-006
 2.896750e+001  8.313075e-006
 2.921500e+001  7.783006e-006
 2.946250e+001  7.911398e-006
 2.971000e+001  8.174103e-006
 2.995750e+001  7.353805e-006
 3.020500e+001  7.048100e-006
 3.045250e+001  7.811465e-006
 3.070000e+001  6.944255e-006
 3.094750e+001  7.214601e-006
 3.119500e+001  6.963504e-006
 3.144250e+001  7.028658e-006
 3.169000e+001  7.628129e-006
 3.193750e+001  7.647027e-006
 3.218500e+001  7.632508e-006
 3.243250e+001  7.275188e-006
 3.268000e+001  8.204097e-006
 3.292750e+001  8.059392e-006
 3.317500e+001  7.602105e-006
 3.342250e+001  7.934746e-006
 3.367000e+001  8.332424e-006
 3.391750e+001  8.197887e-006
 3.416500e+001  6.688304e-006
 3.441250e+001  6.788253e-006
 3.466000e+001  7.857773e-006
 3.490750e+001  7.722849e-006
 3.515500e+001  6.535430e-006
 3.540250e+001  7.202647e-006
 3.565000e+001  6.930708e-006
 3.589750e+001  7.404961e-006
 3.614500e+001  7.729387e-006
 3.639250e+001  7.259886e-006
 3.664000e+001  6.937246e-006
 3.688750e+001  6.494153e-006
 3.713500e+001  6.947814e-006
 3.738250e+001  7.636722e-006
 3.763000e+001  7.383836e-006
 3.787750e+001  7.226791e-006
 3.812500e+001  7.166093e-006
 3.837250e+001  6.953518e-006
 3.862000e+001  6.208225e-006
 3.886750e+001  6.090166e-006
 3.911500e+001  6.173801e-006
 3.936250e+001  7.197637e-006
 3.961000e+001  1.140122e-005
 3.985750e+001  2.205213e-005
 4.010500e+001  1.697354e-005
 4.035250e+001  7.436576e-006
 4.060000e+001  7.015651e-006
 4.084750e+001  6.612049e-006
 4.109500e+001  5.906421e-006
 4.134250e+001  6.140798e-006
 4.159000e+001  6.724192e-006
 4.183750e+001  6.855500e-006
 4.208500e+001  5.628596e-006
 4.233250e+001  6.491074e-006
 4.258000e+001  7.139607e-006
 4.282750e+001  7.857074e-006
 4.307500e+001  6.476890e-006
 4.332250e+001  5.847249e-006
 4.357000e+001  5.813592e-006
 4.381750e+001  5.419351e-006
 4.406500e+001  6.823458e-006
 4.431250e+001  7.728657e-006
 4.456000e+001  6.916141e-006
 4.480750e+001  5.533950e-006
 4.505500e+001  5.852002e-006
 4.530250e+001  6.075938e-006
 4.555000e+001  6.463466e-006
 4.579750e+001  7.187776e-006
 4.604500e+001  7.183653e-006
 4.629250e+001  6.155954e-006
 4.654000e+001  6.070124e-006
 4.678750e+001  7.090461e-006
 4.703500e+001  6.502725e-006
 4.728250e+001  6.479692e-006
 4.753000e+001  6.648363e-006
 4.777750e+001  6.609650e-006
 4.802500e+001  6.974204e-006
 4.827250e+001  5.992169e-006
 4.852000e+001  6.310602e-006
 4.876750e+001  8.405065e-006
 4.901500e+001  1.204624e-005
 4.926250e+001  2.694450e-005
 4.951000e+001  1.170572e-004
 4.975750e+001  3.033811e-003
 5.000500e+001  5.180218e-003
 5.025250e+001  2.196204e-003
 5.050000e+001  7.667037e-005
 5.074750e+001  2.109674e-005
 5.099500e+001  1.139678e-005
 5.124250e+001  7.770011e-006
 5.149000e+001  6.949352e-006
 5.173750e+001  6.474370e-006
 5.198500e+001  5.729461e-006
 5.223250e+001  6.226003e-006
 5.248000e+001  5.761399e-006
 5.272750e+001  6.038034e-006
 5.297500e+001  6.220856e-006
 5.322250e+001  6.727793e-006
 5.347000e+001  6.033352e-006
 5.371750e+001  6.052262e-006
 5.396500e+001  6.166099e-006
 5.421250e+001  5.618967e-006
 5.446000e+001  5.035167e-006
 5.470750e+001  5.885663e-006
 5.495500e+001  5.590264e-006
 5.520250e+001  5.516873e-006
 5.545000e+001  5.717586e-006
 5.569750e+001  6.700353e-006
 5.594500e+001  6.304966e-006
 5.619250e+001  6.829632e-006
 5.644000e+001  5.508955e-006
 5.668750e+001  5.419776e-006
 5.693500e+001  5.382060e-006
 5.718250e+001  5.760948e-006
 5.743000e+001  6.098326e-006
 5.767750e+001  5.674197e-006
 5.792500e+001  6.175480e-006
 5.817250e+001  5.681296e-006
 5.842000e+001  5.496384e-006
 5.866750e+001  6.005975e-006
 5.891500e+001  5.492391e-006
 5.916250e+001  5.937055e-006
 5.941000e+001  7.293701e-006
 5.965750e+001  2.087822e-005
 5.990500e+001  9.709317e-005
 6.015250e+001  9.489517e-005
 6.040000e+001  1.875089e-005
 6.064750e+001  7.077310e-006
 6.089500e+001  5.896314e-006
 6.114250e+001  5.644918e-006
 6.139000e+001  6.089427e-006
 6.163750e+001  6.128843e-006
 6.188500e+001  5.545366e-006
 6.213250e+001  5.438195e-006
 6.238000e+001  6.165372e-006
 6.262750e+001  5.822967e-006
 6.287500e+001  5.838875e-006
 6.312250e+001  6.015269e-006
 6.337000e+001  5.016334e-006
 6.361750e+001  5.119816e-006
 6.386500e+001  4.485063e-006
 6.411250e+001  4.887640e-006
 6.436000e+001  5.920271e-006
 6.460750e+001  6.148770e-006
 6.485500e+001  5.582080e-006
 6.510250e+001  4.832129e-006
 6.535000e+001  5.590882e-006
 6.559750e+001  6.225523e-006
 6.584500e+001  5.895273e-006
 6.609250e+001  6.060188e-006
 6.634000e+001  6.100345e-006
 6.658750e+001  6.094477e-006
 6.683500e+001  5.957123e-006
 6.708250e+001  5.522928e-006
 6.733000e+001  4.971537e-006
 6.757750e+001  5.831366e-006
 6.782500e+001  6.312157e-006
 6.807250e+001  6.580928e-006
 6.832000e+001  6.911287e-006
 6.856750e+001  5.590992e-006
 6.881500e+001  5.260475e-006
 6.906250e+001  5.874967e-006
 6.931000e+001  5.593745e-006
 6.955750e+001  5.812545e-006
 6.980500e+001  5.488406e-006
 7.005250e+001  5.811559e-006
 7.030000e+001  6.463935e-006
 7.054750e+001  6.004863e-006
 7.079500e+001  5.211376e-006
 7.104250e+001  5.751989e-006
 7.129000e+001  5.582549e-006
 7.153750e+001  5.749420e-006
 7.178500e+001  6.068952e-006
 7.203250e+001  5.528199e-006
 7.228000e+001  4.991392e-006
 7.252750e+001  5.437085e-006
 7.277500e+001  5.811045e-006
 7.302250e+001  5.638006e-006
 7.327000e+001  5.760565e-006
 7.351750e+001  6.371047e-006
 7.376500e+001  5.391108e-006
 7.401250e+001  5.614981e-006
 7.426000e+001  5.505556e-006
 7.450750e+001  5.907258e-006
 7.475500e+001  5.339603e-006
 7.500250e+001  4.822985e-006
 7.525000e+001  4.978864e-006
 7.549750e+001  5.485050e-006
 7.574500e+001  5.297990e-006
 7.599250e+001  5.241480e-006
 7.624000e+001  6.111781e-006
 7.648750e+001  5.725069e-006
 7.673500e+001  5.192524e-006
 7.698250e+001  5.593861e-006
 7.723000e+001  5.886929e-006
 7.747750e+001  5.565580e-006
 7.772500e+001  5.290080e-006
 7.797250e+001  5.758864e-006
 7.822000e+001  5.077579e-006
 7.846750e+001  5.614725e-006
 7.871500e+001  4.909196e-006
 7.896250e+001  5.020275e-006
 7.921000e+001  6.214377e-006
 7.945750e+001  1.429943e-005
 7.970500e+001  3.589620e-005
 7.995250e+001  3.752944e-005
 8.020000e+001  1.788587e-005
 8.044750e+001  7.771392e-006
 8.069500e+001  5.690383e-006
 8.094250e+001  5.066492e-006
 8.119000e+001  4.889320e-006
 8.143750e+001  4.942579e-006
 8.168500e+001  5.189739e-006
 8.193250e+001  5.410132e-006
 8.218000e+001  5.622273e-006
 8.242750e+001  5.211672e-006
 8.267500e+001  4.364407e-006
 8.292250e+001  5.046814e-006
 8.317000e+001  5.762333e-006
 8.341750e+001  5.626625e-006
 8.366500e+001  5.522906e-006
 8.391250e+001  5.646818e-006
 8.416000e+001  5.380555e-006
 8.440750e+001  5.272039e-006
 8.465500e+001  5.084893e-006
 8.490250e+001  5.320472e-006
 8.515000e+001  5.994063e-006
 8.539750e+001  5.167479e-006
 8.564500e+001  5.501878e-006
 8.589250e+001  5.523580e-006
 8.614000e+001  4.783546e-006
 8.638750e+001  4.759043e-006
 8.663500e+001  4.737091e-006
 8.688250e+001  4.782976e-006
 8.713000e+001  5.369046e-006
 8.737750e+001  5.761585e-006
 8.762500e+001  5.682660e-006
 8.787250e+001  5.192223e-006
 8.812000e+001  5.461896e-006
 8.836750e+001  5.372192e-006
 8.861500e+001  4.937873e-006
 8.886250e+001  4.924033e-006
 8.911000e+001  5.525606e-006
 8.935750e+001  5.394833e-006
 8.960500e+001  5.324275e-006
 8.985250e+001  5.288296e-006
 9.010000e+001  5.290105e-006
 9.034750e+001  5.244119e-006
 9.059500e+001  5.760592e-006
 9.084250e+001  5.550633e-006
 9.109000e+001  5.259288e-006
 9.133750e+001  5.524134e-006
 9.158500e+001  6.090031e-006
 9.183250e+001  5.460405e-006
 9.208000e+001  5.463765e-006
 9.232750e+001  4.634229e-006
 9.257500e+001  4.681877e-006
 9.282250e+001  5.194560e-006
 9.307000e+001  5.567564e-006
 9.331750e+001  6.167789e-006
 9.356500e+001  5.480190e-006
 9.381250e+001  5.350641e-006
 9.406000e+001  4.998977e-006
 9.430750e+001  5.250123e-006
 9.455500e+001  4.405246e-006
 9.480250e+001  4.958791e-006
 9.505000e+001  4.959149e-006
 9.529750e+001  4.664017e-006
 9.554500e+001  4.727030e-006
 9.579250e+001  4.889114e-006
 9.604000e+001  5.438973e-006
 9.628750e+001  5.689051e-006
 9.653500e+001  5.613317e-006
 9.678250e+001  5.338946e-006
 9.703000e+001  4.846643e-006
 9.727750e+001  4.897495e-006
 9.752500e+001  5.376937e-006
 9.777250e+001  5.934657e-006
 9.802000e+001  6.746557e-006
 9.826750e+001  6.032531e-006
 9.851500e+001  4.692187e-006
 9.876250e+001  4.636887e-006
 9.901000e+001  4.967672e-006
 9.925750e+001  4.783252e-006
 9.950500e+001  7.271791e-006
 9.975250e+001  8.564711e-005
 1.000000e+002  1.335347e-004
