 1.000000e+001  4.355975e-005
 1.061875e+001  3.701786e-005
 1.123750e+001  3.642386e-005
 1.185625e+001  3.360452e-005
 1.247500e+001  3.279852e-005
 1.309375e+001  3.222443e-005
 1.371250e+001  2.932173e-005
 1.433125e+001  2.938730e-005
 1.495000e+001  2.745282e-005
 1.556875e+001  2.754444e-005
 1.618750e+001  2.741669e-005
 1.680625e+001  2.816907e-005
 1.742500e+001  2.674484e-005
 1.804375e+001  2.826097e-005
 1.866250e+001  2.614267e-005
 1.928125e+001  2.447213e-005
 1.990000e+001  2.256745e-005
 2.051875e+001  1.993008e-005
 2.113750e+001  2.117831e-005
 2.175625e+001  2.176269e-005
 2.237500e+001  2.125164e-005
 2.299375e+001  2.279659e-005
 2.361250e+001  2.110812e-005
 2.423125e+001  2.285358e-005
 2.485000e+001  2.091130e-005
 2.546875e+001  2.103546e-005
 2.608750e+001  1.929603e-005
 2.670625e+001  1.975664e-005
 2.732500e+001  2.001588e-005
 2.794375e+001  2.131164e-005
 2.856250e+001  2.188643e-005
 2.918125e+001  2.041202e-005
 2.980000e+001  1.952882e-005
 3.041875e+001  1.953757e-005
 3.103750e+001  2.041495e-005
 3.165625e+001  1.952347e-005
 3.227500e+001  1.880450e-005
 3.289375e+001  1.743450e-005
 3.351250e+001  1.933260e-005
 3.413125e+001  1.936771e-005
 3.475000e+001  2.019829e-005
 3.536875e+001  2.062730e-005
 3.598750e+001  1.891041e-005
 3.660625e+001  1.884805e-005
 3.722500e+001  1.868637e-005
 3.784375e+001  1.796589e-005
 3.846250e+001  1.759873e-005
 3.908125e+001  1.701108e-005
 3.970000e+001  1.736872e-005
 4.031875e+001  1.971514e-005
 4.093750e+001  2.909401e-005
 4.155625e+001  2.414120e-005
 4.217500e+001  1.737643e-005
 4.279375e+001  1.718259e-005
 4.341250e+001  1.692229e-005
 4.403125e+001  1.595353e-005
 4.465000e+001  1.544292e-005
 4.526875e+001  1.606407e-005
 4.588750e+001  1.751002e-005
 4.650625e+001  1.830331e-005
 4.712500e+001  1.875811e-005
 4.774375e+001  1.981480e-005
 4.836250e+001  3.391859e-005
 4.898125e+001  1.553210e-004
 4.960000e+001  1.174426e-003
 5.021875e+001  1.432310e-003
 5.083750e+001  3.951096e-004
 5.145625e+001  4.400768e-005
 5.207500e+001  2.033863e-005
 5.269375e+001  1.547108e-005
 5.331250e+001  1.669387e-005
 5.393125e+001  1.688071e-005
 5.455000e+001  1.581550e-005
 5.516875e+001  1.616180e-005
 5.578750e+001  1.472034e-005
 5.640625e+001  1.469332e-005
 5.702500e+001  1.485396e-005
 5.764375e+001  1.508539e-005
 5.826250e+001  1.570836e-005
 5.888125e+001  1.664306e-005
 5.950000e+001  7.334089e-005
 6.011875e+001  1.149916e-004
 6.073750e+001  4.795906e-005
 6.135625e+001  1.572285e-005
 6.197500e+001  1.518709e-005
 6.259375e+001  1.582657e-005
 6.321250e+001  1.413141e-005
 6.383125e+001  1.286486e-005
 6.445000e+001  1.412780e-005
 6.506875e+001  1.460890e-005
 6.568750e+001  1.446354e-005
 6.630625e+001  1.474270e-005
 6.692500e+001  1.408970e-005
 6.754375e+001  1.484447e-005
 6.816250e+001  1.476460e-005
 6.878125e+001  1.380111e-005
 6.940000e+001  1.478998e-005
 7.001875e+001  1.421121e-005
 7.063750e+001  1.500042e-005
 7.125625e+001  1.418713e-005
 7.187500e+001  1.340658e-005
 7.249375e+001  1.323224e-005
 7.311250e+001  1.397224e-005
 7.373125e+001  1.581783e-005
 7.435000e+001  1.538394e-005
 7.496875e+001  1.407193e-005
 7.558750e+001  1.475056e-005
 7.620625e+001  1.397180e-005
 7.682500e+001  1.437928e-005
 7.744375e+001  1.535256e-005
 7.806250e+001  1.583649e-005
 7.868125e+001  1.366816e-005
 7.930000e+001  1.379358e-005
 7.991875e+001  1.436156e-005
 8.053750e+001  1.517492e-005
 8.115625e+001  1.509907e-005
 8.177500e+001  2.351936e-005
 8.239375e+001  2.800444e-005
 8.301250e+001  1.670917e-005
 8.363125e+001  1.498419e-005
 8.425000e+001  1.427797e-005
 8.486875e+001  1.414247e-005
 8.548750e+001  1.327088e-005
 8.610625e+001  1.348247e-005
 8.672500e+001  1.463115e-005
 8.734375e+001  1.473718e-005
 8.796250e+001  1.398033e-005
 8.858125e+001  1.363356e-005
 8.920000e+001  1.280312e-005
 8.981875e+001  1.260055e-005
 9.043750e+001  1.253861e-005
 9.105625e+001  1.410095e-005
 9.167500e+001  1.261954e-005
 9.229375e+001  1.178308e-005
 9.291250e+001  1.287678e-005
 9.353125e+001  1.204541e-005
 9.415000e+001  1.224507e-005
 9.476875e+001  1.346767e-005
 9.538750e+001  1.541826e-005
 9.600625e+001  1.434198e-005
 9.662500e+001  1.323809e-005
 9.724375e+001  1.325331e-005
 9.786250e+001  1.346828e-005
 9.848125e+001  1.362710e-005
 9.910000e+001  1.588047e-005
 9.971875e+001  4.000025e-005
 1.003375e+002  3.872607e-005
 1.009563e+002  1.498657e-005
 1.015750e+002  1.176083e-005
 1.021938e+002  1.203209e-005
 1.028125e+002  1.200572e-005
 1.034313e+002  1.262782e-005
 1.040500e+002  1.319392e-005
 1.046688e+002  1.276340e-005
 1.052875e+002  1.317461e-005
 1.059063e+002  1.419327e-005
 1.065250e+002  1.441568e-005
 1.071438e+002  1.368919e-005
 1.077625e+002  1.301715e-005
 1.083813e+002  1.421276e-005
 1.090000e+002  1.413052e-005
 1.096188e+002  1.219752e-005
 1.102375e+002  1.244106e-005
 1.108563e+002  1.385350e-005
 1.114750e+002  1.394731e-005
 1.120938e+002  1.271874e-005
 1.127125e+002  1.214145e-005
 1.133313e+002  1.258020e-005
 1.139500e+002  1.319163e-005
 1.145688e+002  1.297160e-005
 1.151875e+002  1.449970e-005
 1.158063e+002  1.332107e-005
 1.164250e+002  1.249558e-005
 1.170438e+002  1.326583e-005
 1.176625e+002  1.275035e-005
 1.182813e+002  1.255947e-005
 1.189000e+002  1.232732e-005
 1.195188e+002  4.427296e-005
 1.201375e+002  6.998646e-005
 1.207563e+002  3.021876e-005
 1.213750e+002  1.269961e-005
 1.219938e+002  1.217065e-005
 1.226125e+002  1.135184e-005
 1.232313e+002  1.135789e-005
 1.238500e+002  1.170352e-005
 1.244688e+002  1.171001e-005
 1.250875e+002  1.131350e-005
 1.257063e+002  1.296980e-005
 1.263250e+002  1.325675e-005
 1.269438e+002  1.247774e-005
 1.275625e+002  1.172153e-005
 1.281813e+002  1.314143e-005
 1.288000e+002  1.259395e-005
 1.294188e+002  1.307902e-005
 1.300375e+002  1.306317e-005
 1.306563e+002  1.235775e-005
 1.312750e+002  1.219046e-005
 1.318938e+002  1.352173e-005
 1.325125e+002  1.249881e-005
 1.331313e+002  1.219038e-005
 1.337500e+002  1.172817e-005
 1.343688e+002  1.202116e-005
 1.349875e+002  1.241938e-005
 1.356063e+002  1.161661e-005
 1.362250e+002  1.217506e-005
 1.368438e+002  1.297398e-005
 1.374625e+002  1.344032e-005
 1.380813e+002  1.291130e-005
 1.387000e+002  1.224954e-005
 1.393188e+002  1.327206e-005
 1.399375e+002  1.198705e-005
 1.405563e+002  1.063994e-005
 1.411750e+002  1.147398e-005
 1.417938e+002  1.323711e-005
 1.424125e+002  1.388456e-005
 1.430313e+002  1.327668e-005
 1.436500e+002  1.329302e-005
 1.442688e+002  1.322561e-005
 1.448875e+002  1.310363e-005
 1.455063e+002  1.103765e-005
 1.461250e+002  1.086055e-005
 1.467438e+002  1.199688e-005
 1.473625e+002  1.251829e-005
 1.479813e+002  1.481954e-005
 1.486000e+002  3.262457e-005
 1.492188e+002  3.741512e-004
 1.498375e+002  1.155870e-003
 1.504563e+002  8.467970e-004
 1.510750e+002  8.538060e-005
 1.516938e+002  2.023104e-005
 1.523125e+002  1.378396e-005
 1.529313e+002  1.345226e-005
 1.535500e+002  1.170714e-005
 1.541688e+002  1.063366e-005
 1.547875e+002  1.071014e-005
 1.554063e+002  1.184120e-005
 1.560250e+002  1.200298e-005
 1.566438e+002  1.188638e-005
 1.572625e+002  1.337517e-005
 1.578813e+002  1.301181e-005
 1.585000e+002  1.273667e-005
 1.591188e+002  1.166405e-005
 1.597375e+002  1.140045e-005
 1.603563e+002  1.102323e-005
 1.609750e+002  1.156736e-005
 1.615938e+002  1.140797e-005
 1.622125e+002  1.100992e-005
 1.628313e+002  1.059626e-005
 1.634500e+002  1.171359e-005
 1.640688e+002  1.215735e-005
 1.646875e+002  1.064202e-005
 1.653063e+002  1.115189e-005
 1.659250e+002  1.187264e-005
 1.665438e+002  1.164643e-005
 1.671625e+002  1.059067e-005
 1.677813e+002  1.038417e-005
 1.684000e+002  1.169755e-005
 1.690188e+002  1.230269e-005
 1.696375e+002  1.171124e-005
 1.702563e+002  1.206942e-005
 1.708750e+002  1.156600e-005
 1.714938e+002  1.193073e-005
 1.721125e+002  1.214855e-005
 1.727313e+002  1.232771e-005
 1.733500e+002  1.198851e-005
 1.739688e+002  1.121995e-005
 1.745875e+002  1.165484e-005
 1.752063e+002  1.154957e-005
 1.758250e+002  1.024425e-005
 1.764438e+002  1.157760e-005
 1.770625e+002  1.106052e-005
 1.776813e+002  1.184735e-005
 1.783000e+002  1.174105e-005
 1.789188e+002  1.194943e-005
 1.795375e+002  3.653476e-005
 1.801563e+002  5.598733e-005
 1.807750e+002  2.384545e-005
 1.813938e+002  1.212801e-005
 1.820125e+002  1.165315e-005
 1.826313e+002  1.106301e-005
 1.832500e+002  1.149625e-005
 1.838688e+002  1.242945e-005
 1.844875e+002  1.244098e-005
 1.851063e+002  1.204861e-005
 1.857250e+002  1.109420e-005
 1.863438e+002  1.216284e-005
 1.869625e+002  1.201344e-005
 1.875813e+002  1.155922e-005
 1.882000e+002  1.211850e-005
 1.888188e+002  1.095168e-005
 1.894375e+002  1.113551e-005
 1.900563e+002  1.170490e-005
 1.906750e+002  1.144222e-005
 1.912938e+002  1.195703e-005
 1.919125e+002  1.173340e-005
 1.925313e+002  1.229194e-005
 1.931500e+002  1.170639e-005
 1.937688e+002  1.121654e-005
 1.943875e+002  1.134572e-005
 1.950063e+002  1.101824e-005
 1.956250e+002  1.175878e-005
 1.962438e+002  1.179980e-005
 1.968625e+002  1.198892e-005
 1.974813e+002  1.188196e-005
 1.981000e+002  1.163154e-005
 1.987188e+002  1.213927e-005
 1.993375e+002  1.703311e-005
 1.999563e+002  2.974636e-005
 2.005750e+002  1.848303e-005
 2.011938e+002  1.087816e-005
 2.018125e+002  1.279195e-005
 2.024313e+002  1.218817e-005
 2.030500e+002  1.101519e-005
 2.036688e+002  1.169252e-005
 2.042875e+002  1.207794e-005
 2.049063e+002  1.137486e-005
 2.055250e+002  1.177321e-005
 2.061438e+002  1.230640e-005
 2.067625e+002  1.170895e-005
 2.073813e+002  1.214828e-005
 2.080000e+002  1.211341e-005
 2.086188e+002  1.107043e-005
 2.092375e+002  1.145509e-005
 2.098563e+002  1.089860e-005
 2.104750e+002  1.032342e-005
 2.110938e+002  1.069910e-005
 2.117125e+002  1.134904e-005
 2.123313e+002  1.123287e-005
 2.129500e+002  1.063658e-005
 2.135688e+002  1.018343e-005
 2.141875e+002  1.007979e-005
 2.148063e+002  1.115188e-005
 2.154250e+002  1.255905e-005
 2.160438e+002  1.233441e-005
 2.166625e+002  1.160005e-005
 2.172813e+002  1.053261e-005
 2.179000e+002  1.079506e-005
 2.185188e+002  1.094629e-005
 2.191375e+002  1.070088e-005
 2.197563e+002  1.056644e-005
 2.203750e+002  1.008895e-005
 2.209938e+002  1.059917e-005
 2.216125e+002  1.035479e-005
 2.222313e+002  1.022954e-005
 2.228500e+002  1.166839e-005
 2.234688e+002  1.286634e-005
 2.240875e+002  1.259460e-005
 2.247063e+002  1.196098e-005
 2.253250e+002  1.127886e-005
 2.259438e+002  1.169364e-005
 2.265625e+002  1.215098e-005
 2.271813e+002  1.259025e-005
 2.278000e+002  1.182959e-005
 2.284188e+002  1.115991e-005
 2.290375e+002  1.080280e-005
 2.296563e+002  1.058304e-005
 2.302750e+002  1.059282e-005
 2.308938e+002  1.088403e-005
 2.315125e+002  1.140297e-005
 2.321313e+002  1.158439e-005
 2.327500e+002  1.140500e-005
 2.333688e+002  1.046698e-005
 2.339875e+002  1.017824e-005
 2.346063e+002  1.132822e-005
 2.352250e+002  1.067514e-005
 2.358438e+002  1.037295e-005
 2.364625e+002  1.034917e-005
 2.370813e+002  1.045502e-005
 2.377000e+002  1.123351e-005
 2.383188e+002  1.058208e-005
 2.389375e+002  1.104086e-005
 2.395563e+002  2.934485e-005
 2.401750e+002  4.518446e-005
 2.407938e+002  2.055757e-005
 2.414125e+002  1.028867e-005
 2.420313e+002  1.124946e-005
 2.426500e+002  1.276944e-005
 2.432688e+002  1.200742e-005
 2.438875e+002  1.147004e-005
 2.445063e+002  1.152268e-005
 2.451250e+002  1.173221e-005
 2.457438e+002  1.133345e-005
 2.463625e+002  1.138915e-005
 2.469813e+002  1.165067e-005
 2.476000e+002  1.085070e-005
 2.482188e+002  1.057270e-005
 2.488375e+002  1.187383e-005
 2.494563e+002  1.524036e-004
 2.500750e+002  2.586259e-004
 2.506938e+002  1.091769e-004
 2.513125e+002  1.197971e-005
 2.519313e+002  1.050099e-005
 2.525500e+002  1.189865e-005
 2.531688e+002  1.160224e-005
 2.537875e+002  1.063463e-005
 2.544063e+002  1.042101e-005
 2.550250e+002  1.017899e-005
 2.556438e+002  1.086077e-005
 2.562625e+002  1.166199e-005
 2.568813e+002  1.225235e-005
 2.575000e+002  1.106090e-005
 2.581188e+002  1.068452e-005
 2.587375e+002  1.033190e-005
 2.593563e+002  1.085903e-005
 2.599750e+002  1.101398e-005
 2.605938e+002  1.138449e-005
 2.612125e+002  1.008906e-005
 2.618313e+002  1.129187e-005
 2.624500e+002  1.201075e-005
 2.630688e+002  1.239111e-005
 2.636875e+002  1.226979e-005
 2.643063e+002  1.177665e-005
 2.649250e+002  1.161519e-005
 2.655438e+002  1.087481e-005
 2.661625e+002  1.047387e-005
 2.667813e+002  9.851156e-006
 2.674000e+002  1.080624e-005
 2.680188e+002  1.119325e-005
 2.686375e+002  1.249061e-005
 2.692563e+002  1.162564e-005
 2.698750e+002  9.640088e-006
 2.704938e+002  9.999432e-006
 2.711125e+002  1.144900e-005
 2.717313e+002  1.166418e-005
 2.723500e+002  1.185017e-005
 2.729688e+002  1.063119e-005
 2.735875e+002  1.067702e-005
 2.742063e+002  1.017150e-005
 2.748250e+002  1.005096e-005
 2.754438e+002  1.069841e-005
 2.760625e+002  1.124309e-005
 2.766813e+002  1.078122e-005
 2.773000e+002  1.220793e-005
 2.779188e+002  1.043971e-005
 2.785375e+002  1.136921e-005
 2.791563e+002  1.160319e-005
 2.797750e+002  1.094069e-005
 2.803938e+002  1.107721e-005
 2.810125e+002  1.080913e-005
 2.816313e+002  1.023426e-005
 2.822500e+002  1.054489e-005
 2.828688e+002  1.124388e-005
 2.834875e+002  1.240962e-005
 2.841063e+002  1.206796e-005
 2.847250e+002  1.058465e-005
 2.853438e+002  1.073569e-005
 2.859625e+002  9.782026e-006
 2.865813e+002  9.545371e-006
 2.872000e+002  1.039386e-005
 2.878188e+002  1.101237e-005
 2.884375e+002  1.200256e-005
 2.890563e+002  1.193915e-005
 2.896750e+002  1.092625e-005
 2.902938e+002  1.070092e-005
 2.909125e+002  1.059804e-005
 2.915313e+002  1.115713e-005
 2.921500e+002  1.195861e-005
 2.927688e+002  1.120270e-005
 2.933875e+002  9.824221e-006
 2.940063e+002  8.750047e-006
 2.946250e+002  9.792666e-006
 2.952438e+002  1.065823e-005
 2.958625e+002  1.090217e-005
 2.964813e+002  1.028042e-005
 2.971000e+002  1.028075e-005
 2.977188e+002  1.020195e-005
 2.983375e+002  1.003188e-005
 2.989563e+002  1.087669e-005
 2.995750e+002  2.838317e-005
 3.001938e+002  4.426651e-005
 3.008125e+002  2.028724e-005
 3.014313e+002  1.205092e-005
 3.020500e+002  1.160612e-005
 3.026688e+002  1.041319e-005
 3.032875e+002  1.040215e-005
 3.039063e+002  1.025778e-005
 3.045250e+002  1.112794e-005
 3.051438e+002  1.067272e-005
 3.057625e+002  9.846026e-006
 3.063813e+002  1.052851e-005
 3.070000e+002  1.191575e-005
 3.076188e+002  1.027449e-005
 3.082375e+002  1.018107e-005
 3.088563e+002  9.945896e-006
 3.094750e+002  1.075876e-005
 3.100938e+002  1.155347e-005
 3.107125e+002  1.164798e-005
 3.113313e+002  1.061278e-005
 3.119500e+002  1.007713e-005
 3.125688e+002  1.023179e-005
 3.131875e+002  1.045656e-005
 3.138063e+002  1.077856e-005
 3.144250e+002  9.916201e-006
 3.150437e+002  1.091223e-005
 3.156625e+002  1.090163e-005
 3.162812e+002  1.094830e-005
 3.169000e+002  1.174167e-005
 3.175187e+002  1.063832e-005
 3.181375e+002  1.109017e-005
 3.187562e+002  1.117154e-005
 3.193750e+002  9.442304e-006
 3.199937e+002  1.015565e-005
 3.206125e+002  1.091503e-005
 3.212312e+002  1.086632e-005
 3.218500e+002  1.117328e-005
 3.224687e+002  1.183773e-005
 3.230875e+002  9.902599e-006
 3.237062e+002  1.045346e-005
 3.243250e+002  9.754045e-006
 3.249437e+002  9.292562e-006
 3.255625e+002  1.012124e-005
 3.261812e+002  1.032913e-005
 3.268000e+002  1.040119e-005
 3.274187e+002  1.142664e-005
 3.280375e+002  1.056822e-005
 3.286562e+002  1.059794e-005
 3.292750e+002  1.054028e-005
 3.298937e+002  1.070686e-005
 3.305125e+002  9.949650e-006
 3.311312e+002  1.071128e-005
 3.317500e+002  1.103831e-005
 3.323687e+002  1.059149e-005
 3.329875e+002  1.077915e-005
 3.336062e+002  9.621431e-006
 3.342250e+002  9.708653e-006
 3.348437e+002  9.787882e-006
 3.354625e+002  1.071994e-005
 3.360812e+002  1.058456e-005
 3.367000e+002  1.088202e-005
 3.373187e+002  1.010311e-005
 3.379375e+002  1.048891e-005
 3.385562e+002  1.026031e-005
 3.391750e+002  1.027652e-005
 3.397937e+002  1.085143e-005
 3.404125e+002  1.103060e-005
 3.410312e+002  1.005418e-005
 3.416500e+002  1.086172e-005
 3.422687e+002  1.063461e-005
 3.428875e+002  1.078790e-005
 3.435062e+002  1.045628e-005
 3.441250e+002  1.030082e-005
 3.447437e+002  1.120166e-005
 3.453625e+002  1.135617e-005
 3.459812e+002  1.021404e-005
 3.466000e+002  9.600265e-006
 3.472187e+002  9.553570e-006
 3.478375e+002  1.019094e-005
 3.484562e+002  1.106419e-005
 3.490750e+002  5.136217e-005
 3.496937e+002  2.409107e-004
 3.503125e+002  2.421492e-004
 3.509312e+002  4.990174e-005
 3.515500e+002  1.313129e-005
 3.521687e+002  1.022733e-005
 3.527875e+002  1.047752e-005
 3.534062e+002  1.150576e-005
 3.540250e+002  1.089924e-005
 3.546437e+002  1.123831e-005
 3.552625e+002  1.159856e-005
 3.558812e+002  1.049482e-005
 3.565000e+002  1.042607e-005
 3.571187e+002  1.049764e-005
 3.577375e+002  1.004654e-005
 3.583562e+002  9.276548e-006
 3.589750e+002  1.115393e-005
 3.595937e+002  2.625383e-005
 3.602125e+002  4.062413e-005
 3.608312e+002  1.910513e-005
 3.614500e+002  1.029708e-005
 3.620687e+002  1.104551e-005
 3.626875e+002  1.013332e-005
 3.633062e+002  1.029390e-005
 3.639250e+002  1.077595e-005
 3.645437e+002  1.091077e-005
 3.651625e+002  9.834162e-006
 3.657812e+002  1.058264e-005
 3.664000e+002  1.121496e-005
 3.670187e+002  1.249177e-005
 3.676375e+002  1.210252e-005
 3.682562e+002  1.027449e-005
 3.688750e+002  9.045060e-006
 3.694937e+002  9.123428e-006
 3.701125e+002  9.160723e-006
 3.707312e+002  9.207175e-006
 3.713500e+002  1.019528e-005
 3.719687e+002  1.158443e-005
 3.725875e+002  1.104827e-005
 3.732062e+002  1.036230e-005
 3.738250e+002  1.074871e-005
 3.744437e+002  1.072766e-005
 3.750625e+002  1.114019e-005
 3.756812e+002  1.150234e-005
 3.763000e+002  1.069190e-005
 3.769187e+002  9.291750e-006
 3.775375e+002  9.590636e-006
 3.781562e+002  9.888105e-006
 3.787750e+002  9.516391e-006
 3.793937e+002  1.000029e-005
 3.800125e+002  9.946590e-006
 3.806312e+002  1.083269e-005
 3.812500e+002  1.116819e-005
 3.818687e+002  1.063878e-005
 3.824875e+002  1.100311e-005
 3.831062e+002  1.115746e-005
 3.837250e+002  1.132506e-005
 3.843437e+002  1.127309e-005
 3.849625e+002  1.122442e-005
 3.855812e+002  1.017023e-005
 3.862000e+002  8.935350e-006
 3.868187e+002  1.019831e-005
 3.874375e+002  1.264115e-005
 3.880562e+002  1.085647e-005
 3.886750e+002  9.648734e-006
 3.892937e+002  1.010772e-005
 3.899125e+002  1.004486e-005
 3.905312e+002  1.003510e-005
 3.911500e+002  9.853975e-006
 3.917687e+002  1.041779e-005
 3.923875e+002  1.024287e-005
 3.930062e+002  1.015462e-005
 3.936250e+002  1.008636e-005
 3.942437e+002  1.027513e-005
 3.948625e+002  1.081469e-005
 3.954812e+002  1.080455e-005
 3.961000e+002  1.051319e-005
 3.967187e+002  9.840112e-006
 3.973375e+002  1.005027e-005
 3.979562e+002  1.000266e-005
 3.985750e+002  1.079140e-005
 3.991937e+002  1.171904e-005
 3.998125e+002  1.348084e-005
 4.004312e+002  1.290195e-005
 4.010500e+002  1.117645e-005
 4.016687e+002  1.015564e-005
 4.022875e+002  9.819078e-006
 4.029062e+002  9.802246e-006
 4.035250e+002  9.649898e-006
 4.041437e+002  9.877132e-006
 4.047625e+002  9.690205e-006
 4.053812e+002  1.002305e-005
 4.060000e+002  1.015492e-005
 4.066187e+002  1.223325e-005
 4.072375e+002  1.154995e-005
 4.078562e+002  9.989282e-006
 4.084750e+002  1.021826e-005
 4.090937e+002  1.031017e-005
 4.097125e+002  1.036598e-005
 4.103312e+002  1.041653e-005
 4.109500e+002  1.058808e-005
 4.115687e+002  1.113667e-005
 4.121875e+002  1.037552e-005
 4.128062e+002  9.853410e-006
 4.134250e+002  1.011019e-005
 4.140437e+002  9.809137e-006
 4.146625e+002  1.003541e-005
 4.152812e+002  1.097733e-005
 4.159000e+002  1.036096e-005
 4.165187e+002  1.067960e-005
 4.171375e+002  1.105769e-005
 4.177562e+002  1.024691e-005
 4.183750e+002  9.911393e-006
 4.189937e+002  9.897798e-006
 4.196125e+002  2.399302e-005
 4.202312e+002  4.028281e-005
 4.208500e+002  1.914346e-005
 4.214687e+002  1.068220e-005
 4.220875e+002  9.559269e-006
 4.227062e+002  9.917640e-006
 4.233250e+002  1.027576e-005
 4.239437e+002  9.639692e-006
 4.245625e+002  1.052851e-005
 4.251812e+002  1.112604e-005
 4.258000e+002  1.064633e-005
 4.264187e+002  9.898918e-006
 4.270375e+002  1.002892e-005
 4.276562e+002  1.085039e-005
 4.282750e+002  1.164910e-005
 4.288937e+002  1.129500e-005
 4.295125e+002  1.041506e-005
 4.301312e+002  1.112377e-005
 4.307500e+002  1.077239e-005
 4.313687e+002  1.048203e-005
 4.319875e+002  1.014638e-005
 4.326062e+002  1.064839e-005
 4.332250e+002  1.044675e-005
 4.338437e+002  1.115802e-005
 4.344625e+002  1.096543e-005
 4.350812e+002  1.027181e-005
 4.357000e+002  1.007551e-005
 4.363187e+002  1.017386e-005
 4.369375e+002  9.891041e-006
 4.375562e+002  1.058238e-005
 4.381750e+002  1.158296e-005
 4.387937e+002  1.062725e-005
 4.394125e+002  1.063396e-005
 4.400312e+002  1.073432e-005
 4.406500e+002  1.059656e-005
 4.412687e+002  9.584907e-006
 4.418875e+002  1.027807e-005
 4.425062e+002  1.060941e-005
 4.431250e+002  9.615639e-006
 4.437437e+002  1.098069e-005
 4.443625e+002  1.028273e-005
 4.449812e+002  1.004314e-005
 4.456000e+002  9.872247e-006
 4.462187e+002  9.792537e-006
 4.468375e+002  1.073251e-005
 4.474562e+002  1.145179e-005
 4.480750e+002  1.142247e-005
 4.486937e+002  1.180598e-005
 4.493125e+002  2.902172e-005
 4.499312e+002  6.383474e-005
 4.505500e+002  3.829524e-005
 4.511687e+002  1.053616e-005
 4.517875e+002  1.049129e-005
 4.524062e+002  1.023386e-005
 4.530250e+002  1.045618e-005
 4.536437e+002  1.003319e-005
 4.542625e+002  1.082859e-005
 4.548812e+002  1.041168e-005
 4.555000e+002  1.064071e-005
 4.561187e+002  1.098212e-005
 4.567375e+002  1.082801e-005
 4.573562e+002  1.091999e-005
 4.579750e+002  9.742162e-006
 4.585937e+002  9.512418e-006
 4.592125e+002  1.011616e-005
 4.598312e+002  1.037564e-005
 4.604500e+002  9.954145e-006
 4.610687e+002  1.012613e-005
 4.616875e+002  9.252838e-006
 4.623062e+002  1.124328e-005
 4.629250e+002  1.132732e-005
 4.635437e+002  1.138809e-005
 4.641625e+002  1.121509e-005
 4.647812e+002  1.032477e-005
 4.654000e+002  1.039956e-005
 4.660187e+002  1.125866e-005
 4.666375e+002  1.136794e-005
 4.672562e+002  1.080189e-005
 4.678750e+002  9.911483e-006
 4.684937e+002  1.008042e-005
 4.691125e+002  9.790888e-006
 4.697312e+002  1.027529e-005
 4.703500e+002  1.093125e-005
 4.709687e+002  1.034477e-005
 4.715875e+002  9.722276e-006
 4.722062e+002  1.073991e-005
 4.728250e+002  1.095229e-005
 4.734437e+002  1.015126e-005
 4.740625e+002  9.670581e-006
 4.746812e+002  1.007059e-005
 4.753000e+002  9.772622e-006
 4.759187e+002  9.875510e-006
 4.765375e+002  1.033820e-005
 4.771562e+002  9.716314e-006
 4.777750e+002  1.021049e-005
 4.783937e+002  9.922971e-006
 4.790125e+002  1.016218e-005
 4.796312e+002  2.507276e-005
 4.802500e+002  4.004344e-005
 4.808687e+002  1.916129e-005
 4.814875e+002  1.000029e-005
 4.821062e+002  1.015641e-005
 4.827250e+002  1.054744e-005
 4.833437e+002  1.015363e-005
 4.839625e+002  1.070703e-005
 4.845812e+002  1.054107e-005
 4.852000e+002  1.016967e-005
 4.858187e+002  9.777134e-006
 4.864375e+002  9.370314e-006
 4.870562e+002  9.514176e-006
 4.876750e+002  1.059944e-005
 4.882937e+002  1.169018e-005
 4.889125e+002  1.076225e-005
 4.895312e+002  1.015524e-005
 4.901500e+002  1.009929e-005
 4.907687e+002  1.005557e-005
 4.913875e+002  9.008566e-006
 4.920062e+002  9.058577e-006
 4.926250e+002  9.385541e-006
 4.932437e+002  9.963367e-006
 4.938625e+002  1.024352e-005
 4.944812e+002  1.047530e-005
 4.951000e+002  1.033166e-005
 4.957187e+002  1.071168e-005
 4.963375e+002  1.113425e-005
 4.969562e+002  1.065856e-005
 4.975750e+002  1.020411e-005
 4.981937e+002  9.700277e-006
 4.988125e+002  1.009702e-005
 4.994312e+002  1.110031e-005
 5.000500e+002  1.052915e-005
 5.006687e+002  1.033229e-005
 5.012875e+002  1.054443e-005
 5.019062e+002  9.942673e-006
 5.025250e+002  1.049693e-005
 5.031437e+002  1.069772e-005
 5.037625e+002  1.098766e-005
 5.043812e+002  1.070465e-005
 5.050000e+002  1.064539e-005
 5.056187e+002  1.128953e-005
 5.062375e+002  1.116602e-005
 5.068562e+002  1.015375e-005
 5.074750e+002  1.015854e-005
 5.080937e+002  9.856428e-006
 5.087125e+002  9.767186e-006
 5.093312e+002  1.015907e-005
 5.099500e+002  1.011759e-005
 5.105687e+002  9.729887e-006
 5.111875e+002  1.060318e-005
 5.118062e+002  1.134757e-005
 5.124250e+002  1.143144e-005
 5.130437e+002  1.096719e-005
 5.136625e+002  1.071820e-005
 5.142812e+002  1.047329e-005
 5.149000e+002  1.004955e-005
 5.155187e+002  9.933197e-006
 5.161375e+002  1.090326e-005
 5.167562e+002  9.980113e-006
 5.173750e+002  9.607709e-006
 5.179937e+002  1.088876e-005
 5.186125e+002  1.012194e-005
 5.192312e+002  9.847504e-006
 5.198500e+002  1.007335e-005
 5.204687e+002  9.997507e-006
 5.210875e+002  1.048681e-005
 5.217062e+002  1.098990e-005
 5.223250e+002  1.011654e-005
 5.229437e+002  9.760586e-006
 5.235625e+002  1.060739e-005
 5.241812e+002  1.065263e-005
 5.248000e+002  9.223983e-006
 5.254187e+002  9.897576e-006
 5.260375e+002  1.002256e-005
 5.266562e+002  9.871151e-006
 5.272750e+002  9.114368e-006
 5.278937e+002  1.075156e-005
 5.285125e+002  1.050046e-005
 5.291312e+002  9.123413e-006
 5.297500e+002  1.047598e-005
 5.303687e+002  1.013071e-005
 5.309875e+002  9.920368e-006
 5.316062e+002  9.166624e-006
 5.322250e+002  9.735734e-006
 5.328437e+002  1.006129e-005
 5.334625e+002  1.012554e-005
 5.340812e+002  9.660086e-006
 5.347000e+002  1.016798e-005
 5.353187e+002  1.025477e-005
 5.359375e+002  9.690519e-006
 5.365562e+002  1.054708e-005
 5.371750e+002  1.098180e-005
 5.377937e+002  1.076307e-005
 5.384125e+002  1.049367e-005
 5.390312e+002  1.111075e-005
 5.396500e+002  2.405922e-005
 5.402687e+002  3.998316e-005
 5.408875e+002  2.036540e-005
 5.415062e+002  1.087269e-005
 5.421250e+002  1.018735e-005
 5.427437e+002  9.744114e-006
 5.433625e+002  9.834745e-006
 5.439812e+002  9.521493e-006
 5.446000e+002  9.795029e-006
 5.452187e+002  1.014036e-005
 5.458375e+002  1.069802e-005
 5.464562e+002  1.092856e-005
 5.470750e+002  9.971593e-006
 5.476937e+002  9.738576e-006
 5.483125e+002  1.070163e-005
 5.489312e+002  1.481316e-005
 5.495500e+002  1.035060e-004
 5.501687e+002  1.432917e-004
 5.507875e+002  4.969059e-005
 5.514062e+002  1.088587e-005
 5.520250e+002  9.871431e-006
 5.526437e+002  9.584880e-006
 5.532625e+002  1.044664e-005
 5.538812e+002  1.025120e-005
 5.545000e+002  1.030433e-005
 5.551187e+002  1.042872e-005
 5.557375e+002  9.968068e-006
 5.563562e+002  1.005182e-005
 5.569750e+002  1.004346e-005
 5.575937e+002  1.031601e-005
 5.582125e+002  9.920135e-006
 5.588312e+002  9.211924e-006
 5.594500e+002  1.019393e-005
 5.600687e+002  9.896690e-006
 5.606875e+002  9.721440e-006
 5.613062e+002  9.070442e-006
 5.619250e+002  1.007252e-005
 5.625437e+002  1.047288e-005
 5.631625e+002  1.015589e-005
 5.637812e+002  1.017014e-005
 5.644000e+002  1.006061e-005
 5.650187e+002  1.029963e-005
 5.656375e+002  1.007706e-005
 5.662562e+002  1.070687e-005
 5.668750e+002  1.101699e-005
 5.674937e+002  1.009061e-005
 5.681125e+002  1.100209e-005
 5.687312e+002  1.058920e-005
 5.693500e+002  1.016779e-005
 5.699687e+002  1.051670e-005
 5.705875e+002  9.468809e-006
 5.712062e+002  9.297307e-006
 5.718250e+002  9.877190e-006
 5.724437e+002  9.889342e-006
 5.730625e+002  9.238927e-006
 5.736812e+002  1.024659e-005
 5.743000e+002  1.068301e-005
 5.749187e+002  1.070689e-005
 5.755375e+002  1.011724e-005
 5.761562e+002  9.551364e-006
 5.767750e+002  9.975326e-006
 5.773937e+002  9.921587e-006
 5.780125e+002  1.066453e-005
 5.786312e+002  1.049633e-005
 5.792500e+002  1.021415e-005
 5.798687e+002  9.765302e-006
 5.804875e+002  9.415516e-006
 5.811062e+002  8.611975e-006
 5.817250e+002  9.052419e-006
 5.823437e+002  1.084492e-005
 5.829625e+002  9.959436e-006
 5.835812e+002  1.016201e-005
 5.842000e+002  1.074792e-005
 5.848187e+002  1.056840e-005
 5.854375e+002  1.010893e-005
 5.860562e+002  1.017059e-005
 5.866750e+002  1.085166e-005
 5.872937e+002  1.012822e-005
 5.879125e+002  9.913534e-006
 5.885312e+002  1.093396e-005
 5.891500e+002  1.046074e-005
 5.897687e+002  1.005038e-005
 5.903875e+002  9.269052e-006
 5.910062e+002  9.161842e-006
 5.916250e+002  9.675307e-006
 5.922437e+002  9.680720e-006
 5.928625e+002  8.929395e-006
 5.934812e+002  9.161720e-006
 5.941000e+002  1.068720e-005
 5.947187e+002  1.084875e-005
 5.953375e+002  1.115223e-005
 5.959562e+002  1.092234e-005
 5.965750e+002  1.078054e-005
 5.971937e+002  9.481085e-006
 5.978125e+002  1.104957e-005
 5.984312e+002  1.145283e-005
 5.990500e+002  9.538191e-006
 5.996687e+002  2.380730e-005
 6.002875e+002  4.019358e-005
 6.009062e+002  2.046029e-005
 6.015250e+002  1.069731e-005
 6.021437e+002  1.012991e-005
 6.027625e+002  1.002943e-005
 6.033812e+002  1.040251e-005
 6.040000e+002  9.242562e-006
 6.046187e+002  9.708517e-006
 6.052375e+002  1.142047e-005
 6.058562e+002  1.194335e-005
 6.064750e+002  1.045279e-005
 6.070937e+002  1.040639e-005
 6.077125e+002  1.050332e-005
 6.083312e+002  1.028158e-005
 6.089500e+002  1.058811e-005
 6.095687e+002  9.669171e-006
 6.101875e+002  9.887789e-006
 6.108062e+002  9.588991e-006
 6.114250e+002  9.208408e-006
 6.120437e+002  9.393724e-006
 6.126625e+002  9.942663e-006
 6.132812e+002  9.538202e-006
 6.139000e+002  1.028652e-005
 6.145187e+002  1.102078e-005
 6.151375e+002  1.073086e-005
 6.157562e+002  9.909492e-006
 6.163750e+002  9.616449e-006
 6.169937e+002  1.016912e-005
 6.176125e+002  9.751885e-006
 6.182312e+002  1.079650e-005
 6.188500e+002  1.128392e-005
 6.194687e+002  1.010324e-005
 6.200875e+002  1.072050e-005
 6.207062e+002  1.026647e-005
 6.213250e+002  9.894331e-006
 6.219437e+002  1.065870e-005
 6.225625e+002  1.076449e-005
 6.231812e+002  9.342055e-006
 6.238000e+002  9.319883e-006
 6.244187e+002  9.734280e-006
 6.250375e+002  9.203176e-006
 6.256562e+002  9.359235e-006
 6.262750e+002  1.021212e-005
 6.268937e+002  1.022263e-005
 6.275125e+002  9.803445e-006
 6.281312e+002  9.988179e-006
 6.287500e+002  9.545933e-006
 6.293687e+002  1.012385e-005
 6.299875e+002  1.084468e-005
 6.306062e+002  9.370790e-006
 6.312250e+002  1.002484e-005
 6.318437e+002  9.468842e-006
 6.324625e+002  9.218928e-006
 6.330812e+002  8.665709e-006
 6.337000e+002  1.024033e-005
 6.343187e+002  1.073093e-005
 6.349375e+002  1.049502e-005
 6.355562e+002  1.021144e-005
 6.361750e+002  9.186787e-006
 6.367937e+002  1.033715e-005
 6.374125e+002  9.892486e-006
 6.380312e+002  9.092134e-006
 6.386500e+002  9.506545e-006
 6.392687e+002  9.267130e-006
 6.398875e+002  9.547251e-006
 6.405062e+002  1.019918e-005
 6.411250e+002  9.825973e-006
 6.417437e+002  9.714764e-006
 6.423625e+002  1.060606e-005
 6.429812e+002  1.026748e-005
 6.436000e+002  1.101785e-005
 6.442187e+002  1.050868e-005
 6.448375e+002  9.259555e-006
 6.454562e+002  9.372147e-006
 6.460750e+002  9.459385e-006
 6.466937e+002  9.535953e-006
 6.473125e+002  1.112966e-005
 6.479312e+002  1.063669e-005
 6.485500e+002  9.265279e-006
 6.491687e+002  1.332928e-005
 6.497875e+002  3.875137e-005
 6.504062e+002  3.240231e-005
 6.510250e+002  1.160546e-005
 6.516437e+002  1.169796e-005
 6.522625e+002  1.108339e-005
 6.528812e+002  9.446025e-006
 6.535000e+002  1.012723e-005
 6.541187e+002  1.041375e-005
 6.547375e+002  1.013781e-005
 6.553562e+002  9.810805e-006
 6.559750e+002  1.075163e-005
 6.565937e+002  1.089915e-005
 6.572125e+002  9.256842e-006
 6.578312e+002  9.201723e-006
 6.584500e+002  1.070552e-005
 6.590687e+002  1.022734e-005
 6.596875e+002  2.175388e-005
 6.603062e+002  3.932572e-005
 6.609250e+002  2.107748e-005
 6.615437e+002  1.030065e-005
 6.621625e+002  1.004595e-005
 6.627812e+002  1.031750e-005
 6.634000e+002  9.798003e-006
 6.640187e+002  1.008612e-005
 6.646375e+002  8.944713e-006
 6.652562e+002  1.027174e-005
 6.658750e+002  1.031499e-005
 6.664937e+002  1.063813e-005
 6.671125e+002  1.024495e-005
 6.677312e+002  9.900611e-006
 6.683500e+002  9.993299e-006
 6.689687e+002  9.601428e-006
 6.695875e+002  9.549329e-006
 6.702062e+002  1.004567e-005
 6.708250e+002  1.035994e-005
 6.714437e+002  1.068083e-005
 6.720625e+002  1.060621e-005
 6.726812e+002  1.017982e-005
 6.733000e+002  9.198507e-006
 6.739187e+002  9.485412e-006
 6.745375e+002  9.817562e-006
 6.751562e+002  1.026963e-005
 6.757750e+002  1.091934e-005
 6.763937e+002  1.033537e-005
 6.770125e+002  9.262693e-006
 6.776312e+002  9.889453e-006
 6.782500e+002  9.781073e-006
 6.788687e+002  9.491603e-006
 6.794875e+002  1.042904e-005
 6.801062e+002  9.987737e-006
 6.807250e+002  9.828645e-006
 6.813437e+002  9.299838e-006
 6.819625e+002  9.367595e-006
 6.825812e+002  9.141630e-006
 6.832000e+002  1.001750e-005
 6.838187e+002  1.022040e-005
 6.844375e+002  1.019678e-005
 6.850562e+002  1.026288e-005
 6.856750e+002  9.816201e-006
 6.862937e+002  1.030192e-005
 6.869125e+002  9.116824e-006
 6.875312e+002  9.551773e-006
 6.881500e+002  1.048861e-005
 6.887687e+002  1.075174e-005
 6.893875e+002  1.034423e-005
 6.900062e+002  1.065936e-005
 6.906250e+002  1.122812e-005
 6.912437e+002  1.076303e-005
 6.918625e+002  1.049474e-005
 6.924812e+002  9.682177e-006
 6.931000e+002  1.022301e-005
 6.937187e+002  1.039663e-005
 6.943375e+002  9.578548e-006
 6.949562e+002  9.491654e-006
 6.955750e+002  9.467373e-006
 6.961937e+002  1.010043e-005
 6.968125e+002  9.919496e-006
 6.974312e+002  9.946824e-006
 6.980500e+002  9.894445e-006
 6.986687e+002  9.557929e-006
 6.992875e+002  1.010044e-005
 6.999062e+002  9.813859e-006
 7.005250e+002  1.061472e-005
 7.011437e+002  1.085422e-005
 7.017625e+002  1.045122e-005
 7.023812e+002  9.934643e-006
 7.030000e+002  1.067631e-005
 7.036187e+002  1.020846e-005
 7.042375e+002  9.650458e-006
 7.048562e+002  1.039953e-005
 7.054750e+002  1.031387e-005
 7.060937e+002  1.082135e-005
 7.067125e+002  1.056375e-005
 7.073312e+002  1.055130e-005
 7.079500e+002  8.905252e-006
 7.085687e+002  9.015206e-006
 7.091875e+002  9.904530e-006
 7.098062e+002  1.032349e-005
 7.104250e+002  8.739265e-006
 7.110437e+002  9.262435e-006
 7.116625e+002  9.958760e-006
 7.122812e+002  9.955432e-006
 7.129000e+002  9.006296e-006
 7.135187e+002  9.982090e-006
 7.141375e+002  1.007589e-005
 7.147562e+002  1.014114e-005
 7.153750e+002  1.034081e-005
 7.159937e+002  9.954796e-006
 7.166125e+002  1.074256e-005
 7.172312e+002  9.834741e-006
 7.178500e+002  1.022538e-005
 7.184687e+002  1.072666e-005
 7.190875e+002  1.011513e-005
 7.197062e+002  2.168636e-005
 7.203250e+002  3.729587e-005
 7.209437e+002  1.839445e-005
 7.215625e+002  1.075794e-005
 7.221812e+002  1.036579e-005
 7.228000e+002  9.318949e-006
 7.234187e+002  9.136416e-006
 7.240375e+002  9.779083e-006
 7.246562e+002  1.046840e-005
 7.252750e+002  1.080439e-005
 7.258937e+002  1.138139e-005
 7.265125e+002  1.122580e-005
 7.271312e+002  9.451046e-006
 7.277500e+002  9.080369e-006
 7.283687e+002  9.855966e-006
 7.289875e+002  1.015765e-005
 7.296062e+002  9.979473e-006
 7.302250e+002  9.517709e-006
 7.308437e+002  1.050887e-005
 7.314625e+002  1.009702e-005
 7.320812e+002  1.042101e-005
 7.327000e+002  9.626548e-006
 7.333187e+002  8.554126e-006
 7.339375e+002  9.712790e-006
 7.345562e+002  1.053835e-005
 7.351750e+002  9.945963e-006
 7.357937e+002  1.027833e-005
 7.364125e+002  9.527211e-006
 7.370312e+002  1.020966e-005
 7.376500e+002  1.144388e-005
 7.382687e+002  1.096772e-005
 7.388875e+002  1.041260e-005
 7.395062e+002  9.361799e-006
 7.401250e+002  1.028391e-005
 7.407437e+002  9.794356e-006
 7.413625e+002  9.042762e-006
 7.419812e+002  9.425909e-006
 7.426000e+002  9.305330e-006
 7.432187e+002  9.712268e-006
 7.438375e+002  9.496155e-006
 7.444562e+002  1.005257e-005
 7.450750e+002  1.045483e-005
 7.456937e+002  9.945174e-006
 7.463125e+002  9.808451e-006
 7.469312e+002  1.004795e-005
 7.475500e+002  1.016629e-005
 7.481687e+002  1.020826e-005
 7.487875e+002  1.179221e-005
 7.494062e+002  6.500438e-005
 7.500250e+002  1.214629e-004
 7.506437e+002  6.159202e-005
 7.512625e+002  9.927453e-006
 7.518812e+002  9.739004e-006
 7.525000e+002  9.946923e-006
 7.531187e+002  9.918126e-006
 7.537375e+002  9.714034e-006
 7.543562e+002  1.003563e-005
 7.549750e+002  9.353001e-006
 7.555937e+002  9.672605e-006
 7.562125e+002  9.777382e-006
 7.568312e+002  1.044865e-005
 7.574500e+002  1.028636e-005
 7.580687e+002  9.786870e-006
 7.586875e+002  1.010290e-005
 7.593062e+002  9.745380e-006
 7.599250e+002  8.398466e-006
 7.605437e+002  9.058681e-006
 7.611625e+002  1.051844e-005
 7.617812e+002  9.934102e-006
 7.624000e+002  9.756599e-006
 7.630187e+002  9.542457e-006
 7.636375e+002  9.122279e-006
 7.642562e+002  8.777267e-006
 7.648750e+002  9.239768e-006
 7.654937e+002  9.395533e-006
 7.661125e+002  9.981824e-006
 7.667312e+002  1.061476e-005
 7.673500e+002  1.018032e-005
 7.679687e+002  1.000560e-005
 7.685875e+002  1.077114e-005
 7.692062e+002  1.067568e-005
 7.698250e+002  9.559785e-006
 7.704437e+002  8.942513e-006
 7.710625e+002  9.246377e-006
 7.716812e+002  9.221847e-006
 7.723000e+002  9.390128e-006
 7.729187e+002  9.643114e-006
 7.735375e+002  9.697718e-006
 7.741562e+002  9.775911e-006
 7.747750e+002  8.986455e-006
 7.753937e+002  9.383667e-006
 7.760125e+002  1.050608e-005
 7.766312e+002  9.804985e-006
 7.772500e+002  9.617739e-006
 7.778687e+002  9.971077e-006
 7.784875e+002  1.004039e-005
 7.791062e+002  9.725832e-006
 7.797250e+002  2.136533e-005
 7.803437e+002  3.724054e-005
 7.809625e+002  1.949571e-005
 7.815812e+002  1.006982e-005
 7.822000e+002  1.026810e-005
 7.828187e+002  9.622013e-006
 7.834375e+002  9.543509e-006
 7.840562e+002  9.586462e-006
 7.846750e+002  9.679294e-006
 7.852937e+002  9.285078e-006
 7.859125e+002  9.809020e-006
 7.865312e+002  1.003594e-005
 7.871500e+002  9.792851e-006
 7.877687e+002  9.491461e-006
 7.883875e+002  9.186928e-006
 7.890062e+002  9.849643e-006
 7.896250e+002  1.089393e-005
 7.902437e+002  1.097228e-005
 7.908625e+002  1.038160e-005
 7.914812e+002  9.603161e-006
 7.921000e+002  9.933431e-006
 7.927187e+002  1.005472e-005
 7.933375e+002  1.027136e-005
 7.939562e+002  1.022858e-005
 7.945750e+002  9.863283e-006
 7.951937e+002  9.101684e-006
 7.958125e+002  9.805365e-006
 7.964312e+002  9.901935e-006
 7.970500e+002  1.135035e-005
 7.976687e+002  9.901156e-006
 7.982875e+002  8.985806e-006
 7.989062e+002  1.017512e-005
 7.995250e+002  1.029610e-005
 8.001437e+002  1.058256e-005
 8.007625e+002  9.621475e-006
 8.013812e+002  9.833272e-006
 8.020000e+002  1.029064e-005
 8.026187e+002  1.017725e-005
 8.032375e+002  1.108066e-005
 8.038562e+002  1.036909e-005
 8.044750e+002  9.964260e-006
 8.050937e+002  9.898780e-006
 8.057125e+002  1.029562e-005
 8.063312e+002  1.039154e-005
 8.069500e+002  1.009609e-005
 8.075687e+002  1.033297e-005
 8.081875e+002  1.001935e-005
 8.088062e+002  9.925375e-006
 8.094250e+002  1.040563e-005
 8.100437e+002  1.156259e-005
 8.106625e+002  1.056293e-005
 8.112812e+002  9.800107e-006
 8.119000e+002  9.553532e-006
 8.125187e+002  9.590568e-006
 8.131375e+002  1.071199e-005
 8.137562e+002  1.029489e-005
 8.143750e+002  1.078145e-005
 8.149937e+002  1.159399e-005
 8.156125e+002  1.062916e-005
 8.162312e+002  9.986407e-006
 8.168500e+002  1.071046e-005
 8.174687e+002  9.424059e-006
 8.180875e+002  9.222327e-006
 8.187062e+002  8.864692e-006
 8.193250e+002  1.035241e-005
 8.199437e+002  1.040281e-005
 8.205625e+002  9.673730e-006
 8.211812e+002  1.088323e-005
 8.218000e+002  1.069740e-005
 8.224187e+002  9.810519e-006
 8.230375e+002  9.594005e-006
 8.236562e+002  9.891506e-006
 8.242750e+002  1.075167e-005
 8.248937e+002  1.059830e-005
 8.255125e+002  1.092922e-005
 8.261312e+002  1.082414e-005
 8.267500e+002  1.028003e-005
 8.273687e+002  9.920039e-006
 8.279875e+002  9.853601e-006
 8.286062e+002  1.113315e-005
 8.292250e+002  1.047233e-005
 8.298437e+002  9.669802e-006
 8.304625e+002  1.059808e-005
 8.310812e+002  9.913684e-006
 8.317000e+002  8.939340e-006
 8.323187e+002  9.121090e-006
 8.329375e+002  1.009052e-005
 8.335562e+002  9.580899e-006
 8.341750e+002  9.329286e-006
 8.347937e+002  9.673766e-006
 8.354125e+002  9.763729e-006
 8.360312e+002  1.020183e-005
 8.366500e+002  1.013046e-005
 8.372687e+002  1.004092e-005
 8.378875e+002  1.000747e-005
 8.385062e+002  9.266799e-006
 8.391250e+002  8.547995e-006
 8.397437e+002  2.121780e-005
 8.403625e+002  3.616369e-005
 8.409812e+002  1.902478e-005
 8.416000e+002  9.598571e-006
 8.422187e+002  9.471321e-006
 8.428375e+002  9.379787e-006
 8.434562e+002  9.986482e-006
 8.440750e+002  1.083544e-005
 8.446937e+002  1.082714e-005
 8.453125e+002  9.893362e-006
 8.459312e+002  9.161898e-006
 8.465500e+002  8.928104e-006
 8.471687e+002  8.931573e-006
 8.477875e+002  8.858848e-006
 8.484062e+002  9.666286e-006
 8.490250e+002  1.076437e-005
 8.496437e+002  2.110273e-005
 8.502625e+002  2.256138e-005
 8.508812e+002  1.004751e-005
 8.515000e+002  1.048112e-005
 8.521187e+002  1.059379e-005
 8.527375e+002  9.946848e-006
 8.533562e+002  1.095818e-005
 8.539750e+002  1.156200e-005
 8.545937e+002  9.822194e-006
 8.552125e+002  9.709295e-006
 8.558312e+002  8.928136e-006
 8.564500e+002  8.583828e-006
 8.570687e+002  9.434874e-006
 8.576875e+002  1.007113e-005
 8.583062e+002  9.916708e-006
 8.589250e+002  1.060779e-005
 8.595437e+002  1.059326e-005
 8.601625e+002  1.044984e-005
 8.607812e+002  1.016914e-005
 8.614000e+002  9.663670e-006
 8.620187e+002  9.500206e-006
 8.626375e+002  9.514706e-006
 8.632562e+002  9.217452e-006
 8.638750e+002  9.399928e-006
 8.644937e+002  9.449446e-006
 8.651125e+002  9.157030e-006
 8.657312e+002  9.973053e-006
 8.663500e+002  9.437782e-006
 8.669687e+002  9.606812e-006
 8.675875e+002  8.510046e-006
 8.682062e+002  9.052623e-006
 8.688250e+002  9.768870e-006
 8.694437e+002  9.776922e-006
 8.700625e+002  9.189601e-006
 8.706812e+002  9.451897e-006
 8.713000e+002  1.021781e-005
 8.719187e+002  1.068730e-005
 8.725375e+002  9.280945e-006
 8.731562e+002  9.289819e-006
 8.737750e+002  9.910434e-006
 8.743937e+002  9.915957e-006
 8.750125e+002  1.049041e-005
 8.756312e+002  1.107854e-005
 8.762500e+002  1.006931e-005
 8.768687e+002  9.759963e-006
 8.774875e+002  9.163917e-006
 8.781062e+002  9.453731e-006
 8.787250e+002  1.023911e-005
 8.793437e+002  1.017185e-005
 8.799625e+002  9.409640e-006
 8.805812e+002  9.687680e-006
 8.812000e+002  1.020501e-005
 8.818187e+002  9.617202e-006
 8.824375e+002  9.544236e-006
 8.830562e+002  9.752455e-006
 8.836750e+002  1.002794e-005
 8.842937e+002  9.669565e-006
 8.849125e+002  1.012944e-005
 8.855312e+002  9.145868e-006
 8.861500e+002  9.075994e-006
 8.867687e+002  1.003408e-005
 8.873875e+002  9.891069e-006
 8.880062e+002  9.985251e-006
 8.886250e+002  1.041806e-005
 8.892437e+002  1.069377e-005
 8.898625e+002  1.047734e-005
 8.904812e+002  9.356218e-006
 8.911000e+002  8.016805e-006
 8.917187e+002  9.521955e-006
 8.923375e+002  1.036081e-005
 8.929562e+002  1.030795e-005
 8.935750e+002  1.062844e-005
 8.941937e+002  1.133941e-005
 8.948125e+002  1.116093e-005
 8.954312e+002  1.120483e-005
 8.960500e+002  1.034613e-005
 8.966687e+002  9.015980e-006
 8.972875e+002  9.020495e-006
 8.979062e+002  9.650646e-006
 8.985250e+002  1.034282e-005
 8.991437e+002  9.745207e-006
 8.997625e+002  2.092080e-005
 9.003812e+002  3.617146e-005
 9.010000e+002  1.885119e-005
 9.016187e+002  1.019955e-005
 9.022375e+002  9.704743e-006
 9.028562e+002  1.004027e-005
 9.034750e+002  9.917766e-006
 9.040937e+002  1.051494e-005
 9.047125e+002  1.087640e-005
 9.053312e+002  1.001084e-005
 9.059500e+002  9.285521e-006
 9.065687e+002  9.436351e-006
 9.071875e+002  1.067374e-005
 9.078062e+002  1.037252e-005
 9.084250e+002  9.041947e-006
 9.090437e+002  8.888335e-006
 9.096625e+002  9.153205e-006
 9.102812e+002  9.592048e-006
 9.109000e+002  1.035881e-005
 9.115187e+002  1.055630e-005
 9.121375e+002  1.049931e-005
 9.127562e+002  9.132295e-006
 9.133750e+002  9.982707e-006
 9.139937e+002  9.899113e-006
 9.146125e+002  9.006072e-006
 9.152312e+002  8.978205e-006
 9.158500e+002  9.760322e-006
 9.164687e+002  1.008624e-005
 9.170875e+002  9.562161e-006
 9.177062e+002  9.651805e-006
 9.183250e+002  9.805592e-006
 9.189437e+002  9.698475e-006
 9.195625e+002  1.006016e-005
 9.201812e+002  9.520507e-006
 9.208000e+002  9.979739e-006
 9.214187e+002  1.037398e-005
 9.220375e+002  1.023611e-005
 9.226562e+002  9.775475e-006
 9.232750e+002  9.765294e-006
 9.238937e+002  9.880962e-006
 9.245125e+002  9.562687e-006
 9.251312e+002  1.045287e-005
 9.257500e+002  9.976913e-006
 9.263687e+002  9.862663e-006
 9.269875e+002  8.871883e-006
 9.276062e+002  9.098064e-006
 9.282250e+002  1.015602e-005
 9.288437e+002  1.039788e-005
 9.294625e+002  9.750608e-006
 9.300812e+002  8.917156e-006
 9.307000e+002  9.016326e-006
 9.313187e+002  9.285881e-006
 9.319375e+002  9.549222e-006
 9.325562e+002  8.940387e-006
 9.331750e+002  9.627445e-006
 9.337937e+002  9.935736e-006
 9.344125e+002  1.029773e-005
 9.350312e+002  9.722564e-006
 9.356500e+002  9.821514e-006
 9.362687e+002  1.052948e-005
 9.368875e+002  1.105803e-005
 9.375062e+002  9.913316e-006
 9.381250e+002  9.424129e-006
 9.387437e+002  9.103888e-006
 9.393625e+002  9.576658e-006
 9.399812e+002  9.454116e-006
 9.406000e+002  9.669974e-006
 9.412187e+002  1.059328e-005
 9.418375e+002  9.877699e-006
 9.424562e+002  9.937366e-006
 9.430750e+002  9.120573e-006
 9.436937e+002  9.465796e-006
 9.443125e+002  1.011551e-005
 9.449312e+002  9.253882e-006
 9.455500e+002  9.451337e-006
 9.461687e+002  9.664346e-006
 9.467875e+002  9.686603e-006
 9.474062e+002  9.468644e-006
 9.480250e+002  9.964462e-006
 9.486437e+002  1.060631e-005
 9.492625e+002  2.492531e-005
 9.498812e+002  6.166248e-005
 9.505000e+002  4.518476e-005
 9.511187e+002  1.178672e-005
 9.517375e+002  1.067067e-005
 9.523562e+002  9.932453e-006
 9.529750e+002  9.223674e-006
 9.535937e+002  1.040716e-005
 9.542125e+002  9.669713e-006
 9.548312e+002  9.079054e-006
 9.554500e+002  1.030042e-005
 9.560687e+002  1.085625e-005
 9.566875e+002  1.037576e-005
 9.573062e+002  9.887540e-006
 9.579250e+002  9.425788e-006
 9.585437e+002  9.717984e-006
 9.591625e+002  1.045654e-005
 9.597812e+002  2.002613e-005
 9.604000e+002  3.271495e-005
 9.610187e+002  1.758462e-005
 9.616375e+002  9.871123e-006
 9.622562e+002  1.042182e-005
 9.628750e+002  1.057220e-005
 9.634937e+002  1.029733e-005
 9.641125e+002  9.977806e-006
 9.647312e+002  8.805026e-006
 9.653500e+002  9.879689e-006
 9.659687e+002  1.044597e-005
 9.665875e+002  1.041131e-005
 9.672062e+002  9.439469e-006
 9.678250e+002  8.946969e-006
 9.684437e+002  9.797696e-006
 9.690625e+002  9.830666e-006
 9.696812e+002  9.091485e-006
 9.703000e+002  8.964359e-006
 9.709187e+002  1.002733e-005
 9.715375e+002  1.025210e-005
 9.721562e+002  9.295323e-006
 9.727750e+002  9.754101e-006
 9.733937e+002  9.638027e-006
 9.740125e+002  8.500701e-006
 9.746312e+002  9.855891e-006
 9.752500e+002  9.518653e-006
 9.758687e+002  8.558461e-006
 9.764875e+002  8.824143e-006
 9.771062e+002  1.022317e-005
 9.777250e+002  1.019771e-005
 9.783437e+002  9.485091e-006
 9.789625e+002  1.080717e-005
 9.795812e+002  1.029037e-005
 9.802000e+002  9.954639e-006
 9.808187e+002  1.057220e-005
 9.814375e+002  9.968677e-006
 9.820562e+002  9.429817e-006
 9.826750e+002  1.127901e-005
 9.832937e+002  9.839770e-006
 9.839125e+002  9.495093e-006
 9.845312e+002  9.611212e-006
 9.851500e+002  9.285630e-006
 9.857687e+002  9.486106e-006
 9.863875e+002  8.739666e-006
 9.870062e+002  8.841469e-006
 9.876250e+002  9.022780e-006
 9.882437e+002  8.513836e-006
 9.888625e+002  9.614716e-006
 9.894812e+002  9.558513e-006
 9.901000e+002  9.837465e-006
 9.907187e+002  1.009377e-005
 9.913375e+002  9.625252e-006
 9.919562e+002  1.034331e-005
 9.925750e+002  1.037283e-005
 9.931937e+002  9.685810e-006
 9.938125e+002  9.626452e-006
 9.944312e+002  9.792319e-006
 9.950500e+002  9.525044e-006
 9.956687e+002  9.212172e-006
 9.962875e+002  9.306712e-006
 9.969062e+002  1.024799e-005
 9.975250e+002  1.052086e-005
 9.981437e+002  1.037357e-005
 9.987625e+002  1.032250e-005
 9.993812e+002  1.060424e-005
 1.000000e+003  1.002724e-005
