 1.000000e-001  5.995804e-003
 1.247500e-001  3.321504e-003
 1.495000e-001  2.115410e-003
 1.742500e-001  1.073645e-003
 1.990000e-001  9.677309e-004
 2.237500e-001  7.752849e-004
 2.485000e-001  4.762905e-004
 2.732500e-001  4.914949e-004
 2.980000e-001  3.437680e-004
 3.227500e-001  4.073348e-004
 3.475000e-001  3.108156e-004
 3.722500e-001  2.830188e-004
 3.970000e-001  3.386019e-004
 4.217500e-001  2.819588e-004
 4.465000e-001  3.093107e-004
 4.712500e-001  2.877045e-004
 4.960000e-001  1.755578e-004
 5.207500e-001  2.203271e-004
 5.455000e-001  2.440436e-004
 5.702500e-001  1.536002e-004
 5.950000e-001  3.258866e-004
 6.197500e-001  3.505121e-004
 6.445000e-001  3.328786e-004
 6.692500e-001  3.341863e-004
 6.940000e-001  2.090876e-004
 7.187500e-001  1.908569e-004
 7.435000e-001  1.846644e-004
 7.682500e-001  1.181233e-004
 7.930000e-001  1.371763e-004
 8.177500e-001  2.726328e-004
 8.425000e-001  3.145062e-004
 8.672500e-001  3.189472e-004
 8.920000e-001  2.442338e-004
 9.167500e-001  3.402458e-004
 9.415000e-001  3.050413e-004
 9.662500e-001  2.686956e-004
 9.910000e-001  2.173017e-004
 1.015750e+000  2.043401e-004
 1.040500e+000  3.046596e-004
 1.065250e+000  2.711760e-004
 1.090000e+000  1.276714e-004
 1.114750e+000  1.744503e-004
 1.139500e+000  1.696987e-004
 1.164250e+000  2.055025e-004
 1.189000e+000  2.260027e-004
 1.213750e+000  2.342625e-004
 1.238500e+000  1.450639e-004
 1.263250e+000  1.464828e-004
 1.288000e+000  1.083660e-004
 1.312750e+000  1.456361e-004
 1.337500e+000  1.735486e-004
 1.362250e+000  1.722298e-004
 1.387000e+000  2.118822e-004
 1.411750e+000  2.522281e-004
 1.436500e+000  2.798088e-004
 1.461250e+000  2.585248e-004
 1.486000e+000  1.823754e-004
 1.510750e+000  1.605462e-004
 1.535500e+000  2.180762e-004
 1.560250e+000  2.294355e-004
 1.585000e+000  2.302279e-004
 1.609750e+000  2.220922e-004
 1.634500e+000  1.694984e-004
 1.659250e+000  1.980323e-004
 1.684000e+000  2.023017e-004
 1.708750e+000  1.833450e-004
 1.733500e+000  1.359459e-004
 1.758250e+000  1.640982e-004
 1.783000e+000  1.473393e-004
 1.807750e+000  1.180024e-004
 1.832500e+000  1.916541e-004
 1.857250e+000  2.501334e-004
 1.882000e+000  2.655921e-004
 1.906750e+000  2.681783e-004
 1.931500e+000  2.587455e-004
 1.956250e+000  2.367819e-004
 1.981000e+000  2.477622e-004
 2.005750e+000  1.850485e-004
 2.030500e+000  1.567254e-004
 2.055250e+000  2.004010e-004
 2.080000e+000  1.929238e-004
 2.104750e+000  2.601543e-004
 2.129500e+000  2.397742e-004
 2.154250e+000  3.126570e-004
 2.179000e+000  1.704299e-004
 2.203750e+000  1.399356e-004
 2.228500e+000  2.982689e-004
 2.253250e+000  2.895289e-004
 2.278000e+000  1.492400e-004
 2.302750e+000  2.253383e-004
 2.327500e+000  2.076727e-004
 2.352250e+000  1.950540e-004
 2.377000e+000  1.709943e-004
 2.401750e+000  1.671587e-004
 2.426500e+000  2.539979e-004
 2.451250e+000  1.912737e-004
 2.476000e+000  2.694364e-004
 2.500750e+000  2.756762e-004
 2.525500e+000  2.512264e-004
 2.550250e+000  3.150137e-004
 2.575000e+000  2.941581e-004
 2.599750e+000  2.584773e-004
 2.624500e+000  2.193859e-004
 2.649250e+000  2.389369e-004
 2.674000e+000  2.893966e-004
 2.698750e+000  2.396686e-004
 2.723500e+000  1.869868e-004
 2.748250e+000  1.872393e-004
 2.773000e+000  2.364185e-004
 2.797750e+000  2.455952e-004
 2.822500e+000  3.161470e-004
 2.847250e+000  2.350182e-004
 2.872000e+000  1.571077e-004
 2.896750e+000  2.519298e-004
 2.921500e+000  4.476131e-004
 2.946250e+000  5.632053e-004
 2.971000e+000  3.068937e-004
 2.995750e+000  2.044372e-004
 3.020500e+000  3.891725e-004
 3.045250e+000  2.917154e-004
 3.070000e+000  2.595970e-004
 3.094750e+000  2.509749e-004
 3.119500e+000  1.841110e-004
 3.144250e+000  1.803490e-004
 3.169000e+000  1.946428e-004
 3.193750e+000  2.014928e-004
 3.218500e+000  2.858479e-004
 3.243250e+000  2.891446e-004
 3.268000e+000  2.630564e-004
 3.292750e+000  3.110943e-004
 3.317500e+000  2.882977e-004
 3.342250e+000  3.438100e-004
 3.367000e+000  2.306095e-004
 3.391750e+000  2.952585e-004
 3.416500e+000  2.565595e-004
 3.441250e+000  2.711883e-004
 3.466000e+000  2.657355e-004
 3.490750e+000  2.801873e-004
 3.515500e+000  3.300678e-004
 3.540250e+000  3.374411e-004
 3.565000e+000  2.749620e-004
 3.589750e+000  3.075245e-004
 3.614500e+000  2.562619e-004
 3.639250e+000  2.919071e-004
 3.664000e+000  3.296145e-004
 3.688750e+000  2.468466e-004
 3.713500e+000  2.915640e-004
 3.738250e+000  2.737701e-004
 3.763000e+000  1.922679e-004
 3.787750e+000  2.888492e-004
 3.812500e+000  4.101725e-004
 3.837250e+000  3.643548e-004
 3.862000e+000  2.629145e-004
 3.886750e+000  2.258645e-004
 3.911500e+000  2.623661e-004
 3.936250e+000  3.337063e-004
 3.961000e+000  3.134632e-004
 3.985750e+000  3.383787e-004
 4.010500e+000  3.179738e-004
 4.035250e+000  2.029976e-004
 4.060000e+000  2.618272e-004
 4.084750e+000  4.113522e-004
 4.109500e+000  4.918875e-004
 4.134250e+000  4.026419e-004
 4.159000e+000  3.273630e-004
 4.183750e+000  2.826435e-004
 4.208500e+000  2.919941e-004
 4.233250e+000  2.048049e-004
 4.258000e+000  3.265068e-004
 4.282750e+000  3.550560e-004
 4.307500e+000  5.447328e-004
 4.332250e+000  2.649231e-004
 4.357000e+000  4.664881e-004
 4.381750e+000  4.020218e-004
 4.406500e+000  3.312674e-004
 4.431250e+000  3.558074e-004
 4.456000e+000  2.713863e-004
 4.480750e+000  4.193196e-004
 4.505500e+000  4.674064e-004
 4.530250e+000  3.455728e-004
 4.555000e+000  2.010720e-004
 4.579750e+000  2.823154e-004
 4.604500e+000  4.610734e-004
 4.629250e+000  4.157485e-004
 4.654000e+000  2.889292e-004
 4.678750e+000  3.521111e-004
 4.703500e+000  2.655218e-004
 4.728250e+000  2.361311e-004
 4.753000e+000  2.961694e-004
 4.777750e+000  2.858456e-004
 4.802500e+000  2.869912e-004
 4.827250e+000  2.758936e-004
 4.852000e+000  3.993640e-004
 4.876750e+000  2.774522e-004
 4.901500e+000  3.564905e-004
 4.926250e+000  2.179575e-004
 4.951000e+000  3.491157e-004
 4.975750e+000  4.457902e-004
 5.000500e+000  4.375062e-004
 5.025250e+000  3.385076e-004
 5.050000e+000  3.594758e-004
 5.074750e+000  4.258526e-004
 5.099500e+000  5.349892e-004
 5.124250e+000  4.472462e-004
 5.149000e+000  3.293100e-004
 5.173750e+000  4.937251e-004
 5.198500e+000  3.877130e-004
 5.223250e+000  2.972117e-004
 5.248000e+000  2.871753e-004
 5.272750e+000  2.377426e-004
 5.297500e+000  2.112410e-004
 5.322250e+000  2.486213e-004
 5.347000e+000  4.852751e-004
 5.371750e+000  4.918528e-004
 5.396500e+000  3.864373e-004
 5.421250e+000  3.565449e-004
 5.446000e+000  4.606364e-004
 5.470750e+000  5.292669e-004
 5.495500e+000  5.813442e-004
 5.520250e+000  4.447844e-004
 5.545000e+000  3.157145e-004
 5.569750e+000  3.868274e-004
 5.594500e+000  5.145334e-004
 5.619250e+000  3.760892e-004
 5.644000e+000  3.847568e-004
 5.668750e+000  3.653632e-004
 5.693500e+000  4.940462e-004
 5.718250e+000  3.704719e-004
 5.743000e+000  1.902514e-004
 5.767750e+000  2.125603e-004
 5.792500e+000  3.424982e-004
 5.817250e+000  4.521458e-004
 5.842000e+000  3.867464e-004
 5.866750e+000  6.242753e-004
 5.891500e+000  5.549444e-004
 5.916250e+000  3.476938e-004
 5.941000e+000  2.819499e-004
 5.965750e+000  3.184035e-004
 5.990500e+000  4.257363e-004
 6.015250e+000  4.319980e-004
 6.040000e+000  3.624329e-004
 6.064750e+000  4.294510e-004
 6.089500e+000  3.905737e-004
 6.114250e+000  3.410969e-004
 6.139000e+000  3.788205e-004
 6.163750e+000  4.126683e-004
 6.188500e+000  5.042521e-004
 6.213250e+000  4.833301e-004
 6.238000e+000  2.364785e-004
 6.262750e+000  3.622101e-004
 6.287500e+000  4.735431e-004
 6.312250e+000  4.977222e-004
 6.337000e+000  5.625409e-004
 6.361750e+000  7.038366e-004
 6.386500e+000  4.339008e-004
 6.411250e+000  3.813334e-004
 6.436000e+000  5.248691e-004
 6.460750e+000  5.387697e-004
 6.485500e+000  3.551096e-004
 6.510250e+000  4.131327e-004
 6.535000e+000  5.897768e-004
 6.559750e+000  6.065398e-004
 6.584500e+000  3.746747e-004
 6.609250e+000  3.950067e-004
 6.634000e+000  6.264058e-004
 6.658750e+000  7.238400e-004
 6.683500e+000  5.369302e-004
 6.708250e+000  5.430690e-004
 6.733000e+000  3.424563e-004
 6.757750e+000  2.012747e-004
 6.782500e+000  2.579849e-004
 6.807250e+000  4.222179e-004
 6.832000e+000  4.293068e-004
 6.856750e+000  4.437436e-004
 6.881500e+000  4.082680e-004
 6.906250e+000  6.729953e-004
 6.931000e+000  5.508061e-004
 6.955750e+000  3.715297e-004
 6.980500e+000  4.477948e-004
 7.005250e+000  3.872205e-004
 7.030000e+000  3.368646e-004
 7.054750e+000  3.405262e-004
 7.079500e+000  1.698472e-004
 7.104250e+000  4.295308e-004
 7.129000e+000  3.578543e-004
 7.153750e+000  3.421348e-004
 7.178500e+000  4.320050e-004
 7.203250e+000  3.878872e-004
 7.228000e+000  3.489046e-004
 7.252750e+000  3.927239e-004
 7.277500e+000  2.468533e-004
 7.302250e+000  3.614325e-004
 7.327000e+000  3.611070e-004
 7.351750e+000  4.593884e-004
 7.376500e+000  5.772348e-004
 7.401250e+000  4.525497e-004
 7.426000e+000  3.275180e-004
 7.450750e+000  4.246763e-004
 7.475500e+000  5.582358e-004
 7.500250e+000  2.730906e-004
 7.525000e+000  3.596936e-004
 7.549750e+000  3.928012e-004
 7.574500e+000  5.719503e-004
 7.599250e+000  4.087287e-004
 7.624000e+000  2.741776e-004
 7.648750e+000  4.425693e-004
 7.673500e+000  4.875358e-004
 7.698250e+000  6.076404e-004
 7.723000e+000  5.250497e-004
 7.747750e+000  5.835892e-004
 7.772500e+000  6.663276e-004
 7.797250e+000  7.466589e-004
 7.822000e+000  1.696452e-003
 7.846750e+000  1.861300e-003
 7.871500e+000  8.434024e-004
 7.896250e+000  4.498128e-004
 7.921000e+000  5.928958e-004
 7.945750e+000  6.726457e-004
 7.970500e+000  6.435202e-004
 7.995250e+000  7.547197e-004
 8.020000e+000  5.914858e-004
 8.044750e+000  5.865702e-004
 8.069500e+000  4.294231e-004
 8.094250e+000  4.576635e-004
 8.119000e+000  3.341941e-004
 8.143750e+000  4.871275e-004
 8.168500e+000  5.406310e-004
 8.193250e+000  4.230637e-004
 8.218000e+000  3.308158e-004
 8.242750e+000  5.286610e-004
 8.267500e+000  5.010020e-004
 8.292250e+000  3.971067e-004
 8.317000e+000  4.777405e-004
 8.341750e+000  4.438144e-004
 8.366500e+000  5.708720e-004
 8.391250e+000  4.964939e-004
 8.416000e+000  5.508297e-004
 8.440750e+000  5.509684e-004
 8.465500e+000  3.976635e-004
 8.490250e+000  6.315076e-004
 8.515000e+000  7.069345e-004
 8.539750e+000  6.404606e-004
 8.564500e+000  4.845619e-004
 8.589250e+000  4.262765e-004
 8.614000e+000  4.196777e-004
 8.638750e+000  5.378336e-004
 8.663500e+000  5.232773e-004
 8.688250e+000  6.265960e-004
 8.713000e+000  8.685622e-004
 8.737750e+000  7.938745e-004
 8.762500e+000  5.697414e-004
 8.787250e+000  4.173701e-004
 8.812000e+000  4.500048e-004
 8.836750e+000  5.213812e-004
 8.861500e+000  5.110534e-004
 8.886250e+000  5.492587e-004
 8.911000e+000  4.574027e-004
 8.935750e+000  4.653754e-004
 8.960500e+000  5.645000e-004
 8.985250e+000  6.367244e-004
 9.010000e+000  5.814714e-004
 9.034750e+000  7.938984e-004
 9.059500e+000  4.793920e-004
 9.084250e+000  6.243082e-004
 9.109000e+000  5.036639e-004
 9.133750e+000  3.733297e-004
 9.158500e+000  4.406099e-004
 9.183250e+000  8.665320e-004
 9.208000e+000  2.095871e-003
 9.232750e+000  9.914150e-004
 9.257500e+000  4.404651e-004
 9.282250e+000  3.092038e-004
 9.307000e+000  4.134506e-004
 9.331750e+000  6.353690e-004
 9.356500e+000  5.241812e-004
 9.381250e+000  5.558082e-004
 9.406000e+000  8.850973e-004
 9.430750e+000  8.944944e-004
 9.455500e+000  7.241310e-004
 9.480250e+000  5.409537e-004
 9.505000e+000  6.466848e-004
 9.529750e+000  5.853334e-004
 9.554500e+000  4.740826e-004
 9.579250e+000  3.612896e-004
 9.604000e+000  5.457474e-004
 9.628750e+000  7.294441e-004
 9.653500e+000  6.034980e-004
 9.678250e+000  6.049871e-004
 9.703000e+000  8.485172e-004
 9.727750e+000  7.238504e-004
 9.752500e+000  3.431912e-004
 9.777250e+000  3.651428e-004
 9.802000e+000  5.919048e-004
 9.826750e+000  7.988244e-004
 9.851500e+000  7.779870e-004
 9.876250e+000  5.974335e-004
 9.901000e+000  6.169409e-004
 9.925750e+000  4.754287e-004
 9.950500e+000  6.406055e-004
 9.975250e+000  8.598622e-004
 1.000000e+001  8.334949e-004
