 1.000000e+001  7.934340e-004
 1.061875e+001  7.874956e-004
 1.123750e+001  7.458693e-004
 1.185625e+001  7.569224e-004
 1.247500e+001  7.093500e-004
 1.309375e+001  6.776238e-004
 1.371250e+001  8.450503e-004
 1.433125e+001  7.204317e-004
 1.495000e+001  7.407638e-004
 1.556875e+001  8.021140e-004
 1.618750e+001  7.301866e-004
 1.680625e+001  7.676915e-004
 1.742500e+001  9.681915e-004
 1.804375e+001  9.765843e-004
 1.866250e+001  7.520604e-004
 1.928125e+001  6.970423e-004
 1.990000e+001  6.362920e-004
 2.051875e+001  5.452729e-004
 2.113750e+001  5.421106e-004
 2.175625e+001  4.801811e-004
 2.237500e+001  5.201168e-004
 2.299375e+001  7.099031e-004
 2.361250e+001  7.854392e-004
 2.423125e+001  7.792187e-004
 2.485000e+001  8.129050e-004
 2.546875e+001  8.219665e-004
 2.608750e+001  8.106601e-004
 2.670625e+001  7.215005e-004
 2.732500e+001  7.427475e-004
 2.794375e+001  8.447580e-004
 2.856250e+001  7.308647e-004
 2.918125e+001  7.627112e-004
 2.980000e+001  7.233299e-004
 3.041875e+001  6.808232e-004
 3.103750e+001  5.757988e-004
 3.165625e+001  6.118541e-004
 3.227500e+001  6.009539e-004
 3.289375e+001  5.271604e-004
 3.351250e+001  5.596985e-004
 3.413125e+001  5.486526e-004
 3.475000e+001  5.699366e-004
 3.536875e+001  8.716662e-004
 3.598750e+001  9.729888e-004
 3.660625e+001  6.927864e-004
 3.722500e+001  6.491807e-004
 3.784375e+001  6.176219e-004
 3.846250e+001  5.649992e-004
 3.908125e+001  5.560420e-004
 3.970000e+001  5.208849e-004
 4.031875e+001  3.563495e-004
 4.093750e+001  4.417202e-004
 4.155625e+001  4.780083e-004
 4.217500e+001  4.535475e-004
 4.279375e+001  5.614855e-004
 4.341250e+001  5.189578e-004
 4.403125e+001  4.034001e-004
 4.465000e+001  4.670604e-004
 4.526875e+001  4.639828e-004
 4.588750e+001  4.214081e-004
 4.650625e+001  3.734657e-004
 4.712500e+001  4.155401e-004
 4.774375e+001  5.723774e-004
 4.836250e+001  6.311928e-004
 4.898125e+001  1.611765e-003
 4.960000e+001  1.195209e-002
 5.021875e+001  1.486174e-002
 5.083750e+001  4.205601e-003
 5.145625e+001  5.837513e-004
 5.207500e+001  3.979619e-004
 5.269375e+001  3.799732e-004
 5.331250e+001  4.616195e-004
 5.393125e+001  3.575197e-004
 5.455000e+001  3.082453e-004
 5.516875e+001  3.119075e-004
 5.578750e+001  3.258843e-004
 5.640625e+001  2.894862e-004
 5.702500e+001  3.497093e-004
 5.764375e+001  3.485618e-004
 5.826250e+001  3.074852e-004
 5.888125e+001  2.933486e-004
 5.950000e+001  3.095766e-004
 6.011875e+001  3.332147e-004
 6.073750e+001  2.523264e-004
 6.135625e+001  2.641549e-004
 6.197500e+001  2.862575e-004
 6.259375e+001  2.799699e-004
 6.321250e+001  3.045180e-004
 6.383125e+001  3.257926e-004
 6.445000e+001  2.821407e-004
 6.506875e+001  2.771012e-004
 6.568750e+001  2.735313e-004
 6.630625e+001  2.728363e-004
 6.692500e+001  2.752010e-004
 6.754375e+001  3.015025e-004
 6.816250e+001  3.328217e-004
 6.878125e+001  2.913668e-004
 6.940000e+001  2.660247e-004
 7.001875e+001  2.141632e-004
 7.063750e+001  2.761890e-004
 7.125625e+001  2.761150e-004
 7.187500e+001  2.419558e-004
 7.249375e+001  2.371962e-004
 7.311250e+001  2.125613e-004
 7.373125e+001  2.505629e-004
 7.435000e+001  2.946481e-004
 7.496875e+001  2.843408e-004
 7.558750e+001  2.543529e-004
 7.620625e+001  1.981401e-004
 7.682500e+001  1.945902e-004
 7.744375e+001  1.595021e-004
 7.806250e+001  1.922395e-004
 7.868125e+001  2.351564e-004
 7.930000e+001  2.321861e-004
 7.991875e+001  1.886626e-004
 8.053750e+001  1.679509e-004
 8.115625e+001  1.825639e-004
 8.177500e+001  1.840804e-004
 8.239375e+001  1.616345e-004
 8.301250e+001  1.826100e-004
 8.363125e+001  1.367525e-004
 8.425000e+001  1.413423e-004
 8.486875e+001  1.472660e-004
 8.548750e+001  1.682748e-004
 8.610625e+001  1.944500e-004
 8.672500e+001  1.666085e-004
 8.734375e+001  1.494959e-004
 8.796250e+001  1.890205e-004
 8.858125e+001  2.127903e-004
 8.920000e+001  2.661710e-004
 8.981875e+001  1.650206e-004
 9.043750e+001  1.291018e-004
 9.105625e+001  1.410636e-004
 9.167500e+001  1.318227e-004
 9.229375e+001  1.312951e-004
 9.291250e+001  1.523523e-004
 9.353125e+001  1.222268e-004
 9.415000e+001  1.556878e-004
 9.476875e+001  1.517687e-004
 9.538750e+001  1.578341e-004
 9.600625e+001  1.454454e-004
 9.662500e+001  1.280212e-004
 9.724375e+001  1.506628e-004
 9.786250e+001  1.381314e-004
 9.848125e+001  1.447694e-004
 9.910000e+001  1.310661e-004
 9.971875e+001  2.420226e-004
 1.003375e+002  2.239651e-004
 1.009563e+002  1.250161e-004
 1.015750e+002  1.231515e-004
 1.021938e+002  1.428275e-004
 1.028125e+002  1.422279e-004
 1.034313e+002  1.410923e-004
 1.040500e+002  1.173789e-004
 1.046688e+002  1.375162e-004
 1.052875e+002  1.500452e-004
 1.059063e+002  1.259378e-004
 1.065250e+002  1.271247e-004
 1.071438e+002  1.281306e-004
 1.077625e+002  1.190079e-004
 1.083813e+002  1.258041e-004
 1.090000e+002  1.199757e-004
 1.096188e+002  1.026044e-004
 1.102375e+002  1.203541e-004
 1.108563e+002  1.362435e-004
 1.114750e+002  1.238972e-004
 1.120938e+002  1.108613e-004
 1.127125e+002  1.233160e-004
 1.133313e+002  1.247665e-004
 1.139500e+002  1.156636e-004
 1.145688e+002  1.413966e-004
 1.151875e+002  1.410480e-004
 1.158063e+002  1.240194e-004
 1.164250e+002  1.348337e-004
 1.170438e+002  1.379630e-004
 1.176625e+002  1.100380e-004
 1.182813e+002  1.103311e-004
 1.189000e+002  1.092976e-004
 1.195188e+002  1.591306e-004
 1.201375e+002  2.064704e-004
 1.207563e+002  1.214963e-004
 1.213750e+002  1.060898e-004
 1.219938e+002  1.022868e-004
 1.226125e+002  1.064087e-004
 1.232313e+002  1.165497e-004
 1.238500e+002  1.104078e-004
 1.244688e+002  1.108024e-004
 1.250875e+002  1.325307e-004
 1.257063e+002  1.015514e-004
 1.263250e+002  1.010520e-004
 1.269438e+002  1.114015e-004
 1.275625e+002  9.168733e-005
 1.281813e+002  1.073130e-004
 1.288000e+002  1.045369e-004
 1.294188e+002  8.112501e-005
 1.300375e+002  8.555463e-005
 1.306563e+002  1.044419e-004
 1.312750e+002  1.025093e-004
 1.318938e+002  8.189965e-005
 1.325125e+002  9.835981e-005
 1.331313e+002  1.106367e-004
 1.337500e+002  1.083988e-004
 1.343688e+002  1.087861e-004
 1.349875e+002  1.018401e-004
 1.356063e+002  8.409353e-005
 1.362250e+002  8.423567e-005
 1.368438e+002  9.197703e-005
 1.374625e+002  9.541550e-005
 1.380813e+002  9.186255e-005
 1.387000e+002  9.466371e-005
 1.393188e+002  8.355757e-005
 1.399375e+002  9.243572e-005
 1.405563e+002  9.406472e-005
 1.411750e+002  7.615928e-005
 1.417938e+002  8.814391e-005
 1.424125e+002  1.137778e-004
 1.430313e+002  1.026177e-004
 1.436500e+002  9.198453e-005
 1.442688e+002  8.453234e-005
 1.448875e+002  8.443647e-005
 1.455063e+002  9.004541e-005
 1.461250e+002  1.026889e-004
 1.467438e+002  1.006935e-004
 1.473625e+002  9.784670e-005
 1.479813e+002  1.053399e-004
 1.486000e+002  1.497618e-004
 1.492188e+002  1.300158e-003
 1.498375e+002  4.371512e-003
 1.504563e+002  3.418800e-003
 1.510750e+002  4.218279e-004
 1.516938e+002  1.279205e-004
 1.523125e+002  9.254088e-005
 1.529313e+002  8.812641e-005
 1.535500e+002  7.083337e-005
 1.541688e+002  7.770180e-005
 1.547875e+002  7.470008e-005
 1.554063e+002  8.554578e-005
 1.560250e+002  7.101999e-005
 1.566438e+002  6.804828e-005
 1.572625e+002  7.106662e-005
 1.578813e+002  7.172158e-005
 1.585000e+002  7.435137e-005
 1.591188e+002  7.286573e-005
 1.597375e+002  8.093932e-005
 1.603563e+002  9.553410e-005
 1.609750e+002  8.838145e-005
 1.615938e+002  7.457649e-005
 1.622125e+002  7.162799e-005
 1.628313e+002  8.261104e-005
 1.634500e+002  9.215914e-005
 1.640688e+002  8.150439e-005
 1.646875e+002  6.596077e-005
 1.653063e+002  6.847460e-005
 1.659250e+002  7.445939e-005
 1.665438e+002  8.722120e-005
 1.671625e+002  7.254449e-005
 1.677813e+002  7.511540e-005
 1.684000e+002  7.597750e-005
 1.690188e+002  6.532420e-005
 1.696375e+002  7.516190e-005
 1.702563e+002  9.239462e-005
 1.708750e+002  8.245271e-005
 1.714938e+002  7.483473e-005
 1.721125e+002  7.433948e-005
 1.727313e+002  7.980360e-005
 1.733500e+002  9.217045e-005
 1.739688e+002  7.592939e-005
 1.745875e+002  7.539793e-005
 1.752063e+002  7.538407e-005
 1.758250e+002  7.788475e-005
 1.764438e+002  7.022373e-005
 1.770625e+002  6.758979e-005
 1.776813e+002  8.010134e-005
 1.783000e+002  7.396862e-005
 1.789188e+002  7.441472e-005
 1.795375e+002  1.234435e-004
 1.801563e+002  1.699686e-004
 1.807750e+002  9.259646e-005
 1.813938e+002  7.752058e-005
 1.820125e+002  7.003191e-005
 1.826313e+002  7.641539e-005
 1.832500e+002  8.749884e-005
 1.838688e+002  8.601054e-005
 1.844875e+002  7.419186e-005
 1.851063e+002  6.805454e-005
 1.857250e+002  7.206667e-005
 1.863438e+002  8.516911e-005
 1.869625e+002  7.021226e-005
 1.875813e+002  6.991457e-005
 1.882000e+002  8.329167e-005
 1.888188e+002  7.682233e-005
 1.894375e+002  6.321342e-005
 1.900563e+002  6.573836e-005
 1.906750e+002  6.247116e-005
 1.912938e+002  6.664537e-005
 1.919125e+002  7.008037e-005
 1.925313e+002  7.616256e-005
 1.931500e+002  7.350764e-005
 1.937688e+002  5.696785e-005
 1.943875e+002  6.321295e-005
 1.950063e+002  5.900579e-005
 1.956250e+002  5.975274e-005
 1.962438e+002  6.135920e-005
 1.968625e+002  5.336054e-005
 1.974813e+002  6.544474e-005
 1.981000e+002  6.983918e-005
 1.987188e+002  7.623277e-005
 1.993375e+002  1.535371e-004
 1.999563e+002  3.308885e-004
 2.005750e+002  2.165458e-004
 2.011938e+002  6.716380e-005
 2.018125e+002  6.175885e-005
 2.024313e+002  6.517492e-005
 2.030500e+002  6.593374e-005
 2.036688e+002  7.149292e-005
 2.042875e+002  6.743316e-005
 2.049063e+002  6.642186e-005
 2.055250e+002  7.286711e-005
 2.061438e+002  7.530021e-005
 2.067625e+002  5.362824e-005
 2.073813e+002  6.511101e-005
 2.080000e+002  6.683195e-005
 2.086188e+002  7.629526e-005
 2.092375e+002  7.115068e-005
 2.098563e+002  6.319661e-005
 2.104750e+002  6.896771e-005
 2.110938e+002  7.193739e-005
 2.117125e+002  6.715129e-005
 2.123313e+002  7.034262e-005
 2.129500e+002  6.587136e-005
 2.135688e+002  5.216109e-005
 2.141875e+002  5.944228e-005
 2.148063e+002  6.200367e-005
 2.154250e+002  7.424320e-005
 2.160438e+002  7.032815e-005
 2.166625e+002  5.820912e-005
 2.172813e+002  5.184211e-005
 2.179000e+002  5.467322e-005
 2.185188e+002  6.420162e-005
 2.191375e+002  5.347930e-005
 2.197563e+002  4.481967e-005
 2.203750e+002  5.675486e-005
 2.209938e+002  5.548760e-005
 2.216125e+002  6.153647e-005
 2.222313e+002  6.682204e-005
 2.228500e+002  5.731961e-005
 2.234688e+002  5.328723e-005
 2.240875e+002  5.646048e-005
 2.247063e+002  5.349068e-005
 2.253250e+002  4.909977e-005
 2.259438e+002  6.470950e-005
 2.265625e+002  7.382472e-005
 2.271813e+002  5.756196e-005
 2.278000e+002  6.136318e-005
 2.284188e+002  6.591889e-005
 2.290375e+002  6.001027e-005
 2.296563e+002  6.377281e-005
 2.302750e+002  6.449460e-005
 2.308938e+002  6.026305e-005
 2.315125e+002  5.883358e-005
 2.321313e+002  6.125254e-005
 2.327500e+002  6.522277e-005
 2.333688e+002  5.703683e-005
 2.339875e+002  5.568887e-005
 2.346063e+002  5.604853e-005
 2.352250e+002  5.262067e-005
 2.358438e+002  5.053847e-005
 2.364625e+002  5.743509e-005
 2.370813e+002  6.476640e-005
 2.377000e+002  6.764438e-005
 2.383188e+002  5.892401e-005
 2.389375e+002  4.882889e-005
 2.395563e+002  9.790703e-005
 2.401750e+002  1.518553e-004
 2.407938e+002  7.923998e-005
 2.414125e+002  5.778634e-005
 2.420313e+002  5.063346e-005
 2.426500e+002  4.186789e-005
 2.432688e+002  4.167195e-005
 2.438875e+002  4.730151e-005
 2.445063e+002  5.413447e-005
 2.451250e+002  6.799097e-005
 2.457438e+002  6.458677e-005
 2.463625e+002  5.722438e-005
 2.469813e+002  5.176312e-005
 2.476000e+002  5.070704e-005
 2.482188e+002  5.290353e-005
 2.488375e+002  6.278875e-005
 2.494563e+002  9.203750e-004
 2.500750e+002  1.777379e-003
 2.506938e+002  8.712024e-004
 2.513125e+002  6.864686e-005
 2.519313e+002  5.680159e-005
 2.525500e+002  4.365129e-005
 2.531688e+002  5.747099e-005
 2.537875e+002  6.367920e-005
 2.544063e+002  6.113116e-005
 2.550250e+002  5.914171e-005
 2.556438e+002  5.913967e-005
 2.562625e+002  4.723897e-005
 2.568813e+002  4.367076e-005
 2.575000e+002  4.849617e-005
 2.581188e+002  4.579310e-005
 2.587375e+002  5.430859e-005
 2.593563e+002  5.139916e-005
 2.599750e+002  5.136151e-005
 2.605938e+002  5.366948e-005
 2.612125e+002  4.364562e-005
 2.618313e+002  4.479552e-005
 2.624500e+002  5.373390e-005
 2.630688e+002  5.255347e-005
 2.636875e+002  5.306692e-005
 2.643063e+002  5.624629e-005
 2.649250e+002  5.743467e-005
 2.655438e+002  5.853403e-005
 2.661625e+002  5.933336e-005
 2.667813e+002  4.471348e-005
 2.674000e+002  4.108737e-005
 2.680188e+002  4.278390e-005
 2.686375e+002  5.094176e-005
 2.692563e+002  4.500466e-005
 2.698750e+002  4.596982e-005
 2.704938e+002  4.898635e-005
 2.711125e+002  5.379740e-005
 2.717313e+002  5.580866e-005
 2.723500e+002  4.769481e-005
 2.729688e+002  4.945505e-005
 2.735875e+002  4.748131e-005
 2.742063e+002  4.565226e-005
 2.748250e+002  5.022278e-005
 2.754438e+002  5.034632e-005
 2.760625e+002  5.781672e-005
 2.766813e+002  5.238653e-005
 2.773000e+002  5.801556e-005
 2.779188e+002  5.319870e-005
 2.785375e+002  4.777263e-005
 2.791563e+002  4.298161e-005
 2.797750e+002  4.347529e-005
 2.803938e+002  4.290946e-005
 2.810125e+002  4.326121e-005
 2.816313e+002  4.275890e-005
 2.822500e+002  3.609426e-005
 2.828688e+002  3.970637e-005
 2.834875e+002  4.858264e-005
 2.841063e+002  4.565370e-005
 2.847250e+002  3.689794e-005
 2.853438e+002  4.083133e-005
 2.859625e+002  4.137112e-005
 2.865813e+002  3.780806e-005
 2.872000e+002  4.162299e-005
 2.878188e+002  3.938847e-005
 2.884375e+002  3.715569e-005
 2.890563e+002  4.453851e-005
 2.896750e+002  4.855965e-005
 2.902938e+002  4.568229e-005
 2.909125e+002  4.855308e-005
 2.915313e+002  4.476567e-005
 2.921500e+002  5.046934e-005
 2.927688e+002  4.616743e-005
 2.933875e+002  3.928052e-005
 2.940063e+002  4.471060e-005
 2.946250e+002  5.229489e-005
 2.952438e+002  5.493544e-005
 2.958625e+002  5.370591e-005
 2.964813e+002  4.564423e-005
 2.971000e+002  4.133819e-005
 2.977188e+002  4.798919e-005
 2.983375e+002  5.297037e-005
 2.989563e+002  5.328389e-005
 2.995750e+002  1.058349e-004
 3.001938e+002  1.466048e-004
 3.008125e+002  6.589915e-005
 3.014313e+002  4.106871e-005
 3.020500e+002  6.064152e-005
 3.026688e+002  3.373706e-004
 3.032875e+002  4.841557e-004
 3.039063e+002  1.664730e-004
 3.045250e+002  4.335031e-005
 3.051438e+002  3.830741e-005
 3.057625e+002  5.081667e-005
 3.063813e+002  5.724076e-005
 3.070000e+002  4.922113e-005
 3.076188e+002  4.232439e-005
 3.082375e+002  4.860224e-005
 3.088563e+002  4.726574e-005
 3.094750e+002  4.574846e-005
 3.100938e+002  4.350644e-005
 3.107125e+002  4.870186e-005
 3.113313e+002  3.945224e-005
 3.119500e+002  3.841041e-005
 3.125688e+002  4.354450e-005
 3.131875e+002  3.898199e-005
 3.138063e+002  3.478930e-005
 3.144250e+002  3.589047e-005
 3.150437e+002  4.346400e-005
 3.156625e+002  4.713408e-005
 3.162812e+002  3.938660e-005
 3.169000e+002  3.869023e-005
 3.175187e+002  3.843881e-005
 3.181375e+002  4.123018e-005
 3.187562e+002  3.315764e-005
 3.193750e+002  3.961837e-005
 3.199937e+002  4.756855e-005
 3.206125e+002  4.381988e-005
 3.212312e+002  4.346530e-005
 3.218500e+002  3.666778e-005
 3.224687e+002  3.971202e-005
 3.230875e+002  4.076555e-005
 3.237062e+002  4.023067e-005
 3.243250e+002  3.895163e-005
 3.249437e+002  3.937915e-005
 3.255625e+002  4.849778e-005
 3.261812e+002  4.124269e-005
 3.268000e+002  3.813213e-005
 3.274187e+002  4.032329e-005
 3.280375e+002  4.133275e-005
 3.286562e+002  3.913289e-005
 3.292750e+002  3.189581e-005
 3.298937e+002  3.384114e-005
 3.305125e+002  4.241905e-005
 3.311312e+002  3.927632e-005
 3.317500e+002  4.010543e-005
 3.323687e+002  4.357587e-005
 3.329875e+002  3.932318e-005
 3.336062e+002  3.898023e-005
 3.342250e+002  3.696744e-005
 3.348437e+002  3.767475e-005
 3.354625e+002  3.892727e-005
 3.360812e+002  4.135833e-005
 3.367000e+002  4.650837e-005
 3.373187e+002  4.436171e-005
 3.379375e+002  3.914685e-005
 3.385562e+002  3.749288e-005
 3.391750e+002  3.754393e-005
 3.397937e+002  3.552703e-005
 3.404125e+002  4.326350e-005
 3.410312e+002  4.229301e-005
 3.416500e+002  3.516663e-005
 3.422687e+002  3.721967e-005
 3.428875e+002  3.443765e-005
 3.435062e+002  3.908364e-005
 3.441250e+002  3.834403e-005
 3.447437e+002  3.034601e-005
 3.453625e+002  3.912617e-005
 3.459812e+002  4.113686e-005
 3.466000e+002  3.837213e-005
 3.472187e+002  3.847770e-005
 3.478375e+002  3.873512e-005
 3.484562e+002  4.573715e-005
 3.490750e+002  1.467435e-004
 3.496937e+002  9.622711e-004
 3.503125e+002  1.144050e-003
 3.509312e+002  3.105666e-004
 3.515500e+002  5.372261e-005
 3.521687e+002  4.386163e-005
 3.527875e+002  4.072721e-005
 3.534062e+002  4.227650e-005
 3.540250e+002  4.196187e-005
 3.546437e+002  3.557232e-005
 3.552625e+002  4.030570e-005
 3.558812e+002  3.232088e-005
 3.565000e+002  3.148837e-005
 3.571187e+002  3.675512e-005
 3.577375e+002  3.589649e-005
 3.583562e+002  3.209388e-005
 3.589750e+002  4.075021e-005
 3.595937e+002  9.064180e-005
 3.602125e+002  1.338280e-004
 3.608312e+002  5.982873e-005
 3.614500e+002  3.991684e-005
 3.620687e+002  4.287391e-005
 3.626875e+002  3.676177e-005
 3.633062e+002  3.753725e-005
 3.639250e+002  3.310026e-005
 3.645437e+002  3.437472e-005
 3.651625e+002  4.138982e-005
 3.657812e+002  3.513281e-005
 3.664000e+002  3.288558e-005
 3.670187e+002  3.399980e-005
 3.676375e+002  3.934557e-005
 3.682562e+002  4.250065e-005
 3.688750e+002  4.328156e-005
 3.694937e+002  3.757058e-005
 3.701125e+002  3.868714e-005
 3.707312e+002  3.512589e-005
 3.713500e+002  2.972557e-005
 3.719687e+002  3.188420e-005
 3.725875e+002  3.547232e-005
 3.732062e+002  3.784490e-005
 3.738250e+002  3.796487e-005
 3.744437e+002  3.472204e-005
 3.750625e+002  3.332917e-005
 3.756812e+002  3.034060e-005
 3.763000e+002  3.079407e-005
 3.769187e+002  3.415212e-005
 3.775375e+002  3.235123e-005
 3.781562e+002  3.341310e-005
 3.787750e+002  3.634188e-005
 3.793937e+002  4.019845e-005
 3.800125e+002  4.183899e-005
 3.806312e+002  3.727261e-005
 3.812500e+002  3.128357e-005
 3.818687e+002  3.538679e-005
 3.824875e+002  3.701348e-005
 3.831062e+002  3.534768e-005
 3.837250e+002  3.970900e-005
 3.843437e+002  4.127709e-005
 3.849625e+002  3.707207e-005
 3.855812e+002  3.124064e-005
 3.862000e+002  3.511238e-005
 3.868187e+002  3.621448e-005
 3.874375e+002  3.287068e-005
 3.880562e+002  3.779446e-005
 3.886750e+002  3.703404e-005
 3.892937e+002  3.321296e-005
 3.899125e+002  2.934785e-005
 3.905312e+002  3.308186e-005
 3.911500e+002  3.423344e-005
 3.917687e+002  3.667340e-005
 3.923875e+002  3.611883e-005
 3.930062e+002  3.523616e-005
 3.936250e+002  3.016581e-005
 3.942437e+002  3.152654e-005
 3.948625e+002  3.244634e-005
 3.954812e+002  3.478292e-005
 3.961000e+002  3.587894e-005
 3.967187e+002  2.987763e-005
 3.973375e+002  2.864751e-005
 3.979562e+002  2.684822e-005
 3.985750e+002  2.886128e-005
 3.991937e+002  3.746580e-005
 3.998125e+002  7.519926e-005
 4.004312e+002  6.652197e-005
 4.010500e+002  3.342819e-005
 4.016687e+002  3.257814e-005
 4.022875e+002  3.221241e-005
 4.029062e+002  3.158923e-005
 4.035250e+002  3.306632e-005
 4.041437e+002  2.946489e-005
 4.047625e+002  3.434518e-005
 4.053812e+002  2.990045e-005
 4.060000e+002  2.769283e-005
 4.066187e+002  3.001512e-005
 4.072375e+002  3.143444e-005
 4.078562e+002  3.479239e-005
 4.084750e+002  3.623201e-005
 4.090937e+002  2.772281e-005
 4.097125e+002  2.858941e-005
 4.103312e+002  2.879698e-005
 4.109500e+002  3.319070e-005
 4.115687e+002  3.592045e-005
 4.121875e+002  3.432373e-005
 4.128062e+002  3.125268e-005
 4.134250e+002  3.146840e-005
 4.140437e+002  3.207114e-005
 4.146625e+002  3.477573e-005
 4.152812e+002  3.422002e-005
 4.159000e+002  3.081294e-005
 4.165187e+002  2.926044e-005
 4.171375e+002  2.757865e-005
 4.177562e+002  2.887732e-005
 4.183750e+002  3.038071e-005
 4.189937e+002  2.936000e-005
 4.196125e+002  7.055341e-005
 4.202312e+002  1.119331e-004
 4.208500e+002  5.295091e-005
 4.214687e+002  3.094294e-005
 4.220875e+002  3.341620e-005
 4.227062e+002  3.587999e-005
 4.233250e+002  3.601852e-005
 4.239437e+002  3.533071e-005
 4.245625e+002  3.192250e-005
 4.251812e+002  2.922188e-005
 4.258000e+002  3.493284e-005
 4.264187e+002  3.062015e-005
 4.270375e+002  3.133267e-005
 4.276562e+002  3.685684e-005
 4.282750e+002  3.465335e-005
 4.288937e+002  3.137332e-005
 4.295125e+002  3.272871e-005
 4.301312e+002  3.105167e-005
 4.307500e+002  3.626794e-005
 4.313687e+002  2.625367e-005
 4.319875e+002  2.998163e-005
 4.326062e+002  3.031772e-005
 4.332250e+002  3.443418e-005
 4.338437e+002  3.597908e-005
 4.344625e+002  3.264756e-005
 4.350812e+002  3.262529e-005
 4.357000e+002  2.731060e-005
 4.363187e+002  2.773650e-005
 4.369375e+002  2.530309e-005
 4.375562e+002  2.302597e-005
 4.381750e+002  2.785225e-005
 4.387937e+002  3.162708e-005
 4.394125e+002  3.476547e-005
 4.400312e+002  3.342532e-005
 4.406500e+002  3.242340e-005
 4.412687e+002  3.217643e-005
 4.418875e+002  3.228711e-005
 4.425062e+002  2.658579e-005
 4.431250e+002  2.770111e-005
 4.437437e+002  2.766774e-005
 4.443625e+002  3.405348e-005
 4.449812e+002  2.975336e-005
 4.456000e+002  2.432056e-005
 4.462187e+002  2.805546e-005
 4.468375e+002  3.577251e-005
 4.474562e+002  3.125865e-005
 4.480750e+002  3.441198e-005
 4.486937e+002  3.444688e-005
 4.493125e+002  2.193943e-004
 4.499312e+002  7.022599e-004
 4.505500e+002  5.271337e-004
 4.511687e+002  6.289927e-005
 4.517875e+002  2.919183e-005
 4.524062e+002  2.680106e-005
 4.530250e+002  2.813811e-005
 4.536437e+002  3.194222e-005
 4.542625e+002  3.370947e-005
 4.548812e+002  3.066876e-005
 4.555000e+002  2.941533e-005
 4.561187e+002  2.595972e-005
 4.567375e+002  2.323936e-005
 4.573562e+002  2.981301e-005
 4.579750e+002  3.422014e-005
 4.585937e+002  2.945903e-005
 4.592125e+002  2.846164e-005
 4.598312e+002  2.944973e-005
 4.604500e+002  3.040277e-005
 4.610687e+002  3.446914e-005
 4.616875e+002  3.180319e-005
 4.623062e+002  3.171761e-005
 4.629250e+002  3.351157e-005
 4.635437e+002  3.197898e-005
 4.641625e+002  2.987728e-005
 4.647812e+002  2.957971e-005
 4.654000e+002  3.224713e-005
 4.660187e+002  3.164923e-005
 4.666375e+002  3.015555e-005
 4.672562e+002  3.359933e-005
 4.678750e+002  3.207338e-005
 4.684937e+002  2.529382e-005
 4.691125e+002  2.412259e-005
 4.697312e+002  2.913115e-005
 4.703500e+002  2.690949e-005
 4.709687e+002  2.783584e-005
 4.715875e+002  2.425686e-005
 4.722062e+002  3.032483e-005
 4.728250e+002  3.353861e-005
 4.734437e+002  3.090598e-005
 4.740625e+002  2.950533e-005
 4.746812e+002  3.014905e-005
 4.753000e+002  2.815809e-005
 4.759187e+002  2.830086e-005
 4.765375e+002  2.670775e-005
 4.771562e+002  2.421229e-005
 4.777750e+002  2.682841e-005
 4.783937e+002  3.010460e-005
 4.790125e+002  3.367223e-005
 4.796312e+002  7.034473e-005
 4.802500e+002  1.134239e-004
 4.808687e+002  5.439992e-005
 4.814875e+002  2.511898e-005
 4.821062e+002  3.093735e-005
 4.827250e+002  3.215125e-005
 4.833437e+002  3.079856e-005
 4.839625e+002  2.997676e-005
 4.845812e+002  2.232088e-005
 4.852000e+002  2.711366e-005
 4.858187e+002  3.077915e-005
 4.864375e+002  3.029941e-005
 4.870562e+002  2.857233e-005
 4.876750e+002  2.768218e-005
 4.882937e+002  2.457954e-005
 4.889125e+002  2.823921e-005
 4.895312e+002  2.683167e-005
 4.901500e+002  2.954532e-005
 4.907687e+002  3.064822e-005
 4.913875e+002  3.238540e-005
 4.920062e+002  3.748984e-005
 4.926250e+002  2.567596e-005
 4.932437e+002  2.711662e-005
 4.938625e+002  3.399550e-005
 4.944812e+002  3.416389e-005
 4.951000e+002  2.682783e-005
 4.957187e+002  2.780242e-005
 4.963375e+002  2.966606e-005
 4.969562e+002  3.401510e-005
 4.975750e+002  3.743599e-005
 4.981937e+002  3.068818e-005
 4.988125e+002  2.765642e-005
 4.994312e+002  2.905839e-005
 5.000500e+002  4.932335e-005
 5.006687e+002  3.471280e-005
 5.012875e+002  2.411690e-005
 5.019062e+002  2.579454e-005
 5.025250e+002  2.776602e-005
 5.031437e+002  2.911736e-005
 5.037625e+002  2.438887e-005
 5.043812e+002  2.865558e-005
 5.050000e+002  2.347054e-005
 5.056187e+002  2.275479e-005
 5.062375e+002  2.211011e-005
 5.068562e+002  2.315919e-005
 5.074750e+002  2.736237e-005
 5.080937e+002  3.148754e-005
 5.087125e+002  2.270042e-005
 5.093312e+002  2.011669e-005
 5.099500e+002  2.468871e-005
 5.105687e+002  2.449306e-005
 5.111875e+002  2.521199e-005
 5.118062e+002  2.382238e-005
 5.124250e+002  2.649576e-005
 5.130437e+002  3.014589e-005
 5.136625e+002  2.916613e-005
 5.142812e+002  2.529297e-005
 5.149000e+002  2.948005e-005
 5.155187e+002  3.309577e-005
 5.161375e+002  2.610533e-005
 5.167562e+002  2.383608e-005
 5.173750e+002  2.910457e-005
 5.179937e+002  2.972855e-005
 5.186125e+002  2.822106e-005
 5.192312e+002  2.800899e-005
 5.198500e+002  3.289354e-005
 5.204687e+002  2.979389e-005
 5.210875e+002  2.747245e-005
 5.217062e+002  2.422950e-005
 5.223250e+002  2.518083e-005
 5.229437e+002  2.870758e-005
 5.235625e+002  2.867617e-005
 5.241812e+002  2.819557e-005
 5.248000e+002  2.261601e-005
 5.254187e+002  2.581443e-005
 5.260375e+002  2.633992e-005
 5.266562e+002  2.258983e-005
 5.272750e+002  2.368228e-005
 5.278937e+002  2.181300e-005
 5.285125e+002  2.171602e-005
 5.291312e+002  2.412812e-005
 5.297500e+002  2.897179e-005
 5.303687e+002  2.692869e-005
 5.309875e+002  2.445156e-005
 5.316062e+002  2.690181e-005
 5.322250e+002  2.539660e-005
 5.328437e+002  2.660986e-005
 5.334625e+002  2.642594e-005
 5.340812e+002  2.447112e-005
 5.347000e+002  2.302964e-005
 5.353187e+002  2.829089e-005
 5.359375e+002  2.559297e-005
 5.365562e+002  2.493424e-005
 5.371750e+002  2.626658e-005
 5.377937e+002  2.294547e-005
 5.384125e+002  2.341898e-005
 5.390312e+002  2.807322e-005
 5.396500e+002  6.324373e-005
 5.402687e+002  1.062260e-004
 5.408875e+002  5.036109e-005
 5.415062e+002  2.500530e-005
 5.421250e+002  2.837900e-005
 5.427437e+002  2.796507e-005
 5.433625e+002  2.765096e-005
 5.439812e+002  2.684125e-005
 5.446000e+002  2.816765e-005
 5.452187e+002  2.600878e-005
 5.458375e+002  2.689253e-005
 5.464562e+002  2.451081e-005
 5.470750e+002  2.285008e-005
 5.476937e+002  2.213273e-005
 5.483125e+002  2.108501e-005
 5.489312e+002  2.380408e-005
 5.495500e+002  4.045388e-005
 5.501687e+002  5.589029e-005
 5.507875e+002  3.429254e-005
 5.514062e+002  3.090111e-005
 5.520250e+002  2.683424e-005
 5.526437e+002  2.797577e-005
 5.532625e+002  3.205073e-005
 5.538812e+002  2.774325e-005
 5.545000e+002  2.506000e-005
 5.551187e+002  2.416970e-005
 5.557375e+002  2.347545e-005
 5.563562e+002  2.294252e-005
 5.569750e+002  2.929221e-005
 5.575937e+002  2.919273e-005
 5.582125e+002  2.583400e-005
 5.588312e+002  2.217379e-005
 5.594500e+002  2.439834e-005
 5.600687e+002  2.601351e-005
 5.606875e+002  2.222150e-005
 5.613062e+002  2.238281e-005
 5.619250e+002  2.244229e-005
 5.625437e+002  2.335914e-005
 5.631625e+002  2.545131e-005
 5.637812e+002  2.366836e-005
 5.644000e+002  2.047692e-005
 5.650187e+002  2.600260e-005
 5.656375e+002  3.008548e-005
 5.662562e+002  2.705085e-005
 5.668750e+002  1.805087e-005
 5.674937e+002  2.473258e-005
 5.681125e+002  2.285984e-005
 5.687312e+002  2.380650e-005
 5.693500e+002  2.347757e-005
 5.699687e+002  2.056678e-005
 5.705875e+002  2.352810e-005
 5.712062e+002  2.336648e-005
 5.718250e+002  2.476740e-005
 5.724437e+002  2.828588e-005
 5.730625e+002  2.348103e-005
 5.736812e+002  2.372283e-005
 5.743000e+002  2.470123e-005
 5.749187e+002  2.254345e-005
 5.755375e+002  2.082462e-005
 5.761562e+002  2.135346e-005
 5.767750e+002  2.008419e-005
 5.773937e+002  2.014769e-005
 5.780125e+002  2.737794e-005
 5.786312e+002  3.307649e-005
 5.792500e+002  2.708448e-005
 5.798687e+002  2.425507e-005
 5.804875e+002  2.136368e-005
 5.811062e+002  2.145208e-005
 5.817250e+002  2.382546e-005
 5.823437e+002  2.476114e-005
 5.829625e+002  2.399473e-005
 5.835812e+002  2.878105e-005
 5.842000e+002  2.918922e-005
 5.848187e+002  2.686912e-005
 5.854375e+002  2.542430e-005
 5.860562e+002  2.550556e-005
 5.866750e+002  2.688478e-005
 5.872937e+002  2.445503e-005
 5.879125e+002  1.989693e-005
 5.885312e+002  2.245846e-005
 5.891500e+002  2.334450e-005
 5.897687e+002  1.811706e-005
 5.903875e+002  2.152970e-005
 5.910062e+002  2.405055e-005
 5.916250e+002  2.349023e-005
 5.922437e+002  2.380028e-005
 5.928625e+002  2.257624e-005
 5.934812e+002  2.105161e-005
 5.941000e+002  1.973095e-005
 5.947187e+002  2.292195e-005
 5.953375e+002  2.054035e-005
 5.959562e+002  1.645792e-005
 5.965750e+002  2.329856e-005
 5.971937e+002  2.810335e-005
 5.978125e+002  2.278357e-005
 5.984312e+002  2.012425e-005
 5.990500e+002  2.627408e-005
 5.996687e+002  6.333968e-005
 6.002875e+002  1.042274e-004
 6.009062e+002  5.006163e-005
 6.015250e+002  2.037372e-005
 6.021437e+002  2.180101e-005
 6.027625e+002  2.257845e-005
 6.033812e+002  2.671414e-005
 6.040000e+002  2.567443e-005
 6.046187e+002  2.348812e-005
 6.052375e+002  3.235570e-005
 6.058562e+002  1.700509e-004
 6.064750e+002  2.200589e-004
 6.070937e+002  6.995756e-005
 6.077125e+002  2.639477e-005
 6.083312e+002  1.814938e-005
 6.089500e+002  1.927782e-005
 6.095687e+002  2.019453e-005
 6.101875e+002  2.020977e-005
 6.108062e+002  2.556818e-005
 6.114250e+002  2.350135e-005
 6.120437e+002  2.181788e-005
 6.126625e+002  2.078628e-005
 6.132812e+002  2.268748e-005
 6.139000e+002  1.863020e-005
 6.145187e+002  2.581276e-005
 6.151375e+002  2.826232e-005
 6.157562e+002  2.314996e-005
 6.163750e+002  2.519229e-005
 6.169937e+002  1.928342e-005
 6.176125e+002  2.269537e-005
 6.182312e+002  2.379950e-005
 6.188500e+002  2.285040e-005
 6.194687e+002  2.345745e-005
 6.200875e+002  2.627722e-005
 6.207062e+002  2.449578e-005
 6.213250e+002  2.441442e-005
 6.219437e+002  2.399845e-005
 6.225625e+002  2.438145e-005
 6.231812e+002  2.383948e-005
 6.238000e+002  2.160329e-005
 6.244187e+002  2.057397e-005
 6.250375e+002  2.527027e-005
 6.256562e+002  2.328134e-005
 6.262750e+002  2.336645e-005
 6.268937e+002  2.454281e-005
 6.275125e+002  1.644083e-005
 6.281312e+002  2.169752e-005
 6.287500e+002  2.322297e-005
 6.293687e+002  2.099100e-005
 6.299875e+002  2.277269e-005
 6.306062e+002  2.665315e-005
 6.312250e+002  2.714027e-005
 6.318437e+002  2.096821e-005
 6.324625e+002  2.275984e-005
 6.330812e+002  2.340655e-005
 6.337000e+002  2.077442e-005
 6.343187e+002  2.159357e-005
 6.349375e+002  2.258145e-005
 6.355562e+002  2.283146e-005
 6.361750e+002  2.218001e-005
 6.367937e+002  2.152364e-005
 6.374125e+002  2.264234e-005
 6.380312e+002  2.591722e-005
 6.386500e+002  2.371357e-005
 6.392687e+002  1.907064e-005
 6.398875e+002  1.700416e-005
 6.405062e+002  2.126015e-005
 6.411250e+002  2.125888e-005
 6.417437e+002  2.334807e-005
 6.423625e+002  2.051720e-005
 6.429812e+002  2.276369e-005
 6.436000e+002  1.827908e-005
 6.442187e+002  2.371428e-005
 6.448375e+002  2.507254e-005
 6.454562e+002  1.912203e-005
 6.460750e+002  2.209125e-005
 6.466937e+002  2.130355e-005
 6.473125e+002  1.808804e-005
 6.479312e+002  2.256635e-005
 6.485500e+002  2.052106e-005
 6.491687e+002  3.035801e-005
 6.497875e+002  1.552144e-004
 6.504062e+002  1.760922e-004
 6.510250e+002  4.603057e-005
 6.516437e+002  2.107020e-005
 6.522625e+002  2.150480e-005
 6.528812e+002  1.927024e-005
 6.535000e+002  2.261100e-005
 6.541187e+002  2.182399e-005
 6.547375e+002  1.904200e-005
 6.553562e+002  1.900782e-005
 6.559750e+002  2.267838e-005
 6.565937e+002  2.641581e-005
 6.572125e+002  2.430659e-005
 6.578312e+002  2.254612e-005
 6.584500e+002  2.245264e-005
 6.590687e+002  2.207271e-005
 6.596875e+002  5.690665e-005
 6.603062e+002  9.877557e-005
 6.609250e+002  4.860033e-005
 6.615437e+002  2.152617e-005
 6.621625e+002  2.083860e-005
 6.627812e+002  1.923044e-005
 6.634000e+002  2.046106e-005
 6.640187e+002  2.642860e-005
 6.646375e+002  2.144214e-005
 6.652562e+002  1.934074e-005
 6.658750e+002  2.234450e-005
 6.664937e+002  2.456868e-005
 6.671125e+002  2.264105e-005
 6.677312e+002  2.283239e-005
 6.683500e+002  2.278164e-005
 6.689687e+002  2.013320e-005
 6.695875e+002  2.136277e-005
 6.702062e+002  2.084416e-005
 6.708250e+002  2.138683e-005
 6.714437e+002  2.174650e-005
 6.720625e+002  2.245938e-005
 6.726812e+002  2.129290e-005
 6.733000e+002  2.483727e-005
 6.739187e+002  2.497297e-005
 6.745375e+002  2.029649e-005
 6.751562e+002  1.623900e-005
 6.757750e+002  1.519825e-005
 6.763937e+002  1.540840e-005
 6.770125e+002  1.647637e-005
 6.776312e+002  2.130410e-005
 6.782500e+002  1.866906e-005
 6.788687e+002  1.696768e-005
 6.794875e+002  1.635412e-005
 6.801062e+002  2.042037e-005
 6.807250e+002  2.085721e-005
 6.813437e+002  1.895555e-005
 6.819625e+002  1.630646e-005
 6.825812e+002  1.504991e-005
 6.832000e+002  2.001099e-005
 6.838187e+002  2.039511e-005
 6.844375e+002  1.814745e-005
 6.850562e+002  2.067647e-005
 6.856750e+002  2.057572e-005
 6.862937e+002  1.922876e-005
 6.869125e+002  2.460391e-005
 6.875312e+002  2.612269e-005
 6.881500e+002  1.730923e-005
 6.887687e+002  2.004907e-005
 6.893875e+002  2.356955e-005
 6.900062e+002  1.819183e-005
 6.906250e+002  1.451044e-005
 6.912437e+002  1.950410e-005
 6.918625e+002  2.016573e-005
 6.924812e+002  2.180591e-005
 6.931000e+002  2.326669e-005
 6.937187e+002  2.319517e-005
 6.943375e+002  2.248713e-005
 6.949562e+002  2.021002e-005
 6.955750e+002  1.994182e-005
 6.961937e+002  2.133424e-005
 6.968125e+002  2.021364e-005
 6.974312e+002  2.158312e-005
 6.980500e+002  1.890018e-005
 6.986687e+002  1.835742e-005
 6.992875e+002  1.936632e-005
 6.999062e+002  1.977876e-005
 7.005250e+002  1.704797e-005
 7.011437e+002  1.851776e-005
 7.017625e+002  1.803040e-005
 7.023812e+002  1.794521e-005
 7.030000e+002  1.825645e-005
 7.036187e+002  1.983125e-005
 7.042375e+002  2.035973e-005
 7.048562e+002  2.013931e-005
 7.054750e+002  1.573421e-005
 7.060937e+002  1.833118e-005
 7.067125e+002  2.044371e-005
 7.073312e+002  2.043124e-005
 7.079500e+002  2.008244e-005
 7.085687e+002  1.681609e-005
 7.091875e+002  1.821671e-005
 7.098062e+002  2.117447e-005
 7.104250e+002  2.056611e-005
 7.110437e+002  1.804717e-005
 7.116625e+002  1.825191e-005
 7.122812e+002  1.696374e-005
 7.129000e+002  1.779983e-005
 7.135187e+002  2.015298e-005
 7.141375e+002  1.836861e-005
 7.147562e+002  1.641358e-005
 7.153750e+002  1.824356e-005
 7.159937e+002  1.883263e-005
 7.166125e+002  1.967070e-005
 7.172312e+002  1.948564e-005
 7.178500e+002  1.908571e-005
 7.184687e+002  1.825411e-005
 7.190875e+002  1.772609e-005
 7.197062e+002  5.489215e-005
 7.203250e+002  9.612066e-005
 7.209437e+002  4.924001e-005
 7.215625e+002  1.777702e-005
 7.221812e+002  1.818212e-005
 7.228000e+002  1.473792e-005
 7.234187e+002  1.415766e-005
 7.240375e+002  1.971714e-005
 7.246562e+002  2.094027e-005
 7.252750e+002  2.187739e-005
 7.258937e+002  1.873566e-005
 7.265125e+002  2.015807e-005
 7.271312e+002  2.221790e-005
 7.277500e+002  2.325177e-005
 7.283687e+002  2.103564e-005
 7.289875e+002  2.046252e-005
 7.296062e+002  1.956811e-005
 7.302250e+002  2.177440e-005
 7.308437e+002  2.001696e-005
 7.314625e+002  1.765141e-005
 7.320812e+002  1.784576e-005
 7.327000e+002  1.975706e-005
 7.333187e+002  2.095901e-005
 7.339375e+002  1.943597e-005
 7.345562e+002  2.008290e-005
 7.351750e+002  1.904310e-005
 7.357937e+002  2.125514e-005
 7.364125e+002  1.883982e-005
 7.370312e+002  1.869487e-005
 7.376500e+002  2.198876e-005
 7.382687e+002  2.102599e-005
 7.388875e+002  1.959446e-005
 7.395062e+002  1.905398e-005
 7.401250e+002  1.611884e-005
 7.407437e+002  1.759549e-005
 7.413625e+002  1.475343e-005
 7.419812e+002  1.848044e-005
 7.426000e+002  2.025622e-005
 7.432187e+002  1.860870e-005
 7.438375e+002  2.032615e-005
 7.444562e+002  1.890996e-005
 7.450750e+002  1.901704e-005
 7.456937e+002  1.857048e-005
 7.463125e+002  2.119805e-005
 7.469312e+002  2.264929e-005
 7.475500e+002  1.816993e-005
 7.481687e+002  1.707038e-005
 7.487875e+002  2.128882e-005
 7.494062e+002  5.474670e-005
 7.500250e+002  1.483032e-004
 7.506437e+002  1.050720e-004
 7.512625e+002  2.159007e-005
 7.518812e+002  2.131798e-005
 7.525000e+002  1.914389e-005
 7.531187e+002  1.912049e-005
 7.537375e+002  1.861623e-005
 7.543562e+002  2.121494e-005
 7.549750e+002  2.071265e-005
 7.555937e+002  1.898623e-005
 7.562125e+002  1.956062e-005
 7.568312e+002  2.226616e-005
 7.574500e+002  1.991624e-005
 7.580687e+002  1.522976e-005
 7.586875e+002  1.601882e-005
 7.593062e+002  1.869430e-005
 7.599250e+002  2.114479e-005
 7.605437e+002  1.735961e-005
 7.611625e+002  1.573390e-005
 7.617812e+002  1.910484e-005
 7.624000e+002  2.108769e-005
 7.630187e+002  1.866313e-005
 7.636375e+002  2.112224e-005
 7.642562e+002  1.853551e-005
 7.648750e+002  1.828639e-005
 7.654937e+002  1.720385e-005
 7.661125e+002  1.584537e-005
 7.667312e+002  1.968030e-005
 7.673500e+002  2.006684e-005
 7.679687e+002  1.822341e-005
 7.685875e+002  1.613421e-005
 7.692062e+002  1.765568e-005
 7.698250e+002  1.690716e-005
 7.704437e+002  1.590041e-005
 7.710625e+002  1.599603e-005
 7.716812e+002  1.777518e-005
 7.723000e+002  1.876160e-005
 7.729187e+002  1.829073e-005
 7.735375e+002  1.857259e-005
 7.741562e+002  1.791657e-005
 7.747750e+002  2.062259e-005
 7.753937e+002  1.980757e-005
 7.760125e+002  1.522532e-005
 7.766312e+002  1.801609e-005
 7.772500e+002  1.997776e-005
 7.778687e+002  1.740874e-005
 7.784875e+002  1.474833e-005
 7.791062e+002  1.581086e-005
 7.797250e+002  4.691856e-005
 7.803437e+002  8.826619e-005
 7.809625e+002  4.495993e-005
 7.815812e+002  1.822839e-005
 7.822000e+002  1.968551e-005
 7.828187e+002  2.005971e-005
 7.834375e+002  1.862344e-005
 7.840562e+002  2.048698e-005
 7.846750e+002  1.951799e-005
 7.852937e+002  1.868587e-005
 7.859125e+002  1.906166e-005
 7.865312e+002  1.819591e-005
 7.871500e+002  1.860457e-005
 7.877687e+002  1.789864e-005
 7.883875e+002  1.548133e-005
 7.890062e+002  1.404927e-005
 7.896250e+002  1.952896e-005
 7.902437e+002  2.052784e-005
 7.908625e+002  1.832621e-005
 7.914812e+002  1.965718e-005
 7.921000e+002  2.059171e-005
 7.927187e+002  2.139752e-005
 7.933375e+002  1.962014e-005
 7.939562e+002  2.086682e-005
 7.945750e+002  2.080622e-005
 7.951937e+002  1.716606e-005
 7.958125e+002  1.590193e-005
 7.964312e+002  1.530463e-005
 7.970500e+002  1.431507e-005
 7.976687e+002  1.597487e-005
 7.982875e+002  1.556619e-005
 7.989062e+002  1.859378e-005
 7.995250e+002  1.889566e-005
 8.001437e+002  1.947810e-005
 8.007625e+002  1.782590e-005
 8.013812e+002  2.027496e-005
 8.020000e+002  2.169186e-005
 8.026187e+002  1.954330e-005
 8.032375e+002  1.669465e-005
 8.038562e+002  1.840926e-005
 8.044750e+002  1.690563e-005
 8.050937e+002  1.634309e-005
 8.057125e+002  1.430118e-005
 8.063312e+002  1.657259e-005
 8.069500e+002  1.858172e-005
 8.075687e+002  1.815012e-005
 8.081875e+002  1.944489e-005
 8.088062e+002  1.517235e-005
 8.094250e+002  1.633894e-005
 8.100437e+002  1.928368e-005
 8.106625e+002  1.958479e-005
 8.112812e+002  2.004793e-005
 8.119000e+002  1.532581e-005
 8.125187e+002  1.699054e-005
 8.131375e+002  1.749826e-005
 8.137562e+002  1.663073e-005
 8.143750e+002  1.683756e-005
 8.149937e+002  1.596271e-005
 8.156125e+002  1.727743e-005
 8.162312e+002  1.553541e-005
 8.168500e+002  1.570927e-005
 8.174687e+002  1.951566e-005
 8.180875e+002  2.362460e-005
 8.187062e+002  1.846678e-005
 8.193250e+002  1.455798e-005
 8.199437e+002  1.412514e-005
 8.205625e+002  1.611999e-005
 8.211812e+002  1.880340e-005
 8.218000e+002  1.662146e-005
 8.224187e+002  1.526544e-005
 8.230375e+002  1.651489e-005
 8.236562e+002  1.738356e-005
 8.242750e+002  1.856024e-005
 8.248937e+002  2.143534e-005
 8.255125e+002  1.996373e-005
 8.261312e+002  1.823396e-005
 8.267500e+002  1.566861e-005
 8.273687e+002  1.283949e-005
 8.279875e+002  1.801695e-005
 8.286062e+002  1.971859e-005
 8.292250e+002  1.728511e-005
 8.298437e+002  2.070794e-005
 8.304625e+002  1.971344e-005
 8.310812e+002  1.678919e-005
 8.317000e+002  1.682454e-005
 8.323187e+002  1.657489e-005
 8.329375e+002  1.574479e-005
 8.335562e+002  1.614165e-005
 8.341750e+002  1.696879e-005
 8.347937e+002  1.715065e-005
 8.354125e+002  1.442839e-005
 8.360312e+002  1.604823e-005
 8.366500e+002  1.783543e-005
 8.372687e+002  1.621196e-005
 8.378875e+002  1.908799e-005
 8.385062e+002  2.065146e-005
 8.391250e+002  1.884174e-005
 8.397437e+002  5.031474e-005
 8.403625e+002  8.387546e-005
 8.409812e+002  3.978178e-005
 8.416000e+002  1.446679e-005
 8.422187e+002  1.557444e-005
 8.428375e+002  2.132799e-005
 8.434562e+002  1.962488e-005
 8.440750e+002  2.067185e-005
 8.446937e+002  1.687456e-005
 8.453125e+002  1.456463e-005
 8.459312e+002  1.888873e-005
 8.465500e+002  1.772845e-005
 8.471687e+002  1.716921e-005
 8.477875e+002  1.657422e-005
 8.484062e+002  1.498406e-005
 8.490250e+002  1.571705e-005
 8.496437e+002  7.176032e-005
 8.502625e+002  1.222964e-004
 8.508812e+002  5.493408e-005
 8.515000e+002  1.773849e-005
 8.521187e+002  1.558082e-005
 8.527375e+002  1.592810e-005
 8.533562e+002  1.781063e-005
 8.539750e+002  1.498149e-005
 8.545937e+002  1.470628e-005
 8.552125e+002  1.931244e-005
 8.558312e+002  1.853134e-005
 8.564500e+002  1.722514e-005
 8.570687e+002  1.566382e-005
 8.576875e+002  1.650510e-005
 8.583062e+002  1.600388e-005
 8.589250e+002  1.478246e-005
 8.595437e+002  1.662624e-005
 8.601625e+002  1.748282e-005
 8.607812e+002  1.643583e-005
 8.614000e+002  1.657908e-005
 8.620187e+002  1.521860e-005
 8.626375e+002  1.583311e-005
 8.632562e+002  1.678090e-005
 8.638750e+002  1.692624e-005
 8.644937e+002  1.710974e-005
 8.651125e+002  1.669894e-005
 8.657312e+002  1.821011e-005
 8.663500e+002  1.963264e-005
 8.669687e+002  1.871995e-005
 8.675875e+002  1.791766e-005
 8.682062e+002  2.007139e-005
 8.688250e+002  1.602336e-005
 8.694437e+002  1.669604e-005
 8.700625e+002  1.607270e-005
 8.706812e+002  1.837300e-005
 8.713000e+002  1.634125e-005
 8.719187e+002  1.422317e-005
 8.725375e+002  1.499726e-005
 8.731562e+002  1.459701e-005
 8.737750e+002  1.764752e-005
 8.743937e+002  1.495657e-005
 8.750125e+002  1.531755e-005
 8.756312e+002  1.486106e-005
 8.762500e+002  1.466744e-005
 8.768687e+002  1.445089e-005
 8.774875e+002  1.436379e-005
 8.781062e+002  1.707189e-005
 8.787250e+002  1.612097e-005
 8.793437e+002  1.582738e-005
 8.799625e+002  1.654936e-005
 8.805812e+002  1.717668e-005
 8.812000e+002  1.680524e-005
 8.818187e+002  1.990113e-005
 8.824375e+002  1.760518e-005
 8.830562e+002  1.295800e-005
 8.836750e+002  1.413992e-005
 8.842937e+002  1.664556e-005
 8.849125e+002  1.603413e-005
 8.855312e+002  1.465315e-005
 8.861500e+002  1.645628e-005
 8.867687e+002  2.000300e-005
 8.873875e+002  1.720969e-005
 8.880062e+002  1.508947e-005
 8.886250e+002  1.441632e-005
 8.892437e+002  1.663240e-005
 8.898625e+002  1.671014e-005
 8.904812e+002  1.847373e-005
 8.911000e+002  1.805885e-005
 8.917187e+002  1.799160e-005
 8.923375e+002  2.064271e-005
 8.929562e+002  1.702937e-005
 8.935750e+002  1.678906e-005
 8.941937e+002  1.576407e-005
 8.948125e+002  1.426618e-005
 8.954312e+002  1.451895e-005
 8.960500e+002  1.572255e-005
 8.966687e+002  1.548434e-005
 8.972875e+002  1.453560e-005
 8.979062e+002  1.383300e-005
 8.985250e+002  1.641454e-005
 8.991437e+002  1.708876e-005
 8.997625e+002  4.927402e-005
 9.003812e+002  8.616844e-005
 9.010000e+002  4.334614e-005
 9.016187e+002  1.609923e-005
 9.022375e+002  1.611896e-005
 9.028562e+002  1.632069e-005
 9.034750e+002  1.796969e-005
 9.040937e+002  1.793171e-005
 9.047125e+002  1.687343e-005
 9.053312e+002  1.674986e-005
 9.059500e+002  1.613652e-005
 9.065687e+002  1.712886e-005
 9.071875e+002  1.605796e-005
 9.078062e+002  1.473473e-005
 9.084250e+002  1.707461e-005
 9.090437e+002  7.503332e-005
 9.096625e+002  9.331952e-005
 9.102812e+002  3.074980e-005
 9.109000e+002  1.614402e-005
 9.115187e+002  1.384188e-005
 9.121375e+002  1.266633e-005
 9.127562e+002  1.368923e-005
 9.133750e+002  1.498469e-005
 9.139937e+002  1.488658e-005
 9.146125e+002  1.532482e-005
 9.152312e+002  1.482668e-005
 9.158500e+002  1.305063e-005
 9.164687e+002  1.502565e-005
 9.170875e+002  1.608223e-005
 9.177062e+002  1.454261e-005
 9.183250e+002  1.503272e-005
 9.189437e+002  1.509509e-005
 9.195625e+002  1.548010e-005
 9.201812e+002  1.497648e-005
 9.208000e+002  1.658934e-005
 9.214187e+002  1.530553e-005
 9.220375e+002  1.650965e-005
 9.226562e+002  1.668972e-005
 9.232750e+002  1.334633e-005
 9.238937e+002  1.364597e-005
 9.245125e+002  1.645585e-005
 9.251312e+002  2.055740e-005
 9.257500e+002  1.844392e-005
 9.263687e+002  1.897803e-005
 9.269875e+002  1.916570e-005
 9.276062e+002  1.253246e-005
 9.282250e+002  1.182227e-005
 9.288437e+002  1.452506e-005
 9.294625e+002  1.387757e-005
 9.300812e+002  1.675788e-005
 9.307000e+002  1.867981e-005
 9.313187e+002  1.526253e-005
 9.319375e+002  1.458814e-005
 9.325562e+002  1.390554e-005
 9.331750e+002  1.409742e-005
 9.337937e+002  1.444478e-005
 9.344125e+002  1.434120e-005
 9.350312e+002  1.857880e-005
 9.356500e+002  1.546156e-005
 9.362687e+002  1.322777e-005
 9.368875e+002  1.335477e-005
 9.375062e+002  1.588429e-005
 9.381250e+002  1.622177e-005
 9.387437e+002  1.565302e-005
 9.393625e+002  1.602045e-005
 9.399812e+002  1.382790e-005
 9.406000e+002  1.391410e-005
 9.412187e+002  1.123918e-005
 9.418375e+002  1.417299e-005
 9.424562e+002  1.664881e-005
 9.430750e+002  1.621925e-005
 9.436937e+002  1.653303e-005
 9.443125e+002  1.616150e-005
 9.449312e+002  1.468635e-005
 9.455500e+002  1.701625e-005
 9.461687e+002  1.464416e-005
 9.467875e+002  1.455413e-005
 9.474062e+002  1.453236e-005
 9.480250e+002  1.428762e-005
 9.486437e+002  1.461903e-005
 9.492625e+002  1.789376e-005
 9.498812e+002  6.556069e-005
 9.505000e+002  7.128206e-005
 9.511187e+002  2.066881e-005
 9.517375e+002  1.328693e-005
 9.523562e+002  1.692005e-005
 9.529750e+002  1.447163e-005
 9.535937e+002  1.670291e-005
 9.542125e+002  1.647945e-005
 9.548312e+002  1.469340e-005
 9.554500e+002  1.477225e-005
 9.560687e+002  1.632523e-005
 9.566875e+002  1.518192e-005
 9.573062e+002  1.490915e-005
 9.579250e+002  1.876548e-005
 9.585437e+002  1.707489e-005
 9.591625e+002  1.368091e-005
 9.597812e+002  3.946045e-005
 9.604000e+002  7.670133e-005
 9.610187e+002  4.143501e-005
 9.616375e+002  1.686395e-005
 9.622562e+002  1.425683e-005
 9.628750e+002  1.378815e-005
 9.634937e+002  1.311586e-005
 9.641125e+002  1.609645e-005
 9.647312e+002  1.692833e-005
 9.653500e+002  1.635944e-005
 9.659687e+002  1.633578e-005
 9.665875e+002  1.599145e-005
 9.672062e+002  1.112147e-005
 9.678250e+002  1.366769e-005
 9.684437e+002  1.524805e-005
 9.690625e+002  1.787353e-005
 9.696812e+002  1.693691e-005
 9.703000e+002  1.638939e-005
 9.709187e+002  1.818497e-005
 9.715375e+002  1.711390e-005
 9.721562e+002  1.509333e-005
 9.727750e+002  1.598794e-005
 9.733937e+002  1.482180e-005
 9.740125e+002  1.592487e-005
 9.746312e+002  1.669297e-005
 9.752500e+002  1.677722e-005
 9.758687e+002  1.666286e-005
 9.764875e+002  1.694999e-005
 9.771062e+002  1.665669e-005
 9.777250e+002  1.549804e-005
 9.783437e+002  1.462320e-005
 9.789625e+002  1.458817e-005
 9.795812e+002  1.269022e-005
 9.802000e+002  1.684022e-005
 9.808187e+002  1.642982e-005
 9.814375e+002  1.691132e-005
 9.820562e+002  1.638422e-005
 9.826750e+002  1.511606e-005
 9.832937e+002  1.495369e-005
 9.839125e+002  1.462007e-005
 9.845312e+002  1.391815e-005
 9.851500e+002  1.335709e-005
 9.857687e+002  1.312851e-005
 9.863875e+002  1.408061e-005
 9.870062e+002  1.518513e-005
 9.876250e+002  1.644114e-005
 9.882437e+002  1.608741e-005
 9.888625e+002  1.334694e-005
 9.894812e+002  1.208903e-005
 9.901000e+002  1.658864e-005
 9.907187e+002  1.915951e-005
 9.913375e+002  1.550100e-005
 9.919562e+002  1.611253e-005
 9.925750e+002  1.649744e-005
 9.931937e+002  1.642450e-005
 9.938125e+002  1.465720e-005
 9.944312e+002  1.352528e-005
 9.950500e+002  1.211239e-005
 9.956687e+002  1.309552e-005
 9.962875e+002  1.302425e-005
 9.969062e+002  1.452975e-005
 9.975250e+002  1.475394e-005
 9.981437e+002  1.285784e-005
 9.987625e+002  1.458619e-005
 9.993812e+002  5.540459e-005
 1.000000e+003  1.141576e-004
