 1.000000e+000  2.436967e-004
 1.247500e+000  2.182624e-004
 1.495000e+000  2.478049e-004
 1.742500e+000  3.076895e-004
 1.990000e+000  2.395699e-004
 2.237500e+000  2.123515e-004
 2.485000e+000  2.547545e-004
 2.732500e+000  2.504851e-004
 2.980000e+000  3.095044e-004
 3.227500e+000  2.928983e-004
 3.475000e+000  2.976084e-004
 3.722500e+000  3.269538e-004
 3.970000e+000  3.249171e-004
 4.217500e+000  4.096074e-004
 4.465000e+000  4.077620e-004
 4.712500e+000  3.943600e-004
 4.960000e+000  3.835817e-004
 5.207500e+000  4.567151e-004
 5.455000e+000  4.582649e-004
 5.702500e+000  4.320605e-004
 5.950000e+000  4.445904e-004
 6.197500e+000  3.391583e-004
 6.445000e+000  3.740508e-004
 6.692500e+000  5.329253e-004
 6.940000e+000  4.749550e-004
 7.187500e+000  4.913721e-004
 7.435000e+000  5.321750e-004
 7.682500e+000  7.739290e-004
 7.930000e+000  8.918829e-004
 8.177500e+000  6.883446e-004
 8.425000e+000  5.804522e-004
 8.672500e+000  5.721679e-004
 8.920000e+000  5.734499e-004
 9.167500e+000  6.547238e-004
 9.415000e+000  5.670685e-004
 9.662500e+000  7.444709e-004
 9.910000e+000  6.238425e-004
 1.015750e+001  5.736096e-004
 1.040500e+001  5.893884e-004
 1.065250e+001  4.866577e-004
 1.090000e+001  6.520938e-004
 1.114750e+001  5.906646e-004
 1.139500e+001  5.677394e-004
 1.164250e+001  5.623358e-004
 1.189000e+001  6.508194e-004
 1.213750e+001  8.633279e-004
 1.238500e+001  7.341547e-004
 1.263250e+001  7.161925e-004
 1.288000e+001  8.246706e-004
 1.312750e+001  7.518103e-004
 1.337500e+001  8.444854e-004
 1.362250e+001  7.063636e-004
 1.387000e+001  6.022732e-004
 1.411750e+001  8.135645e-004
 1.436500e+001  8.201313e-004
 1.461250e+001  8.235484e-004
 1.486000e+001  7.712590e-004
 1.510750e+001  8.118542e-004
 1.535500e+001  9.819835e-004
 1.560250e+001  8.688021e-004
 1.585000e+001  8.246649e-004
 1.609750e+001  6.792677e-004
 1.634500e+001  8.406380e-004
 1.659250e+001  1.037368e-003
 1.684000e+001  1.015164e-003
 1.708750e+001  1.038805e-003
 1.733500e+001  8.095853e-004
 1.758250e+001  8.669081e-004
 1.783000e+001  1.001053e-003
 1.807750e+001  8.149799e-004
 1.832500e+001  7.249506e-004
 1.857250e+001  5.909769e-004
 1.882000e+001  8.080314e-004
 1.906750e+001  6.828665e-004
 1.931500e+001  7.705738e-004
 1.956250e+001  7.677568e-004
 1.981000e+001  7.392269e-004
 2.005750e+001  7.176593e-004
 2.030500e+001  8.325013e-004
 2.055250e+001  9.042481e-004
 2.080000e+001  7.301815e-004
 2.104750e+001  5.954188e-004
 2.129500e+001  6.815434e-004
 2.154250e+001  6.661282e-004
 2.179000e+001  6.445384e-004
 2.203750e+001  8.348631e-004
 2.228500e+001  8.987361e-004
 2.253250e+001  7.501117e-004
 2.278000e+001  7.424703e-004
 2.302750e+001  8.342120e-004
 2.327500e+001  6.622196e-004
 2.352250e+001  6.454096e-004
 2.377000e+001  7.326251e-004
 2.401750e+001  7.971887e-004
 2.426500e+001  8.623656e-004
 2.451250e+001  7.202817e-004
 2.476000e+001  7.315783e-004
 2.500750e+001  5.574730e-004
 2.525500e+001  6.837894e-004
 2.550250e+001  6.438265e-004
 2.575000e+001  9.045133e-004
 2.599750e+001  9.938168e-004
 2.624500e+001  9.339519e-004
 2.649250e+001  7.407656e-004
 2.674000e+001  5.573732e-004
 2.698750e+001  6.093026e-004
 2.723500e+001  7.521230e-004
 2.748250e+001  7.492257e-004
 2.773000e+001  1.184469e-003
 2.797750e+001  1.082633e-003
 2.822500e+001  6.760133e-004
 2.847250e+001  5.750098e-004
 2.872000e+001  6.354976e-004
 2.896750e+001  6.902753e-004
 2.921500e+001  8.762233e-004
 2.946250e+001  7.540961e-004
 2.971000e+001  6.804264e-004
 2.995750e+001  6.431224e-004
 3.020500e+001  7.234660e-004
 3.045250e+001  5.693430e-004
 3.070000e+001  6.604517e-004
 3.094750e+001  6.149937e-004
 3.119500e+001  4.918472e-004
 3.144250e+001  5.011522e-004
 3.169000e+001  5.364770e-004
 3.193750e+001  7.144924e-004
 3.218500e+001  9.133157e-004
 3.243250e+001  6.948623e-004
 3.268000e+001  6.043692e-004
 3.292750e+001  5.385218e-004
 3.317500e+001  5.303274e-004
 3.342250e+001  4.963852e-004
 3.367000e+001  5.217991e-004
 3.391750e+001  4.436965e-004
 3.416500e+001  4.407708e-004
 3.441250e+001  5.473474e-004
 3.466000e+001  5.631810e-004
 3.490750e+001  5.910119e-004
 3.515500e+001  5.561179e-004
 3.540250e+001  7.981168e-004
 3.565000e+001  1.343626e-003
 3.589750e+001  8.239951e-004
 3.614500e+001  5.118558e-004
 3.639250e+001  4.653014e-004
 3.664000e+001  4.592092e-004
 3.688750e+001  5.800715e-004
 3.713500e+001  6.268527e-004
 3.738250e+001  4.410409e-004
 3.763000e+001  3.739348e-004
 3.787750e+001  3.901211e-004
 3.812500e+001  4.878658e-004
 3.837250e+001  5.692275e-004
 3.862000e+001  5.522468e-004
 3.886750e+001  4.655066e-004
 3.911500e+001  4.649403e-004
 3.936250e+001  4.687838e-004
 3.961000e+001  5.320497e-004
 3.985750e+001  5.357720e-004
 4.010500e+001  5.028810e-004
 4.035250e+001  4.507741e-004
 4.060000e+001  4.368144e-004
 4.084750e+001  5.882294e-004
 4.109500e+001  5.409306e-004
 4.134250e+001  4.007243e-004
 4.159000e+001  4.156906e-004
 4.183750e+001  4.850166e-004
 4.208500e+001  4.555198e-004
 4.233250e+001  4.772036e-004
 4.258000e+001  4.358727e-004
 4.282750e+001  4.628811e-004
 4.307500e+001  4.408461e-004
 4.332250e+001  3.596616e-004
 4.357000e+001  3.475500e-004
 4.381750e+001  4.189461e-004
 4.406500e+001  5.066692e-004
 4.431250e+001  5.353189e-004
 4.456000e+001  4.708718e-004
 4.480750e+001  4.478793e-004
 4.505500e+001  4.450396e-004
 4.530250e+001  4.422275e-004
 4.555000e+001  4.726259e-004
 4.579750e+001  4.291723e-004
 4.604500e+001  3.692890e-004
 4.629250e+001  4.124036e-004
 4.654000e+001  3.533518e-004
 4.678750e+001  3.116649e-004
 4.703500e+001  4.316061e-004
 4.728250e+001  3.726146e-004
 4.753000e+001  4.991036e-004
 4.777750e+001  7.302633e-004
 4.802500e+001  5.350240e-004
 4.827250e+001  3.832260e-004
 4.852000e+001  4.062941e-004
 4.876750e+001  3.233550e-004
 4.901500e+001  5.323808e-004
 4.926250e+001  6.382312e-004
 4.951000e+001  6.672188e-004
 4.975750e+001  9.797124e-003
 5.000500e+001  2.185295e-002
 5.025250e+001  1.219757e-002
 5.050000e+001  7.175550e-004
 5.074750e+001  4.435212e-004
 5.099500e+001  3.297102e-004
 5.124250e+001  4.405535e-004
 5.149000e+001  4.478753e-004
 5.173750e+001  3.374162e-004
 5.198500e+001  4.411468e-004
 5.223250e+001  5.174735e-004
 5.248000e+001  3.957941e-004
 5.272750e+001  2.652082e-004
 5.297500e+001  2.891300e-004
 5.322250e+001  4.388541e-004
 5.347000e+001  6.144311e-004
 5.371750e+001  4.615701e-004
 5.396500e+001  3.601618e-004
 5.421250e+001  3.694594e-004
 5.446000e+001  3.923650e-004
 5.470750e+001  3.463568e-004
 5.495500e+001  3.303214e-004
 5.520250e+001  2.985143e-004
 5.545000e+001  3.299925e-004
 5.569750e+001  3.219172e-004
 5.594500e+001  2.938675e-004
 5.619250e+001  3.644635e-004
 5.644000e+001  4.137203e-004
 5.668750e+001  4.074155e-004
 5.693500e+001  4.409000e-004
 5.718250e+001  3.624674e-004
 5.743000e+001  2.895352e-004
 5.767750e+001  2.979729e-004
 5.792500e+001  3.072088e-004
 5.817250e+001  2.969465e-004
 5.842000e+001  3.526637e-004
 5.866750e+001  3.639517e-004
 5.891500e+001  2.470028e-004
 5.916250e+001  2.645843e-004
 5.941000e+001  3.905060e-004
 5.965750e+001  3.474343e-004
 5.990500e+001  4.125450e-004
 6.015250e+001  3.877139e-004
 6.040000e+001  3.220812e-004
 6.064750e+001  2.636975e-004
 6.089500e+001  2.666994e-004
 6.114250e+001  2.885381e-004
 6.139000e+001  3.322842e-004
 6.163750e+001  3.422437e-004
 6.188500e+001  2.432069e-004
 6.213250e+001  2.540484e-004
 6.238000e+001  2.918667e-004
 6.262750e+001  2.301796e-004
 6.287500e+001  2.109123e-004
 6.312250e+001  2.160207e-004
 6.337000e+001  2.321634e-004
 6.361750e+001  1.806282e-004
 6.386500e+001  1.835948e-004
 6.411250e+001  2.520187e-004
 6.436000e+001  3.475560e-004
 6.460750e+001  3.003384e-004
 6.485500e+001  2.746009e-004
 6.510250e+001  2.729895e-004
 6.535000e+001  2.413710e-004
 6.559750e+001  2.719732e-004
 6.584500e+001  2.909983e-004
 6.609250e+001  2.942565e-004
 6.634000e+001  2.320251e-004
 6.658750e+001  2.772920e-004
 6.683500e+001  3.260622e-004
 6.708250e+001  2.892965e-004
 6.733000e+001  1.847424e-004
 6.757750e+001  2.425707e-004
 6.782500e+001  3.544839e-004
 6.807250e+001  2.621247e-004
 6.832000e+001  2.165297e-004
 6.856750e+001  2.644576e-004
 6.881500e+001  2.768515e-004
 6.906250e+001  3.652967e-004
 6.931000e+001  3.156023e-004
 6.955750e+001  2.203326e-004
 6.980500e+001  2.035857e-004
 7.005250e+001  2.184896e-004
 7.030000e+001  2.202729e-004
 7.054750e+001  2.474805e-004
 7.079500e+001  2.156041e-004
 7.104250e+001  2.404754e-004
 7.129000e+001  3.407388e-004
 7.153750e+001  2.608765e-004
 7.178500e+001  2.100003e-004
 7.203250e+001  2.354192e-004
 7.228000e+001  2.310196e-004
 7.252750e+001  2.130914e-004
 7.277500e+001  2.106115e-004
 7.302250e+001  1.841577e-004
 7.327000e+001  2.102974e-004
 7.351750e+001  2.079333e-004
 7.376500e+001  2.143704e-004
 7.401250e+001  2.402735e-004
 7.426000e+001  2.406242e-004
 7.450750e+001  2.003224e-004
 7.475500e+001  2.260865e-004
 7.500250e+001  2.094075e-004
 7.525000e+001  2.050203e-004
 7.549750e+001  1.792813e-004
 7.574500e+001  2.113339e-004
 7.599250e+001  2.298161e-004
 7.624000e+001  1.963870e-004
 7.648750e+001  1.919429e-004
 7.673500e+001  1.654317e-004
 7.698250e+001  2.192344e-004
 7.723000e+001  2.019559e-004
 7.747750e+001  1.877891e-004
 7.772500e+001  2.159896e-004
 7.797250e+001  1.996819e-004
 7.822000e+001  2.338037e-004
 7.846750e+001  1.967243e-004
 7.871500e+001  1.947985e-004
 7.896250e+001  2.139436e-004
 7.921000e+001  2.200466e-004
 7.945750e+001  2.139993e-004
 7.970500e+001  2.252037e-004
 7.995250e+001  2.105471e-004
 8.020000e+001  1.952186e-004
 8.044750e+001  2.337400e-004
 8.069500e+001  1.963090e-004
 8.094250e+001  1.721059e-004
 8.119000e+001  1.729524e-004
 8.143750e+001  1.609491e-004
 8.168500e+001  1.617374e-004
 8.193250e+001  2.092130e-004
 8.218000e+001  1.492874e-004
 8.242750e+001  1.698641e-004
 8.267500e+001  1.699416e-004
 8.292250e+001  1.567961e-004
 8.317000e+001  1.624048e-004
 8.341750e+001  1.374075e-004
 8.366500e+001  1.727162e-004
 8.391250e+001  1.674787e-004
 8.416000e+001  1.724268e-004
 8.440750e+001  1.674675e-004
 8.465500e+001  1.977617e-004
 8.490250e+001  1.806314e-004
 8.515000e+001  1.643319e-004
 8.539750e+001  1.751460e-004
 8.564500e+001  2.132333e-004
 8.589250e+001  1.975550e-004
 8.614000e+001  1.849206e-004
 8.638750e+001  1.503264e-004
 8.663500e+001  1.484217e-004
 8.688250e+001  1.697384e-004
 8.713000e+001  1.469911e-004
 8.737750e+001  1.508687e-004
 8.762500e+001  1.807021e-004
 8.787250e+001  1.545214e-004
 8.812000e+001  1.253435e-004
 8.836750e+001  1.824588e-004
 8.861500e+001  1.540426e-004
 8.886250e+001  2.101739e-004
 8.911000e+001  4.112145e-004
 8.935750e+001  3.085614e-004
 8.960500e+001  1.689921e-004
 8.985250e+001  1.882772e-004
 9.010000e+001  1.876722e-004
 9.034750e+001  1.783309e-004
 9.059500e+001  1.407742e-004
 9.084250e+001  1.545882e-004
 9.109000e+001  1.435912e-004
 9.133750e+001  1.259488e-004
 9.158500e+001  1.244882e-004
 9.183250e+001  1.242337e-004
 9.208000e+001  1.327570e-004
 9.232750e+001  1.485428e-004
 9.257500e+001  1.439178e-004
 9.282250e+001  1.389616e-004
 9.307000e+001  1.621613e-004
 9.331750e+001  1.503777e-004
 9.356500e+001  1.402626e-004
 9.381250e+001  1.415077e-004
 9.406000e+001  1.664538e-004
 9.430750e+001  1.416812e-004
 9.455500e+001  1.456936e-004
 9.480250e+001  1.527536e-004
 9.505000e+001  1.618717e-004
 9.529750e+001  1.593059e-004
 9.554500e+001  1.748409e-004
 9.579250e+001  1.618799e-004
 9.604000e+001  1.370294e-004
 9.628750e+001  1.684771e-004
 9.653500e+001  1.325932e-004
 9.678250e+001  1.439657e-004
 9.703000e+001  1.798375e-004
 9.727750e+001  1.736218e-004
 9.752500e+001  1.362054e-004
 9.777250e+001  1.022383e-004
 9.802000e+001  1.257952e-004
 9.826750e+001  1.623026e-004
 9.851500e+001  2.107598e-004
 9.876250e+001  2.042013e-004
 9.901000e+001  1.716985e-004
 9.925750e+001  1.529845e-004
 9.950500e+001  1.139795e-004
 9.975250e+001  2.118753e-004
 1.000000e+002  4.327066e-004
