 1.000000e-001  7.131245e-004
 1.247500e-001  5.235398e-004
 1.495000e-001  3.641244e-004
 1.742500e-001  5.492422e-004
 1.990000e-001  6.077588e-004
 2.237500e-001  5.112800e-004
 2.485000e-001  5.324559e-004
 2.732500e-001  3.610772e-004
 2.980000e-001  2.892411e-004
 3.227500e-001  3.119071e-004
 3.475000e-001  4.522389e-004
 3.722500e-001  3.639251e-004
 3.970000e-001  2.568946e-004
 4.217500e-001  2.986384e-004
 4.465000e-001  2.639215e-004
 4.712500e-001  2.156179e-004
 4.960000e-001  2.757866e-004
 5.207500e-001  2.549126e-004
 5.455000e-001  2.479707e-004
 5.702500e-001  2.809926e-004
 5.950000e-001  2.288060e-004
 6.197500e-001  2.569913e-004
 6.445000e-001  2.847364e-004
 6.692500e-001  3.083569e-004
 6.940000e-001  2.932934e-004
 7.187500e-001  2.318061e-004
 7.435000e-001  2.250723e-004
 7.682500e-001  2.600428e-004
 7.930000e-001  3.780529e-004
 8.177500e-001  2.843295e-004
 8.425000e-001  2.095535e-004
 8.672500e-001  1.793611e-004
 8.920000e-001  1.455011e-004
 9.167500e-001  2.095340e-004
 9.415000e-001  2.236636e-004
 9.662500e-001  2.248713e-004
 9.910000e-001  2.351886e-004
 1.015750e+000  2.572056e-004
 1.040500e+000  2.818636e-004
 1.065250e+000  2.918943e-004
 1.090000e+000  2.603690e-004
 1.114750e+000  2.234343e-004
 1.139500e+000  2.529695e-004
 1.164250e+000  2.397434e-004
 1.189000e+000  1.963308e-004
 1.213750e+000  1.323814e-004
 1.238500e+000  1.917201e-004
 1.263250e+000  2.436005e-004
 1.288000e+000  2.052754e-004
 1.312750e+000  1.889578e-004
 1.337500e+000  2.100046e-004
 1.362250e+000  2.478196e-004
 1.387000e+000  1.665860e-004
 1.411750e+000  2.036631e-004
 1.436500e+000  2.705457e-004
 1.461250e+000  2.503860e-004
 1.486000e+000  2.311594e-004
 1.510750e+000  1.716068e-004
 1.535500e+000  1.936320e-004
 1.560250e+000  2.237649e-004
 1.585000e+000  2.688555e-004
 1.609750e+000  2.308742e-004
 1.634500e+000  2.109755e-004
 1.659250e+000  1.453303e-004
 1.684000e+000  1.664112e-004
 1.708750e+000  1.297520e-004
 1.733500e+000  1.850696e-004
 1.758250e+000  2.482338e-004
 1.783000e+000  2.574273e-004
 1.807750e+000  2.534209e-004
 1.832500e+000  2.170921e-004
 1.857250e+000  2.123650e-004
 1.882000e+000  2.209492e-004
 1.906750e+000  1.933419e-004
 1.931500e+000  2.061946e-004
 1.956250e+000  2.795220e-004
 1.981000e+000  2.764579e-004
 2.005750e+000  3.151594e-004
 2.030500e+000  2.943518e-004
 2.055250e+000  2.563576e-004
 2.080000e+000  2.099880e-004
 2.104750e+000  1.766617e-004
 2.129500e+000  2.233154e-004
 2.154250e+000  2.004990e-004
 2.179000e+000  1.971580e-004
 2.203750e+000  2.509218e-004
 2.228500e+000  2.673667e-004
 2.253250e+000  2.278724e-004
 2.278000e+000  2.090934e-004
 2.302750e+000  2.043768e-004
 2.327500e+000  2.177677e-004
 2.352250e+000  2.549626e-004
 2.377000e+000  3.246176e-004
 2.401750e+000  2.800376e-004
 2.426500e+000  2.385891e-004
 2.451250e+000  2.237624e-004
 2.476000e+000  2.067884e-004
 2.500750e+000  2.124689e-004
 2.525500e+000  2.360558e-004
 2.550250e+000  2.477611e-004
 2.575000e+000  2.798627e-004
 2.599750e+000  1.829504e-004
 2.624500e+000  1.681266e-004
 2.649250e+000  1.338952e-004
 2.674000e+000  1.711105e-004
 2.698750e+000  2.014399e-004
 2.723500e+000  3.118421e-004
 2.748250e+000  3.649082e-004
 2.773000e+000  3.369169e-004
 2.797750e+000  2.284121e-004
 2.822500e+000  2.339790e-004
 2.847250e+000  2.131958e-004
 2.872000e+000  2.430205e-004
 2.896750e+000  3.191744e-004
 2.921500e+000  4.805360e-004
 2.946250e+000  6.601792e-004
 2.971000e+000  3.539645e-004
 2.995750e+000  1.906912e-004
 3.020500e+000  3.183188e-004
 3.045250e+000  3.151741e-004
 3.070000e+000  2.732884e-004
 3.094750e+000  3.239785e-004
 3.119500e+000  2.487223e-004
 3.144250e+000  2.691765e-004
 3.169000e+000  3.024260e-004
 3.193750e+000  2.106446e-004
 3.218500e+000  2.518888e-004
 3.243250e+000  2.638029e-004
 3.268000e+000  3.079176e-004
 3.292750e+000  3.117355e-004
 3.317500e+000  4.113788e-004
 3.342250e+000  3.947462e-004
 3.367000e+000  2.349537e-004
 3.391750e+000  2.057346e-004
 3.416500e+000  2.059688e-004
 3.441250e+000  2.606187e-004
 3.466000e+000  2.451934e-004
 3.490750e+000  2.670991e-004
 3.515500e+000  2.959584e-004
 3.540250e+000  3.500219e-004
 3.565000e+000  3.476534e-004
 3.589750e+000  4.141481e-004
 3.614500e+000  3.690904e-004
 3.639250e+000  2.224977e-004
 3.664000e+000  3.066676e-004
 3.688750e+000  3.079097e-004
 3.713500e+000  2.990709e-004
 3.738250e+000  3.133195e-004
 3.763000e+000  3.658585e-004
 3.787750e+000  3.346772e-004
 3.812500e+000  2.877403e-004
 3.837250e+000  2.488705e-004
 3.862000e+000  2.502771e-004
 3.886750e+000  3.099797e-004
 3.911500e+000  2.267221e-004
 3.936250e+000  2.692610e-004
 3.961000e+000  2.991556e-004
 3.985750e+000  3.289317e-004
 4.010500e+000  3.672497e-004
 4.035250e+000  4.065074e-004
 4.060000e+000  4.052013e-004
 4.084750e+000  2.929852e-004
 4.109500e+000  4.635062e-004
 4.134250e+000  4.109733e-004
 4.159000e+000  3.180662e-004
 4.183750e+000  3.176871e-004
 4.208500e+000  2.939540e-004
 4.233250e+000  4.270830e-004
 4.258000e+000  3.689248e-004
 4.282750e+000  3.588898e-004
 4.307500e+000  7.302331e-004
 4.332250e+000  6.536947e-004
 4.357000e+000  3.576279e-004
 4.381750e+000  4.316095e-004
 4.406500e+000  3.890687e-004
 4.431250e+000  3.377562e-004
 4.456000e+000  2.170946e-004
 4.480750e+000  3.687092e-004
 4.505500e+000  5.315576e-004
 4.530250e+000  4.143726e-004
 4.555000e+000  3.499010e-004
 4.579750e+000  3.106919e-004
 4.604500e+000  3.008310e-004
 4.629250e+000  3.263886e-004
 4.654000e+000  3.587743e-004
 4.678750e+000  3.166685e-004
 4.703500e+000  2.711245e-004
 4.728250e+000  3.954681e-004
 4.753000e+000  3.869981e-004
 4.777750e+000  3.339032e-004
 4.802500e+000  3.323390e-004
 4.827250e+000  2.937856e-004
 4.852000e+000  4.061143e-004
 4.876750e+000  3.672927e-004
 4.901500e+000  3.267679e-004
 4.926250e+000  2.806465e-004
 4.951000e+000  3.091292e-004
 4.975750e+000  1.887866e-004
 5.000500e+000  2.512604e-004
 5.025250e+000  2.699539e-004
 5.050000e+000  3.626613e-004
 5.074750e+000  3.691728e-004
 5.099500e+000  3.854312e-004
 5.124250e+000  3.067765e-004
 5.149000e+000  2.076353e-004
 5.173750e+000  3.345682e-004
 5.198500e+000  4.453314e-004
 5.223250e+000  4.453997e-004
 5.248000e+000  5.021108e-004
 5.272750e+000  4.697172e-004
 5.297500e+000  2.965258e-004
 5.322250e+000  3.589578e-004
 5.347000e+000  3.537915e-004
 5.371750e+000  2.879192e-004
 5.396500e+000  2.550421e-004
 5.421250e+000  2.851340e-004
 5.446000e+000  4.178589e-004
 5.470750e+000  5.957280e-004
 5.495500e+000  6.236690e-004
 5.520250e+000  4.040493e-004
 5.545000e+000  3.240761e-004
 5.569750e+000  3.294891e-004
 5.594500e+000  3.889468e-004
 5.619250e+000  3.097959e-004
 5.644000e+000  3.352733e-004
 5.668750e+000  3.506895e-004
 5.693500e+000  4.568019e-004
 5.718250e+000  3.923665e-004
 5.743000e+000  3.422806e-004
 5.767750e+000  4.877786e-004
 5.792500e+000  3.423958e-004
 5.817250e+000  2.478176e-004
 5.842000e+000  4.902828e-004
 5.866750e+000  5.291277e-004
 5.891500e+000  2.977206e-004
 5.916250e+000  3.577361e-004
 5.941000e+000  3.515992e-004
 5.965750e+000  2.874900e-004
 5.990500e+000  3.615846e-004
 6.015250e+000  5.418860e-004
 6.040000e+000  5.716490e-004
 6.064750e+000  6.672376e-004
 6.089500e+000  4.102652e-004
 6.114250e+000  3.724234e-004
 6.139000e+000  5.101923e-004
 6.163750e+000  3.793906e-004
 6.188500e+000  3.524137e-004
 6.213250e+000  4.376415e-004
 6.238000e+000  6.777105e-004
 6.262750e+000  4.238343e-004
 6.287500e+000  3.810426e-004
 6.312250e+000  3.358978e-004
 6.337000e+000  3.765314e-004
 6.361750e+000  4.673803e-004
 6.386500e+000  4.197849e-004
 6.411250e+000  3.397713e-004
 6.436000e+000  5.117606e-004
 6.460750e+000  8.251746e-004
 6.485500e+000  5.715890e-004
 6.510250e+000  3.968149e-004
 6.535000e+000  4.368425e-004
 6.559750e+000  2.993850e-004
 6.584500e+000  3.845665e-004
 6.609250e+000  4.775906e-004
 6.634000e+000  3.922273e-004
 6.658750e+000  4.216026e-004
 6.683500e+000  6.099037e-004
 6.708250e+000  7.034596e-004
 6.733000e+000  6.565623e-004
 6.757750e+000  5.490805e-004
 6.782500e+000  4.937074e-004
 6.807250e+000  5.188277e-004
 6.832000e+000  5.683669e-004
 6.856750e+000  4.513605e-004
 6.881500e+000  3.577978e-004
 6.906250e+000  3.789151e-004
 6.931000e+000  4.409338e-004
 6.955750e+000  4.968759e-004
 6.980500e+000  6.102323e-004
 7.005250e+000  4.395847e-004
 7.030000e+000  3.586402e-004
 7.054750e+000  5.226177e-004
 7.079500e+000  4.067337e-004
 7.104250e+000  3.790183e-004
 7.129000e+000  3.897768e-004
 7.153750e+000  3.968049e-004
 7.178500e+000  3.764269e-004
 7.203250e+000  5.091701e-004
 7.228000e+000  4.796152e-004
 7.252750e+000  5.526269e-004
 7.277500e+000  5.510292e-004
 7.302250e+000  4.437913e-004
 7.327000e+000  5.851966e-004
 7.351750e+000  4.872349e-004
 7.376500e+000  4.898015e-004
 7.401250e+000  4.729757e-004
 7.426000e+000  5.007399e-004
 7.450750e+000  3.973340e-004
 7.475500e+000  4.881600e-004
 7.500250e+000  2.883488e-004
 7.525000e+000  2.528515e-004
 7.549750e+000  4.118695e-004
 7.574500e+000  5.427664e-004
 7.599250e+000  6.030357e-004
 7.624000e+000  6.294372e-004
 7.648750e+000  5.409219e-004
 7.673500e+000  5.879541e-004
 7.698250e+000  6.712124e-004
 7.723000e+000  6.053737e-004
 7.747750e+000  6.309845e-004
 7.772500e+000  7.604744e-004
 7.797250e+000  6.295361e-004
 7.822000e+000  1.408837e-003
 7.846750e+000  1.690122e-003
 7.871500e+000  7.544748e-004
 7.896250e+000  7.050320e-004
 7.921000e+000  6.964938e-004
 7.945750e+000  7.389457e-004
 7.970500e+000  6.185747e-004
 7.995250e+000  5.431889e-004
 8.020000e+000  4.950243e-004
 8.044750e+000  6.153114e-004
 8.069500e+000  5.723446e-004
 8.094250e+000  4.062908e-004
 8.119000e+000  3.944468e-004
 8.143750e+000  3.348797e-004
 8.168500e+000  3.864148e-004
 8.193250e+000  4.365361e-004
 8.218000e+000  5.873025e-004
 8.242750e+000  6.111186e-004
 8.267500e+000  5.388725e-004
 8.292250e+000  5.764799e-004
 8.317000e+000  3.853981e-004
 8.341750e+000  5.478821e-004
 8.366500e+000  7.169984e-004
 8.391250e+000  6.486307e-004
 8.416000e+000  5.629771e-004
 8.440750e+000  2.510416e-004
 8.465500e+000  4.390396e-004
 8.490250e+000  6.449346e-004
 8.515000e+000  4.530330e-004
 8.539750e+000  5.513750e-004
 8.564500e+000  4.569047e-004
 8.589250e+000  7.191566e-004
 8.614000e+000  6.005170e-004
 8.638750e+000  4.133087e-004
 8.663500e+000  3.651328e-004
 8.688250e+000  6.212320e-004
 8.713000e+000  6.827194e-004
 8.737750e+000  5.626861e-004
 8.762500e+000  5.991140e-004
 8.787250e+000  4.831404e-004
 8.812000e+000  3.872285e-004
 8.836750e+000  3.857954e-004
 8.861500e+000  3.951745e-004
 8.886250e+000  3.048622e-004
 8.911000e+000  3.310797e-004
 8.935750e+000  4.744828e-004
 8.960500e+000  3.805672e-004
 8.985250e+000  3.447927e-004
 9.010000e+000  2.666812e-004
 9.034750e+000  3.945902e-004
 9.059500e+000  5.582708e-004
 9.084250e+000  6.306065e-004
 9.109000e+000  5.535427e-004
 9.133750e+000  7.186907e-004
 9.158500e+000  6.411930e-004
 9.183250e+000  9.668164e-004
 9.208000e+000  2.036395e-003
 9.232750e+000  1.265491e-003
 9.257500e+000  3.889113e-004
 9.282250e+000  5.136248e-004
 9.307000e+000  5.819476e-004
 9.331750e+000  5.624890e-004
 9.356500e+000  3.520330e-004
 9.381250e+000  4.686977e-004
 9.406000e+000  7.420761e-004
 9.430750e+000  5.925462e-004
 9.455500e+000  5.488376e-004
 9.480250e+000  6.950656e-004
 9.505000e+000  5.643762e-004
 9.529750e+000  3.699825e-004
 9.554500e+000  3.970026e-004
 9.579250e+000  4.019084e-004
 9.604000e+000  5.741829e-004
 9.628750e+000  6.330289e-004
 9.653500e+000  6.567801e-004
 9.678250e+000  5.073198e-004
 9.703000e+000  6.585318e-004
 9.727750e+000  3.275876e-004
 9.752500e+000  6.539060e-004
 9.777250e+000  6.989535e-004
 9.802000e+000  8.208044e-004
 9.826750e+000  8.106027e-004
 9.851500e+000  5.348883e-004
 9.876250e+000  8.310819e-004
 9.901000e+000  5.412399e-004
 9.925750e+000  4.534967e-004
 9.950500e+000  5.063615e-004
 9.975250e+000  3.859727e-004
 1.000000e+001  6.460418e-004
