 1.000000e+000  1.447611e-003
 1.247500e+000  1.038001e-003
 1.495000e+000  8.290177e-004
 1.742500e+000  1.010662e-003
 1.990000e+000  9.257745e-004
 2.237500e+000  8.564627e-004
 2.485000e+000  6.767707e-004
 2.732500e+000  6.304843e-004
 2.980000e+000  6.094375e-004
 3.227500e+000  5.613903e-004
 3.475000e+000  5.606767e-004
 3.722500e+000  4.443017e-004
 3.970000e+000  5.024284e-004
 4.217500e+000  5.207558e-004
 4.465000e+000  4.523198e-004
 4.712500e+000  4.304882e-004
 4.960000e+000  4.096406e-004
 5.207500e+000  4.132705e-004
 5.455000e+000  4.283996e-004
 5.702500e+000  4.622294e-004
 5.950000e+000  4.087704e-004
 6.197500e+000  4.020213e-004
 6.445000e+000  4.037597e-004
 6.692500e+000  3.648270e-004
 6.940000e+000  3.095005e-004
 7.187500e+000  3.002351e-004
 7.435000e+000  3.593211e-004
 7.682500e+000  3.133774e-004
 7.930000e+000  2.833490e-004
 8.177500e+000  3.060780e-004
 8.425000e+000  2.900133e-004
 8.672500e+000  2.688522e-004
 8.920000e+000  3.104782e-004
 9.167500e+000  3.052382e-004
 9.415000e+000  3.249566e-004
 9.662500e+000  3.184912e-004
 9.910000e+000  2.616487e-004
 1.015750e+001  2.431212e-004
 1.040500e+001  2.494678e-004
 1.065250e+001  2.491823e-004
 1.090000e+001  2.827660e-004
 1.114750e+001  2.913756e-004
 1.139500e+001  2.438092e-004
 1.164250e+001  2.248665e-004
 1.189000e+001  2.408723e-004
 1.213750e+001  2.373230e-004
 1.238500e+001  2.236390e-004
 1.263250e+001  2.517575e-004
 1.288000e+001  2.762830e-004
 1.312750e+001  2.830201e-004
 1.337500e+001  2.986707e-004
 1.362250e+001  2.345626e-004
 1.387000e+001  1.990124e-004
 1.411750e+001  2.493635e-004
 1.436500e+001  2.459383e-004
 1.461250e+001  2.399561e-004
 1.486000e+001  2.759155e-004
 1.510750e+001  2.824904e-004
 1.535500e+001  2.695390e-004
 1.560250e+001  2.819769e-004
 1.585000e+001  2.387085e-004
 1.609750e+001  2.123733e-004
 1.634500e+001  2.493443e-004
 1.659250e+001  2.367288e-004
 1.684000e+001  2.731774e-004
 1.708750e+001  2.548929e-004
 1.733500e+001  2.381558e-004
 1.758250e+001  2.445858e-004
 1.783000e+001  2.041844e-004
 1.807750e+001  2.273761e-004
 1.832500e+001  2.652092e-004
 1.857250e+001  2.686829e-004
 1.882000e+001  2.279258e-004
 1.906750e+001  2.263964e-004
 1.931500e+001  2.028672e-004
 1.956250e+001  2.123647e-004
 1.981000e+001  2.080154e-004
 2.005750e+001  2.106505e-004
 2.030500e+001  2.272689e-004
 2.055250e+001  2.464620e-004
 2.080000e+001  2.652689e-004
 2.104750e+001  2.474122e-004
 2.129500e+001  2.577335e-004
 2.154250e+001  2.356972e-004
 2.179000e+001  2.385869e-004
 2.203750e+001  2.529447e-004
 2.228500e+001  2.531775e-004
 2.253250e+001  2.573439e-004
 2.278000e+001  2.559312e-004
 2.302750e+001  2.288668e-004
 2.327500e+001  2.188043e-004
 2.352250e+001  2.173207e-004
 2.377000e+001  1.988800e-004
 2.401750e+001  1.996457e-004
 2.426500e+001  2.415714e-004
 2.451250e+001  2.483814e-004
 2.476000e+001  2.412790e-004
 2.500750e+001  2.202664e-004
 2.525500e+001  2.196964e-004
 2.550250e+001  2.080444e-004
 2.575000e+001  2.334964e-004
 2.599750e+001  2.721585e-004
 2.624500e+001  2.334651e-004
 2.649250e+001  1.950210e-004
 2.674000e+001  1.852754e-004
 2.698750e+001  1.925779e-004
 2.723500e+001  2.222918e-004
 2.748250e+001  2.073862e-004
 2.773000e+001  1.867685e-004
 2.797750e+001  1.868297e-004
 2.822500e+001  1.948208e-004
 2.847250e+001  2.218878e-004
 2.872000e+001  2.285808e-004
 2.896750e+001  2.449044e-004
 2.921500e+001  2.165803e-004
 2.946250e+001  1.987711e-004
 2.971000e+001  1.842518e-004
 2.995750e+001  1.777504e-004
 3.020500e+001  1.771224e-004
 3.045250e+001  2.004035e-004
 3.070000e+001  1.872415e-004
 3.094750e+001  2.090922e-004
 3.119500e+001  1.950164e-004
 3.144250e+001  1.794134e-004
 3.169000e+001  2.069855e-004
 3.193750e+001  1.818576e-004
 3.218500e+001  1.717658e-004
 3.243250e+001  1.784002e-004
 3.268000e+001  2.052429e-004
 3.292750e+001  1.846810e-004
 3.317500e+001  1.776021e-004
 3.342250e+001  1.925481e-004
 3.367000e+001  1.808100e-004
 3.391750e+001  1.720785e-004
 3.416500e+001  1.670283e-004
 3.441250e+001  1.824657e-004
 3.466000e+001  1.993664e-004
 3.490750e+001  1.617121e-004
 3.515500e+001  1.905990e-004
 3.540250e+001  1.880087e-004
 3.565000e+001  1.808832e-004
 3.589750e+001  2.211388e-004
 3.614500e+001  2.455494e-004
 3.639250e+001  2.157584e-004
 3.664000e+001  2.032481e-004
 3.688750e+001  1.953116e-004
 3.713500e+001  1.743359e-004
 3.738250e+001  1.905270e-004
 3.763000e+001  1.865522e-004
 3.787750e+001  2.132498e-004
 3.812500e+001  2.178470e-004
 3.837250e+001  1.793089e-004
 3.862000e+001  1.968213e-004
 3.886750e+001  2.100021e-004
 3.911500e+001  2.047829e-004
 3.936250e+001  1.960642e-004
 3.961000e+001  1.850359e-004
 3.985750e+001  1.602974e-004
 4.010500e+001  1.777713e-004
 4.035250e+001  2.004582e-004
 4.060000e+001  1.651649e-004
 4.084750e+001  1.661766e-004
 4.109500e+001  1.959877e-004
 4.134250e+001  1.962002e-004
 4.159000e+001  1.645560e-004
 4.183750e+001  1.729530e-004
 4.208500e+001  1.878719e-004
 4.233250e+001  1.853563e-004
 4.258000e+001  1.729262e-004
 4.282750e+001  1.729485e-004
 4.307500e+001  2.161235e-004
 4.332250e+001  2.197694e-004
 4.357000e+001  1.830979e-004
 4.381750e+001  2.028743e-004
 4.406500e+001  1.919753e-004
 4.431250e+001  2.097539e-004
 4.456000e+001  1.699833e-004
 4.480750e+001  1.658587e-004
 4.505500e+001  1.689575e-004
 4.530250e+001  1.724281e-004
 4.555000e+001  1.831360e-004
 4.579750e+001  1.942946e-004
 4.604500e+001  1.788589e-004
 4.629250e+001  1.609365e-004
 4.654000e+001  1.909014e-004
 4.678750e+001  1.926703e-004
 4.703500e+001  1.698327e-004
 4.728250e+001  1.595781e-004
 4.753000e+001  1.655296e-004
 4.777750e+001  1.960735e-004
 4.802500e+001  1.721041e-004
 4.827250e+001  2.107698e-004
 4.852000e+001  1.948014e-004
 4.876750e+001  2.079208e-004
 4.901500e+001  1.608971e-004
 4.926250e+001  1.482581e-004
 4.951000e+001  1.415111e-004
 4.975750e+001  6.998329e-004
 5.000500e+001  1.235989e-003
 5.025250e+001  5.846380e-004
 5.050000e+001  1.680917e-004
 5.074750e+001  1.975737e-004
 5.099500e+001  1.686709e-004
 5.124250e+001  1.718095e-004
 5.149000e+001  1.884777e-004
 5.173750e+001  1.816430e-004
 5.198500e+001  1.726600e-004
 5.223250e+001  1.671985e-004
 5.248000e+001  1.625009e-004
 5.272750e+001  1.727205e-004
 5.297500e+001  1.720952e-004
 5.322250e+001  1.829990e-004
 5.347000e+001  1.823133e-004
 5.371750e+001  1.654617e-004
 5.396500e+001  1.365547e-004
 5.421250e+001  1.413532e-004
 5.446000e+001  1.337337e-004
 5.470750e+001  1.328197e-004
 5.495500e+001  1.434928e-004
 5.520250e+001  1.601789e-004
 5.545000e+001  1.605012e-004
 5.569750e+001  1.524088e-004
 5.594500e+001  1.466226e-004
 5.619250e+001  1.608528e-004
 5.644000e+001  1.664530e-004
 5.668750e+001  1.565782e-004
 5.693500e+001  1.810576e-004
 5.718250e+001  1.644640e-004
 5.743000e+001  1.494487e-004
 5.767750e+001  1.531028e-004
 5.792500e+001  1.442195e-004
 5.817250e+001  1.505090e-004
 5.842000e+001  1.586128e-004
 5.866750e+001  1.572213e-004
 5.891500e+001  1.440502e-004
 5.916250e+001  1.585770e-004
 5.941000e+001  1.556536e-004
 5.965750e+001  1.755471e-004
 5.990500e+001  2.755252e-004
 6.015250e+001  2.579254e-004
 6.040000e+001  1.478797e-004
 6.064750e+001  1.829654e-004
 6.089500e+001  1.486654e-004
 6.114250e+001  1.245794e-004
 6.139000e+001  1.417578e-004
 6.163750e+001  1.608992e-004
 6.188500e+001  1.417994e-004
 6.213250e+001  1.522549e-004
 6.238000e+001  1.631950e-004
 6.262750e+001  1.451587e-004
 6.287500e+001  1.489880e-004
 6.312250e+001  1.574589e-004
 6.337000e+001  1.570603e-004
 6.361750e+001  1.218052e-004
 6.386500e+001  1.219391e-004
 6.411250e+001  1.588765e-004
 6.436000e+001  1.598283e-004
 6.460750e+001  1.403186e-004
 6.485500e+001  1.482273e-004
 6.510250e+001  1.813469e-004
 6.535000e+001  1.614009e-004
 6.559750e+001  1.628142e-004
 6.584500e+001  1.481741e-004
 6.609250e+001  1.409670e-004
 6.634000e+001  1.614450e-004
 6.658750e+001  1.398396e-004
 6.683500e+001  1.364535e-004
 6.708250e+001  1.418073e-004
 6.733000e+001  1.420383e-004
 6.757750e+001  1.424808e-004
 6.782500e+001  1.465511e-004
 6.807250e+001  1.377988e-004
 6.832000e+001  1.442041e-004
 6.856750e+001  1.322051e-004
 6.881500e+001  1.268880e-004
 6.906250e+001  1.411244e-004
 6.931000e+001  1.600230e-004
 6.955750e+001  1.322068e-004
 6.980500e+001  1.282356e-004
 7.005250e+001  1.515779e-004
 7.030000e+001  1.474922e-004
 7.054750e+001  1.443919e-004
 7.079500e+001  1.407134e-004
 7.104250e+001  1.517663e-004
 7.129000e+001  1.614749e-004
 7.153750e+001  1.782783e-004
 7.178500e+001  1.450151e-004
 7.203250e+001  1.298773e-004
 7.228000e+001  1.216143e-004
 7.252750e+001  1.328280e-004
 7.277500e+001  1.438421e-004
 7.302250e+001  1.273230e-004
 7.327000e+001  1.175565e-004
 7.351750e+001  1.136128e-004
 7.376500e+001  1.326055e-004
 7.401250e+001  1.268615e-004
 7.426000e+001  1.360284e-004
 7.450750e+001  1.258117e-004
 7.475500e+001  1.178137e-004
 7.500250e+001  1.206008e-004
 7.525000e+001  1.346266e-004
 7.549750e+001  1.479288e-004
 7.574500e+001  1.431707e-004
 7.599250e+001  1.368563e-004
 7.624000e+001  1.295957e-004
 7.648750e+001  1.267570e-004
 7.673500e+001  1.328175e-004
 7.698250e+001  1.446775e-004
 7.723000e+001  1.291264e-004
 7.747750e+001  1.010217e-004
 7.772500e+001  1.175477e-004
 7.797250e+001  1.512184e-004
 7.822000e+001  1.444551e-004
 7.846750e+001  1.178830e-004
 7.871500e+001  1.026819e-004
 7.896250e+001  1.169102e-004
 7.921000e+001  1.337471e-004
 7.945750e+001  2.207299e-004
 7.970500e+001  1.793459e-004
 7.995250e+001  1.205680e-004
 8.020000e+001  1.232596e-004
 8.044750e+001  1.034017e-004
 8.069500e+001  1.098057e-004
 8.094250e+001  1.323248e-004
 8.119000e+001  1.416230e-004
 8.143750e+001  1.565237e-004
 8.168500e+001  1.096264e-004
 8.193250e+001  1.169023e-004
 8.218000e+001  1.243357e-004
 8.242750e+001  1.106394e-004
 8.267500e+001  1.137674e-004
 8.292250e+001  1.225396e-004
 8.317000e+001  1.328028e-004
 8.341750e+001  1.132630e-004
 8.366500e+001  1.129817e-004
 8.391250e+001  1.298223e-004
 8.416000e+001  9.433190e-005
 8.440750e+001  1.331208e-004
 8.465500e+001  1.232322e-004
 8.490250e+001  1.222608e-004
 8.515000e+001  1.371115e-004
 8.539750e+001  1.113158e-004
 8.564500e+001  1.084014e-004
 8.589250e+001  1.155286e-004
 8.614000e+001  1.387194e-004
 8.638750e+001  1.373306e-004
 8.663500e+001  1.211639e-004
 8.688250e+001  1.145192e-004
 8.713000e+001  1.328200e-004
 8.737750e+001  1.257120e-004
 8.762500e+001  1.132995e-004
 8.787250e+001  1.055536e-004
 8.812000e+001  1.155675e-004
 8.836750e+001  1.268914e-004
 8.861500e+001  1.128760e-004
 8.886250e+001  1.071090e-004
 8.911000e+001  1.208714e-004
 8.935750e+001  1.306903e-004
 8.960500e+001  1.222241e-004
 8.985250e+001  1.182217e-004
 9.010000e+001  1.172714e-004
 9.034750e+001  1.069431e-004
 9.059500e+001  1.017550e-004
 9.084250e+001  1.179310e-004
 9.109000e+001  1.433847e-004
 9.133750e+001  1.352330e-004
 9.158500e+001  1.135169e-004
 9.183250e+001  1.016759e-004
 9.208000e+001  1.094037e-004
 9.232750e+001  1.118455e-004
 9.257500e+001  1.145002e-004
 9.282250e+001  1.008098e-004
 9.307000e+001  1.050775e-004
 9.331750e+001  1.178016e-004
 9.356500e+001  1.031300e-004
 9.381250e+001  1.168472e-004
 9.406000e+001  1.005163e-004
 9.430750e+001  1.098158e-004
 9.455500e+001  1.174919e-004
 9.480250e+001  1.160668e-004
 9.505000e+001  1.273972e-004
 9.529750e+001  1.120776e-004
 9.554500e+001  1.261675e-004
 9.579250e+001  1.410746e-004
 9.604000e+001  1.227681e-004
 9.628750e+001  9.572559e-005
 9.653500e+001  1.232349e-004
 9.678250e+001  1.343941e-004
 9.703000e+001  1.162705e-004
 9.727750e+001  1.133542e-004
 9.752500e+001  1.247534e-004
 9.777250e+001  1.049950e-004
 9.802000e+001  1.022895e-004
 9.826750e+001  1.101498e-004
 9.851500e+001  1.179171e-004
 9.876250e+001  1.203037e-004
 9.901000e+001  1.073032e-004
 9.925750e+001  1.184712e-004
 9.950500e+001  1.368980e-004
 9.975250e+001  1.370848e-004
 1.000000e+002  1.410460e-004
