 1.000000e+001  2.675599e-004
 1.061875e+001  2.606967e-004
 1.123750e+001  3.228390e-004
 1.185625e+001  3.010264e-004
 1.247500e+001  2.656408e-004
 1.309375e+001  2.856037e-004
 1.371250e+001  2.857179e-004
 1.433125e+001  2.435483e-004
 1.495000e+001  2.497395e-004
 1.556875e+001  2.578459e-004
 1.618750e+001  2.551370e-004
 1.680625e+001  2.577744e-004
 1.742500e+001  2.444285e-004
 1.804375e+001  2.301659e-004
 1.866250e+001  2.014202e-004
 1.928125e+001  2.434002e-004
 1.990000e+001  2.400845e-004
 2.051875e+001  2.247465e-004
 2.113750e+001  2.222241e-004
 2.175625e+001  2.190750e-004
 2.237500e+001  2.226746e-004
 2.299375e+001  2.394282e-004
 2.361250e+001  2.488402e-004
 2.423125e+001  2.384010e-004
 2.485000e+001  1.995730e-004
 2.546875e+001  1.895892e-004
 2.608750e+001  2.011858e-004
 2.670625e+001  2.205687e-004
 2.732500e+001  1.969220e-004
 2.794375e+001  2.099103e-004
 2.856250e+001  1.940845e-004
 2.918125e+001  1.998533e-004
 2.980000e+001  2.106961e-004
 3.041875e+001  2.201648e-004
 3.103750e+001  1.999049e-004
 3.165625e+001  1.925178e-004
 3.227500e+001  1.959350e-004
 3.289375e+001  2.238251e-004
 3.351250e+001  2.236029e-004
 3.413125e+001  2.180968e-004
 3.475000e+001  2.023588e-004
 3.536875e+001  2.085366e-004
 3.598750e+001  1.993261e-004
 3.660625e+001  1.931017e-004
 3.722500e+001  2.012906e-004
 3.784375e+001  2.115156e-004
 3.846250e+001  2.025794e-004
 3.908125e+001  2.015583e-004
 3.970000e+001  2.091823e-004
 4.031875e+001  1.944792e-004
 4.093750e+001  1.856907e-004
 4.155625e+001  1.931495e-004
 4.217500e+001  1.876988e-004
 4.279375e+001  2.136393e-004
 4.341250e+001  1.942116e-004
 4.403125e+001  1.819201e-004
 4.465000e+001  1.908415e-004
 4.526875e+001  1.850949e-004
 4.588750e+001  1.892326e-004
 4.650625e+001  1.905260e-004
 4.712500e+001  2.048331e-004
 4.774375e+001  2.071418e-004
 4.836250e+001  1.906552e-004
 4.898125e+001  2.025290e-004
 4.960000e+001  5.589002e-004
 5.021875e+001  6.539222e-004
 5.083750e+001  2.672731e-004
 5.145625e+001  2.009831e-004
 5.207500e+001  1.676259e-004
 5.269375e+001  1.595484e-004
 5.331250e+001  1.721863e-004
 5.393125e+001  1.583895e-004
 5.455000e+001  1.847382e-004
 5.516875e+001  1.890758e-004
 5.578750e+001  1.863298e-004
 5.640625e+001  1.842059e-004
 5.702500e+001  1.701877e-004
 5.764375e+001  1.690804e-004
 5.826250e+001  1.740470e-004
 5.888125e+001  1.724073e-004
 5.950000e+001  1.804021e-004
 6.011875e+001  2.421382e-004
 6.073750e+001  1.862372e-004
 6.135625e+001  1.526048e-004
 6.197500e+001  1.690306e-004
 6.259375e+001  1.707838e-004
 6.321250e+001  1.738284e-004
 6.383125e+001  1.627253e-004
 6.445000e+001  1.364755e-004
 6.506875e+001  1.235550e-004
 6.568750e+001  1.603954e-004
 6.630625e+001  1.578577e-004
 6.692500e+001  1.405704e-004
 6.754375e+001  1.439346e-004
 6.816250e+001  1.477107e-004
 6.878125e+001  1.468046e-004
 6.940000e+001  1.294506e-004
 7.001875e+001  1.306635e-004
 7.063750e+001  1.396013e-004
 7.125625e+001  1.397685e-004
 7.187500e+001  1.502138e-004
 7.249375e+001  1.275686e-004
 7.311250e+001  1.192079e-004
 7.373125e+001  1.213100e-004
 7.435000e+001  1.294028e-004
 7.496875e+001  1.389913e-004
 7.558750e+001  1.397788e-004
 7.620625e+001  1.335023e-004
 7.682500e+001  1.416953e-004
 7.744375e+001  1.504898e-004
 7.806250e+001  1.364838e-004
 7.868125e+001  1.209705e-004
 7.930000e+001  1.633114e-004
 7.991875e+001  1.703598e-004
 8.053750e+001  1.365779e-004
 8.115625e+001  1.232359e-004
 8.177500e+001  1.518748e-004
 8.239375e+001  1.487317e-004
 8.301250e+001  1.198825e-004
 8.363125e+001  1.346533e-004
 8.425000e+001  1.604038e-004
 8.486875e+001  1.495490e-004
 8.548750e+001  1.299348e-004
 8.610625e+001  1.257771e-004
 8.672500e+001  1.313361e-004
 8.734375e+001  1.245781e-004
 8.796250e+001  1.127186e-004
 8.858125e+001  1.141224e-004
 8.920000e+001  1.134896e-004
 8.981875e+001  1.187914e-004
 9.043750e+001  1.348650e-004
 9.105625e+001  1.294670e-004
 9.167500e+001  1.240938e-004
 9.229375e+001  1.456204e-004
 9.291250e+001  1.307335e-004
 9.353125e+001  1.160806e-004
 9.415000e+001  1.339371e-004
 9.476875e+001  1.355942e-004
 9.538750e+001  1.070161e-004
 9.600625e+001  1.047168e-004
 9.662500e+001  1.169103e-004
 9.724375e+001  1.108972e-004
 9.786250e+001  1.100860e-004
 9.848125e+001  1.259698e-004
 9.910000e+001  1.243527e-004
 9.971875e+001  1.288680e-004
 1.003375e+002  1.221232e-004
 1.009563e+002  1.139409e-004
 1.015750e+002  1.094930e-004
 1.021938e+002  1.014745e-004
 1.028125e+002  9.300148e-005
 1.034313e+002  8.247043e-005
 1.040500e+002  1.037461e-004
 1.046688e+002  1.236005e-004
 1.052875e+002  1.005765e-004
 1.059063e+002  1.029124e-004
 1.065250e+002  1.105476e-004
 1.071438e+002  1.142403e-004
 1.077625e+002  1.164298e-004
 1.083813e+002  1.006375e-004
 1.090000e+002  9.674928e-005
 1.096188e+002  1.008447e-004
 1.102375e+002  1.103650e-004
 1.108563e+002  1.145517e-004
 1.114750e+002  1.071648e-004
 1.120938e+002  1.049153e-004
 1.127125e+002  1.158467e-004
 1.133313e+002  1.026010e-004
 1.139500e+002  1.072448e-004
 1.145688e+002  1.180766e-004
 1.151875e+002  9.796024e-005
 1.158063e+002  9.537761e-005
 1.164250e+002  1.031346e-004
 1.170438e+002  1.074057e-004
 1.176625e+002  1.001221e-004
 1.182813e+002  8.785985e-005
 1.189000e+002  8.666941e-005
 1.195188e+002  1.162031e-004
 1.201375e+002  1.348321e-004
 1.207563e+002  9.595583e-005
 1.213750e+002  8.857840e-005
 1.219938e+002  8.823673e-005
 1.226125e+002  7.271777e-005
 1.232313e+002  8.899388e-005
 1.238500e+002  9.748908e-005
 1.244688e+002  1.000522e-004
 1.250875e+002  1.011554e-004
 1.257063e+002  1.075759e-004
 1.263250e+002  1.045112e-004
 1.269438e+002  9.537790e-005
 1.275625e+002  8.325420e-005
 1.281813e+002  9.041125e-005
 1.288000e+002  1.047915e-004
 1.294188e+002  9.706210e-005
 1.300375e+002  9.212198e-005
 1.306563e+002  8.507703e-005
 1.312750e+002  8.033540e-005
 1.318938e+002  8.948851e-005
 1.325125e+002  8.534122e-005
 1.331313e+002  9.499216e-005
 1.337500e+002  8.904311e-005
 1.343688e+002  9.495433e-005
 1.349875e+002  9.636183e-005
 1.356063e+002  1.060282e-004
 1.362250e+002  1.026042e-004
 1.368438e+002  9.195021e-005
 1.374625e+002  8.686482e-005
 1.380813e+002  7.335435e-005
 1.387000e+002  7.882565e-005
 1.393188e+002  9.149720e-005
 1.399375e+002  8.881902e-005
 1.405563e+002  8.958658e-005
 1.411750e+002  9.062449e-005
 1.417938e+002  9.706932e-005
 1.424125e+002  8.521713e-005
 1.430313e+002  7.556908e-005
 1.436500e+002  8.242277e-005
 1.442688e+002  7.748289e-005
 1.448875e+002  8.174131e-005
 1.455063e+002  8.265399e-005
 1.461250e+002  8.497142e-005
 1.467438e+002  8.581588e-005
 1.473625e+002  9.443545e-005
 1.479813e+002  9.266863e-005
 1.486000e+002  8.842029e-005
 1.492188e+002  1.701556e-004
 1.498375e+002  4.455813e-004
 1.504563e+002  3.076896e-004
 1.510750e+002  8.487765e-005
 1.516938e+002  7.160278e-005
 1.523125e+002  7.526861e-005
 1.529313e+002  7.692976e-005
 1.535500e+002  7.084260e-005
 1.541688e+002  6.725467e-005
 1.547875e+002  7.674279e-005
 1.554063e+002  8.652172e-005
 1.560250e+002  8.247237e-005
 1.566438e+002  7.514643e-005
 1.572625e+002  6.717368e-005
 1.578813e+002  6.909624e-005
 1.585000e+002  7.687422e-005
 1.591188e+002  7.642667e-005
 1.597375e+002  6.009152e-005
 1.603563e+002  7.291721e-005
 1.609750e+002  7.957898e-005
 1.615938e+002  6.733338e-005
 1.622125e+002  5.729373e-005
 1.628313e+002  6.198754e-005
 1.634500e+002  6.289627e-005
 1.640688e+002  6.870698e-005
 1.646875e+002  7.109947e-005
 1.653063e+002  7.079311e-005
 1.659250e+002  6.900205e-005
 1.665438e+002  6.779252e-005
 1.671625e+002  7.091470e-005
 1.677813e+002  6.770332e-005
 1.684000e+002  6.381499e-005
 1.690188e+002  6.192453e-005
 1.696375e+002  6.163611e-005
 1.702563e+002  5.934592e-005
 1.708750e+002  6.430197e-005
 1.714938e+002  5.824728e-005
 1.721125e+002  6.893145e-005
 1.727313e+002  7.556079e-005
 1.733500e+002  6.749715e-005
 1.739688e+002  7.429328e-005
 1.745875e+002  6.973641e-005
 1.752063e+002  6.703865e-005
 1.758250e+002  6.403764e-005
 1.764438e+002  6.721064e-005
 1.770625e+002  5.713964e-005
 1.776813e+002  5.742472e-005
 1.783000e+002  6.167922e-005
 1.789188e+002  6.612274e-005
 1.795375e+002  9.049570e-005
 1.801563e+002  1.226600e-004
 1.807750e+002  7.390502e-005
 1.813938e+002  5.931470e-005
 1.820125e+002  5.941097e-005
 1.826313e+002  6.604475e-005
 1.832500e+002  6.229362e-005
 1.838688e+002  7.594789e-005
 1.844875e+002  6.890823e-005
 1.851063e+002  5.564270e-005
 1.857250e+002  5.036347e-005
 1.863438e+002  5.182425e-005
 1.869625e+002  6.704307e-005
 1.875813e+002  7.713845e-005
 1.882000e+002  6.923283e-005
 1.888188e+002  6.095500e-005
 1.894375e+002  6.511134e-005
 1.900563e+002  5.979786e-005
 1.906750e+002  5.953271e-005
 1.912938e+002  6.517131e-005
 1.919125e+002  6.587163e-005
 1.925313e+002  6.641772e-005
 1.931500e+002  7.497227e-005
 1.937688e+002  6.184261e-005
 1.943875e+002  6.469839e-005
 1.950063e+002  6.090361e-005
 1.956250e+002  5.865547e-005
 1.962438e+002  6.008104e-005
 1.968625e+002  6.694523e-005
 1.974813e+002  6.381176e-005
 1.981000e+002  7.124224e-005
 1.987188e+002  6.509356e-005
 1.993375e+002  6.086346e-005
 1.999563e+002  8.139068e-005
 2.005750e+002  7.101635e-005
 2.011938e+002  5.403515e-005
 2.018125e+002  6.292488e-005
 2.024313e+002  6.559633e-005
 2.030500e+002  6.112153e-005
 2.036688e+002  6.973940e-005
 2.042875e+002  5.818087e-005
 2.049063e+002  4.652703e-005
 2.055250e+002  5.179841e-005
 2.061438e+002  5.583940e-005
 2.067625e+002  5.764520e-005
 2.073813e+002  5.785895e-005
 2.080000e+002  5.178047e-005
 2.086188e+002  5.794873e-005
 2.092375e+002  5.680239e-005
 2.098563e+002  5.974808e-005
 2.104750e+002  5.912878e-005
 2.110938e+002  5.515410e-005
 2.117125e+002  5.026108e-005
 2.123313e+002  5.724513e-005
 2.129500e+002  6.296897e-005
 2.135688e+002  5.889009e-005
 2.141875e+002  5.665193e-005
 2.148063e+002  5.518070e-005
 2.154250e+002  4.685195e-005
 2.160438e+002  4.595510e-005
 2.166625e+002  5.501590e-005
 2.172813e+002  5.953981e-005
 2.179000e+002  5.482463e-005
 2.185188e+002  5.807087e-005
 2.191375e+002  5.573527e-005
 2.197563e+002  5.667280e-005
 2.203750e+002  5.747513e-005
 2.209938e+002  5.408431e-005
 2.216125e+002  5.387888e-005
 2.222313e+002  5.740829e-005
 2.228500e+002  5.518133e-005
 2.234688e+002  4.948646e-005
 2.240875e+002  5.121541e-005
 2.247063e+002  5.020738e-005
 2.253250e+002  4.172178e-005
 2.259438e+002  4.119014e-005
 2.265625e+002  5.255759e-005
 2.271813e+002  5.441154e-005
 2.278000e+002  5.253899e-005
 2.284188e+002  5.355481e-005
 2.290375e+002  4.545773e-005
 2.296563e+002  4.957037e-005
 2.302750e+002  5.372333e-005
 2.308938e+002  4.687508e-005
 2.315125e+002  4.602208e-005
 2.321313e+002  4.863076e-005
 2.327500e+002  4.811787e-005
 2.333688e+002  5.216960e-005
 2.339875e+002  4.988045e-005
 2.346063e+002  5.146836e-005
 2.352250e+002  4.917764e-005
 2.358438e+002  4.951361e-005
 2.364625e+002  4.977180e-005
 2.370813e+002  5.443930e-005
 2.377000e+002  6.268424e-005
 2.383188e+002  5.373993e-005
 2.389375e+002  4.935816e-005
 2.395563e+002  8.291836e-005
 2.401750e+002  1.249534e-004
 2.407938e+002  6.769891e-005
 2.414125e+002  4.509697e-005
 2.420313e+002  4.594854e-005
 2.426500e+002  4.635405e-005
 2.432688e+002  5.186765e-005
 2.438875e+002  5.001274e-005
 2.445063e+002  4.855729e-005
 2.451250e+002  4.465883e-005
 2.457438e+002  4.581550e-005
 2.463625e+002  5.096090e-005
 2.469813e+002  4.301643e-005
 2.476000e+002  4.638122e-005
 2.482188e+002  5.357300e-005
 2.488375e+002  5.322704e-005
 2.494563e+002  1.121677e-004
 2.500750e+002  1.519581e-004
 2.506938e+002  6.768272e-005
 2.513125e+002  4.055691e-005
 2.519313e+002  4.528843e-005
 2.525500e+002  4.999182e-005
 2.531688e+002  5.444771e-005
 2.537875e+002  4.443242e-005
 2.544063e+002  4.531511e-005
 2.550250e+002  4.574165e-005
 2.556438e+002  4.155657e-005
 2.562625e+002  4.784360e-005
 2.568813e+002  4.705110e-005
 2.575000e+002  4.685655e-005
 2.581188e+002  4.581851e-005
 2.587375e+002  4.888300e-005
 2.593563e+002  4.582893e-005
 2.599750e+002  3.652976e-005
 2.605938e+002  3.264295e-005
 2.612125e+002  3.362579e-005
 2.618313e+002  4.050708e-005
 2.624500e+002  4.254258e-005
 2.630688e+002  4.402507e-005
 2.636875e+002  4.121500e-005
 2.643063e+002  3.859362e-005
 2.649250e+002  4.242196e-005
 2.655438e+002  4.839522e-005
 2.661625e+002  4.336070e-005
 2.667813e+002  3.912281e-005
 2.674000e+002  4.234457e-005
 2.680188e+002  4.443259e-005
 2.686375e+002  4.098835e-005
 2.692563e+002  4.377644e-005
 2.698750e+002  4.614602e-005
 2.704938e+002  4.112945e-005
 2.711125e+002  4.000816e-005
 2.717313e+002  3.962183e-005
 2.723500e+002  3.418842e-005
 2.729688e+002  3.738342e-005
 2.735875e+002  3.734560e-005
 2.742063e+002  4.157999e-005
 2.748250e+002  3.989583e-005
 2.754438e+002  3.755240e-005
 2.760625e+002  3.504779e-005
 2.766813e+002  3.473062e-005
 2.773000e+002  4.155792e-005
 2.779188e+002  4.126770e-005
 2.785375e+002  3.479978e-005
 2.791563e+002  4.108977e-005
 2.797750e+002  4.228364e-005
 2.803938e+002  3.590430e-005
 2.810125e+002  3.553515e-005
 2.816313e+002  4.058852e-005
 2.822500e+002  3.885191e-005
 2.828688e+002  3.665446e-005
 2.834875e+002  4.225520e-005
 2.841063e+002  4.792986e-005
 2.847250e+002  4.311047e-005
 2.853438e+002  3.916370e-005
 2.859625e+002  3.785625e-005
 2.865813e+002  4.350754e-005
 2.872000e+002  4.823729e-005
 2.878188e+002  4.366687e-005
 2.884375e+002  4.417831e-005
 2.890563e+002  3.512884e-005
 2.896750e+002  3.546084e-005
 2.902938e+002  3.082151e-005
 2.909125e+002  3.636277e-005
 2.915313e+002  4.077658e-005
 2.921500e+002  4.119514e-005
 2.927688e+002  4.004296e-005
 2.933875e+002  4.043414e-005
 2.940063e+002  3.991848e-005
 2.946250e+002  4.491593e-005
 2.952438e+002  4.354111e-005
 2.958625e+002  4.024622e-005
 2.964813e+002  4.029575e-005
 2.971000e+002  4.015006e-005
 2.977188e+002  3.691987e-005
 2.983375e+002  3.325003e-005
 2.989563e+002  3.853170e-005
 2.995750e+002  1.215219e-004
 3.001938e+002  1.626584e-004
 3.008125e+002  6.466639e-005
 3.014313e+002  4.235329e-005
 3.020500e+002  4.010350e-005
 3.026688e+002  4.005312e-005
 3.032875e+002  3.747904e-005
 3.039063e+002  3.939991e-005
 3.045250e+002  4.068865e-005
 3.051438e+002  4.358382e-005
 3.057625e+002  4.395090e-005
 3.063813e+002  4.583374e-005
 3.070000e+002  4.110629e-005
 3.076188e+002  3.442389e-005
 3.082375e+002  3.361554e-005
 3.088563e+002  3.556965e-005
 3.094750e+002  3.742890e-005
 3.100938e+002  3.821913e-005
 3.107125e+002  3.278887e-005
 3.113313e+002  3.459638e-005
 3.119500e+002  3.550260e-005
 3.125688e+002  3.643663e-005
 3.131875e+002  3.625624e-005
 3.138063e+002  4.023296e-005
 3.144250e+002  3.506752e-005
 3.150437e+002  3.562049e-005
 3.156625e+002  3.524699e-005
 3.162812e+002  3.397576e-005
 3.169000e+002  3.620231e-005
 3.175187e+002  3.713322e-005
 3.181375e+002  3.501198e-005
 3.187562e+002  3.463373e-005
 3.193750e+002  3.673557e-005
 3.199937e+002  3.872894e-005
 3.206125e+002  3.746050e-005
 3.212312e+002  3.365078e-005
 3.218500e+002  3.304213e-005
 3.224687e+002  3.283519e-005
 3.230875e+002  2.846098e-005
 3.237062e+002  3.116403e-005
 3.243250e+002  3.487183e-005
 3.249437e+002  3.783812e-005
 3.255625e+002  3.985913e-005
 3.261812e+002  3.679227e-005
 3.268000e+002  3.229981e-005
 3.274187e+002  3.044165e-005
 3.280375e+002  3.777233e-005
 3.286562e+002  3.535675e-005
 3.292750e+002  3.400680e-005
 3.298937e+002  3.134644e-005
 3.305125e+002  3.167130e-005
 3.311312e+002  3.382184e-005
 3.317500e+002  4.053374e-005
 3.323687e+002  4.222293e-005
 3.329875e+002  3.597622e-005
 3.336062e+002  3.350016e-005
 3.342250e+002  3.121112e-005
 3.348437e+002  3.717584e-005
 3.354625e+002  3.718308e-005
 3.360812e+002  3.334780e-005
 3.367000e+002  3.661473e-005
 3.373187e+002  3.471505e-005
 3.379375e+002  3.235891e-005
 3.385562e+002  3.746599e-005
 3.391750e+002  3.636866e-005
 3.397937e+002  3.519488e-005
 3.404125e+002  3.429171e-005
 3.410312e+002  3.241251e-005
 3.416500e+002  3.366476e-005
 3.422687e+002  3.309465e-005
 3.428875e+002  3.469643e-005
 3.435062e+002  3.860951e-005
 3.441250e+002  3.736268e-005
 3.447437e+002  3.592853e-005
 3.453625e+002  3.483077e-005
 3.459812e+002  3.872346e-005
 3.466000e+002  3.627561e-005
 3.472187e+002  3.164758e-005
 3.478375e+002  2.989886e-005
 3.484562e+002  2.920408e-005
 3.490750e+002  3.964047e-005
 3.496937e+002  9.997157e-005
 3.503125e+002  9.201754e-005
 3.509312e+002  3.927389e-005
 3.515500e+002  2.929091e-005
 3.521687e+002  3.386601e-005
 3.527875e+002  3.534290e-005
 3.534062e+002  3.482277e-005
 3.540250e+002  3.311612e-005
 3.546437e+002  3.419964e-005
 3.552625e+002  3.317497e-005
 3.558812e+002  3.399095e-005
 3.565000e+002  3.564769e-005
 3.571187e+002  2.826738e-005
 3.577375e+002  3.463228e-005
 3.583562e+002  3.902247e-005
 3.589750e+002  4.044594e-005
 3.595937e+002  8.608248e-005
 3.602125e+002  1.275477e-004
 3.608312e+002  5.654609e-005
 3.614500e+002  3.342728e-005
 3.620687e+002  3.267780e-005
 3.626875e+002  2.904129e-005
 3.633062e+002  3.158924e-005
 3.639250e+002  3.116184e-005
 3.645437e+002  3.579170e-005
 3.651625e+002  3.119595e-005
 3.657812e+002  3.016327e-005
 3.664000e+002  3.268213e-005
 3.670187e+002  3.339116e-005
 3.676375e+002  3.260831e-005
 3.682562e+002  3.118958e-005
 3.688750e+002  3.274281e-005
 3.694937e+002  3.389256e-005
 3.701125e+002  3.400148e-005
 3.707312e+002  3.546469e-005
 3.713500e+002  3.266034e-005
 3.719687e+002  3.313207e-005
 3.725875e+002  2.885857e-005
 3.732062e+002  3.115050e-005
 3.738250e+002  3.269028e-005
 3.744437e+002  3.105895e-005
 3.750625e+002  2.743293e-005
 3.756812e+002  2.708864e-005
 3.763000e+002  2.840918e-005
 3.769187e+002  3.179041e-005
 3.775375e+002  3.093050e-005
 3.781562e+002  3.107953e-005
 3.787750e+002  3.125644e-005
 3.793937e+002  2.607409e-005
 3.800125e+002  3.135289e-005
 3.806312e+002  3.005803e-005
 3.812500e+002  3.464757e-005
 3.818687e+002  3.411210e-005
 3.824875e+002  3.729493e-005
 3.831062e+002  3.340795e-005
 3.837250e+002  3.003816e-005
 3.843437e+002  2.546105e-005
 3.849625e+002  2.993422e-005
 3.855812e+002  3.298528e-005
 3.862000e+002  3.256423e-005
 3.868187e+002  3.313565e-005
 3.874375e+002  3.194550e-005
 3.880562e+002  3.563714e-005
 3.886750e+002  3.282188e-005
 3.892937e+002  3.218524e-005
 3.899125e+002  3.361299e-005
 3.905312e+002  3.355077e-005
 3.911500e+002  3.075462e-005
 3.917687e+002  3.282934e-005
 3.923875e+002  2.895701e-005
 3.930062e+002  3.058813e-005
 3.936250e+002  3.088642e-005
 3.942437e+002  3.024630e-005
 3.948625e+002  3.247636e-005
 3.954812e+002  2.841128e-005
 3.961000e+002  2.639584e-005
 3.967187e+002  2.886179e-005
 3.973375e+002  2.886241e-005
 3.979562e+002  2.760005e-005
 3.985750e+002  3.244610e-005
 3.991937e+002  4.018005e-005
 3.998125e+002  8.263245e-005
 4.004312e+002  5.772751e-005
 4.010500e+002  2.964238e-005
 4.016687e+002  2.953124e-005
 4.022875e+002  3.486574e-005
 4.029062e+002  3.588553e-005
 4.035250e+002  2.881361e-005
 4.041437e+002  3.119090e-005
 4.047625e+002  3.177180e-005
 4.053812e+002  3.043887e-005
 4.060000e+002  3.381239e-005
 4.066187e+002  3.362726e-005
 4.072375e+002  3.175717e-005
 4.078562e+002  3.274976e-005
 4.084750e+002  3.294071e-005
 4.090937e+002  2.392539e-005
 4.097125e+002  2.731388e-005
 4.103312e+002  3.351318e-005
 4.109500e+002  2.852743e-005
 4.115687e+002  2.574040e-005
 4.121875e+002  2.405973e-005
 4.128062e+002  2.593416e-005
 4.134250e+002  2.756777e-005
 4.140437e+002  2.577229e-005
 4.146625e+002  2.483766e-005
 4.152812e+002  2.699920e-005
 4.159000e+002  3.104065e-005
 4.165187e+002  3.067396e-005
 4.171375e+002  3.049262e-005
 4.177562e+002  2.693648e-005
 4.183750e+002  3.043284e-005
 4.189937e+002  3.131925e-005
 4.196125e+002  7.295587e-005
 4.202312e+002  1.269028e-004
 4.208500e+002  6.737542e-005
 4.214687e+002  2.619418e-005
 4.220875e+002  2.709682e-005
 4.227062e+002  2.718854e-005
 4.233250e+002  2.519045e-005
 4.239437e+002  2.758144e-005
 4.245625e+002  2.822066e-005
 4.251812e+002  3.117219e-005
 4.258000e+002  3.156073e-005
 4.264187e+002  2.577104e-005
 4.270375e+002  2.653139e-005
 4.276562e+002  2.886266e-005
 4.282750e+002  2.365497e-005
 4.288937e+002  2.581407e-005
 4.295125e+002  2.621253e-005
 4.301312e+002  2.771757e-005
 4.307500e+002  2.763958e-005
 4.313687e+002  2.435154e-005
 4.319875e+002  2.797281e-005
 4.326062e+002  3.000214e-005
 4.332250e+002  3.011286e-005
 4.338437e+002  2.452525e-005
 4.344625e+002  2.646917e-005
 4.350812e+002  2.814042e-005
 4.357000e+002  3.031312e-005
 4.363187e+002  2.662511e-005
 4.369375e+002  2.339925e-005
 4.375562e+002  2.486218e-005
 4.381750e+002  2.585008e-005
 4.387937e+002  2.625631e-005
 4.394125e+002  2.986640e-005
 4.400312e+002  2.828743e-005
 4.406500e+002  2.600925e-005
 4.412687e+002  2.630100e-005
 4.418875e+002  2.810195e-005
 4.425062e+002  2.733923e-005
 4.431250e+002  3.006415e-005
 4.437437e+002  3.012345e-005
 4.443625e+002  2.935169e-005
 4.449812e+002  2.826441e-005
 4.456000e+002  2.626122e-005
 4.462187e+002  2.857596e-005
 4.468375e+002  2.879139e-005
 4.474562e+002  2.831812e-005
 4.480750e+002  2.645927e-005
 4.486937e+002  2.622874e-005
 4.493125e+002  1.286492e-004
 4.499312e+002  2.541391e-004
 4.505500e+002  1.317888e-004
 4.511687e+002  2.556140e-005
 4.517875e+002  2.693445e-005
 4.524062e+002  2.682536e-005
 4.530250e+002  2.948722e-005
 4.536437e+002  2.936860e-005
 4.542625e+002  2.804874e-005
 4.548812e+002  2.832630e-005
 4.555000e+002  2.854275e-005
 4.561187e+002  2.837532e-005
 4.567375e+002  2.801831e-005
 4.573562e+002  2.989965e-005
 4.579750e+002  2.806057e-005
 4.585937e+002  2.775096e-005
 4.592125e+002  2.759167e-005
 4.598312e+002  3.016541e-005
 4.604500e+002  2.879866e-005
 4.610687e+002  2.447481e-005
 4.616875e+002  2.361060e-005
 4.623062e+002  2.840560e-005
 4.629250e+002  2.701482e-005
 4.635437e+002  2.533784e-005
 4.641625e+002  2.655341e-005
 4.647812e+002  2.898956e-005
 4.654000e+002  2.772703e-005
 4.660187e+002  2.753253e-005
 4.666375e+002  2.697183e-005
 4.672562e+002  2.093582e-005
 4.678750e+002  2.452630e-005
 4.684937e+002  2.711933e-005
 4.691125e+002  2.326286e-005
 4.697312e+002  2.258625e-005
 4.703500e+002  2.919918e-005
 4.709687e+002  3.048137e-005
 4.715875e+002  2.787049e-005
 4.722062e+002  2.355535e-005
 4.728250e+002  1.940429e-005
 4.734437e+002  2.282910e-005
 4.740625e+002  2.484128e-005
 4.746812e+002  2.627007e-005
 4.753000e+002  3.168986e-005
 4.759187e+002  3.225534e-005
 4.765375e+002  2.612186e-005
 4.771562e+002  2.453450e-005
 4.777750e+002  2.848138e-005
 4.783937e+002  2.601444e-005
 4.790125e+002  2.625600e-005
 4.796312e+002  7.072243e-005
 4.802500e+002  1.207288e-004
 4.808687e+002  5.863111e-005
 4.814875e+002  2.804862e-005
 4.821062e+002  2.727864e-005
 4.827250e+002  2.394465e-005
 4.833437e+002  2.427559e-005
 4.839625e+002  2.476353e-005
 4.845812e+002  2.625693e-005
 4.852000e+002  2.612026e-005
 4.858187e+002  2.548349e-005
 4.864375e+002  2.772746e-005
 4.870562e+002  2.457972e-005
 4.876750e+002  2.484776e-005
 4.882937e+002  2.686997e-005
 4.889125e+002  2.705621e-005
 4.895312e+002  2.661643e-005
 4.901500e+002  2.441873e-005
 4.907687e+002  2.600954e-005
 4.913875e+002  2.743538e-005
 4.920062e+002  2.538240e-005
 4.926250e+002  2.848748e-005
 4.932437e+002  2.606705e-005
 4.938625e+002  2.045784e-005
 4.944812e+002  2.527601e-005
 4.951000e+002  2.633284e-005
 4.957187e+002  2.564726e-005
 4.963375e+002  2.758278e-005
 4.969562e+002  2.587210e-005
 4.975750e+002  2.579996e-005
 4.981937e+002  2.419944e-005
 4.988125e+002  2.349200e-005
 4.994312e+002  4.337774e-005
 5.000500e+002  6.647589e-005
 5.006687e+002  3.371628e-005
 5.012875e+002  2.547895e-005
 5.019062e+002  2.604490e-005
 5.025250e+002  2.593005e-005
 5.031437e+002  2.498429e-005
 5.037625e+002  2.179127e-005
 5.043812e+002  2.217792e-005
 5.050000e+002  2.707597e-005
 5.056187e+002  2.655701e-005
 5.062375e+002  2.692124e-005
 5.068562e+002  2.323983e-005
 5.074750e+002  2.400666e-005
 5.080937e+002  2.459278e-005
 5.087125e+002  2.597308e-005
 5.093312e+002  2.596263e-005
 5.099500e+002  2.608256e-005
 5.105687e+002  2.525692e-005
 5.111875e+002  2.631778e-005
 5.118062e+002  2.290894e-005
 5.124250e+002  2.440949e-005
 5.130437e+002  2.570109e-005
 5.136625e+002  2.624974e-005
 5.142812e+002  2.622684e-005
 5.149000e+002  2.411750e-005
 5.155187e+002  2.338070e-005
 5.161375e+002  2.344204e-005
 5.167562e+002  2.394061e-005
 5.173750e+002  2.466246e-005
 5.179937e+002  2.665987e-005
 5.186125e+002  2.942759e-005
 5.192312e+002  2.724222e-005
 5.198500e+002  2.395989e-005
 5.204687e+002  2.487635e-005
 5.210875e+002  2.537258e-005
 5.217062e+002  2.665266e-005
 5.223250e+002  2.823375e-005
 5.229437e+002  2.342115e-005
 5.235625e+002  2.055424e-005
 5.241812e+002  2.157350e-005
 5.248000e+002  2.193427e-005
 5.254187e+002  2.154780e-005
 5.260375e+002  2.438091e-005
 5.266562e+002  2.234667e-005
 5.272750e+002  2.547466e-005
 5.278937e+002  2.537086e-005
 5.285125e+002  2.218320e-005
 5.291312e+002  2.055592e-005
 5.297500e+002  2.082453e-005
 5.303687e+002  2.051995e-005
 5.309875e+002  2.242256e-005
 5.316062e+002  2.307234e-005
 5.322250e+002  2.517106e-005
 5.328437e+002  2.955723e-005
 5.334625e+002  2.758573e-005
 5.340812e+002  2.547467e-005
 5.347000e+002  2.458768e-005
 5.353187e+002  2.443405e-005
 5.359375e+002  2.284766e-005
 5.365562e+002  2.306070e-005
 5.371750e+002  2.095624e-005
 5.377937e+002  1.858012e-005
 5.384125e+002  2.184535e-005
 5.390312e+002  2.181649e-005
 5.396500e+002  6.971085e-005
 5.402687e+002  1.167416e-004
 5.408875e+002  5.398699e-005
 5.415062e+002  2.433140e-005
 5.421250e+002  2.550797e-005
 5.427437e+002  2.504802e-005
 5.433625e+002  2.312131e-005
 5.439812e+002  2.033474e-005
 5.446000e+002  1.980019e-005
 5.452187e+002  2.453073e-005
 5.458375e+002  2.446461e-005
 5.464562e+002  2.726403e-005
 5.470750e+002  2.611456e-005
 5.476937e+002  2.250726e-005
 5.483125e+002  2.406823e-005
 5.489312e+002  2.724026e-005
 5.495500e+002  4.335315e-005
 5.501687e+002  5.082751e-005
 5.507875e+002  2.846904e-005
 5.514062e+002  2.395861e-005
 5.520250e+002  2.323474e-005
 5.526437e+002  2.705265e-005
 5.532625e+002  2.430484e-005
 5.538812e+002  2.114807e-005
 5.545000e+002  2.230801e-005
 5.551187e+002  2.433643e-005
 5.557375e+002  2.325942e-005
 5.563562e+002  2.288522e-005
 5.569750e+002  2.194777e-005
 5.575937e+002  2.224308e-005
 5.582125e+002  2.347237e-005
 5.588312e+002  2.274805e-005
 5.594500e+002  2.213240e-005
 5.600687e+002  2.324317e-005
 5.606875e+002  2.611470e-005
 5.613062e+002  2.084911e-005
 5.619250e+002  2.251772e-005
 5.625437e+002  2.157945e-005
 5.631625e+002  2.275980e-005
 5.637812e+002  2.104384e-005
 5.644000e+002  2.106668e-005
 5.650187e+002  2.111134e-005
 5.656375e+002  1.990757e-005
 5.662562e+002  2.018076e-005
 5.668750e+002  2.389293e-005
 5.674937e+002  2.417444e-005
 5.681125e+002  2.077516e-005
 5.687312e+002  1.965728e-005
 5.693500e+002  1.924601e-005
 5.699687e+002  2.035053e-005
 5.705875e+002  2.317173e-005
 5.712062e+002  2.285756e-005
 5.718250e+002  2.306982e-005
 5.724437e+002  2.272044e-005
 5.730625e+002  2.177560e-005
 5.736812e+002  2.208087e-005
 5.743000e+002  2.111664e-005
 5.749187e+002  2.003000e-005
 5.755375e+002  2.334679e-005
 5.761562e+002  2.539990e-005
 5.767750e+002  2.783071e-005
 5.773937e+002  2.492401e-005
 5.780125e+002  1.919104e-005
 5.786312e+002  2.164814e-005
 5.792500e+002  2.230451e-005
 5.798687e+002  2.277812e-005
 5.804875e+002  2.383017e-005
 5.811062e+002  2.280880e-005
 5.817250e+002  2.009297e-005
 5.823437e+002  2.024353e-005
 5.829625e+002  2.251036e-005
 5.835812e+002  2.145064e-005
 5.842000e+002  2.135077e-005
 5.848187e+002  2.071673e-005
 5.854375e+002  1.938310e-005
 5.860562e+002  2.127878e-005
 5.866750e+002  2.377539e-005
 5.872937e+002  2.364676e-005
 5.879125e+002  2.143964e-005
 5.885312e+002  2.135274e-005
 5.891500e+002  2.304459e-005
 5.897687e+002  2.224119e-005
 5.903875e+002  2.473214e-005
 5.910062e+002  2.314225e-005
 5.916250e+002  1.971321e-005
 5.922437e+002  2.016886e-005
 5.928625e+002  2.154550e-005
 5.934812e+002  2.379582e-005
 5.941000e+002  2.263937e-005
 5.947187e+002  2.193401e-005
 5.953375e+002  2.617888e-005
 5.959562e+002  2.451770e-005
 5.965750e+002  2.128659e-005
 5.971937e+002  2.252071e-005
 5.978125e+002  2.119934e-005
 5.984312e+002  2.280550e-005
 5.990500e+002  2.141068e-005
 5.996687e+002  8.903453e-005
 6.002875e+002  1.276913e-004
 6.009062e+002  5.591980e-005
 6.015250e+002  2.317293e-005
 6.021437e+002  2.226385e-005
 6.027625e+002  1.715484e-005
 6.033812e+002  1.977302e-005
 6.040000e+002  2.046592e-005
 6.046187e+002  2.039039e-005
 6.052375e+002  2.142420e-005
 6.058562e+002  2.236598e-005
 6.064750e+002  2.280916e-005
 6.070937e+002  2.045900e-005
 6.077125e+002  1.714609e-005
 6.083312e+002  2.072513e-005
 6.089500e+002  1.852830e-005
 6.095687e+002  1.826290e-005
 6.101875e+002  1.778389e-005
 6.108062e+002  1.982326e-005
 6.114250e+002  2.412201e-005
 6.120437e+002  2.284870e-005
 6.126625e+002  2.182209e-005
 6.132812e+002  2.129794e-005
 6.139000e+002  1.838069e-005
 6.145187e+002  1.964136e-005
 6.151375e+002  2.535715e-005
 6.157562e+002  2.283135e-005
 6.163750e+002  2.068584e-005
 6.169937e+002  1.995364e-005
 6.176125e+002  2.088892e-005
 6.182312e+002  2.293423e-005
 6.188500e+002  2.353112e-005
 6.194687e+002  2.098422e-005
 6.200875e+002  2.134596e-005
 6.207062e+002  2.270728e-005
 6.213250e+002  2.213864e-005
 6.219437e+002  2.383687e-005
 6.225625e+002  2.291321e-005
 6.231812e+002  2.018696e-005
 6.238000e+002  1.674326e-005
 6.244187e+002  1.652401e-005
 6.250375e+002  1.935032e-005
 6.256562e+002  2.079738e-005
 6.262750e+002  2.217293e-005
 6.268937e+002  2.225318e-005
 6.275125e+002  2.210777e-005
 6.281312e+002  2.343963e-005
 6.287500e+002  2.220694e-005
 6.293687e+002  2.073538e-005
 6.299875e+002  2.161976e-005
 6.306062e+002  1.943692e-005
 6.312250e+002  1.891626e-005
 6.318437e+002  1.997586e-005
 6.324625e+002  1.901546e-005
 6.330812e+002  2.023687e-005
 6.337000e+002  2.378032e-005
 6.343187e+002  2.322155e-005
 6.349375e+002  2.460077e-005
 6.355562e+002  2.362728e-005
 6.361750e+002  2.199532e-005
 6.367937e+002  1.772973e-005
 6.374125e+002  2.146678e-005
 6.380312e+002  2.397006e-005
 6.386500e+002  2.216589e-005
 6.392687e+002  1.998188e-005
 6.398875e+002  1.891571e-005
 6.405062e+002  2.182422e-005
 6.411250e+002  2.172626e-005
 6.417437e+002  1.847644e-005
 6.423625e+002  2.084129e-005
 6.429812e+002  1.917373e-005
 6.436000e+002  1.856953e-005
 6.442187e+002  2.001707e-005
 6.448375e+002  2.085199e-005
 6.454562e+002  1.893590e-005
 6.460750e+002  1.867221e-005
 6.466937e+002  1.987165e-005
 6.473125e+002  1.917015e-005
 6.479312e+002  1.899720e-005
 6.485500e+002  2.128802e-005
 6.491687e+002  3.691990e-005
 6.497875e+002  8.237497e-005
 6.504062e+002  5.926947e-005
 6.510250e+002  2.218461e-005
 6.516437e+002  2.117192e-005
 6.522625e+002  2.208530e-005
 6.528812e+002  2.179804e-005
 6.535000e+002  1.945807e-005
 6.541187e+002  2.051502e-005
 6.547375e+002  2.094321e-005
 6.553562e+002  2.313759e-005
 6.559750e+002  2.277908e-005
 6.565937e+002  2.048277e-005
 6.572125e+002  2.062486e-005
 6.578312e+002  2.201164e-005
 6.584500e+002  1.967114e-005
 6.590687e+002  2.189186e-005
 6.596875e+002  6.814515e-005
 6.603062e+002  1.162948e-004
 6.609250e+002  5.474129e-005
 6.615437e+002  1.872680e-005
 6.621625e+002  1.984506e-005
 6.627812e+002  2.055821e-005
 6.634000e+002  2.145674e-005
 6.640187e+002  2.152437e-005
 6.646375e+002  1.953587e-005
 6.652562e+002  2.124477e-005
 6.658750e+002  2.304613e-005
 6.664937e+002  1.906414e-005
 6.671125e+002  2.051524e-005
 6.677312e+002  2.010808e-005
 6.683500e+002  1.949017e-005
 6.689687e+002  1.946158e-005
 6.695875e+002  2.058258e-005
 6.702062e+002  2.063129e-005
 6.708250e+002  2.209870e-005
 6.714437e+002  2.311212e-005
 6.720625e+002  1.770060e-005
 6.726812e+002  1.793326e-005
 6.733000e+002  1.806606e-005
 6.739187e+002  1.943950e-005
 6.745375e+002  2.111864e-005
 6.751562e+002  1.946753e-005
 6.757750e+002  1.941336e-005
 6.763937e+002  2.134567e-005
 6.770125e+002  2.177259e-005
 6.776312e+002  2.107225e-005
 6.782500e+002  1.955603e-005
 6.788687e+002  2.028191e-005
 6.794875e+002  1.991109e-005
 6.801062e+002  1.960980e-005
 6.807250e+002  2.059005e-005
 6.813437e+002  2.040968e-005
 6.819625e+002  2.013338e-005
 6.825812e+002  1.843999e-005
 6.832000e+002  1.959591e-005
 6.838187e+002  2.139833e-005
 6.844375e+002  1.903454e-005
 6.850562e+002  2.005735e-005
 6.856750e+002  2.186080e-005
 6.862937e+002  2.115794e-005
 6.869125e+002  2.006579e-005
 6.875312e+002  2.087604e-005
 6.881500e+002  2.057449e-005
 6.887687e+002  2.278261e-005
 6.893875e+002  2.227408e-005
 6.900062e+002  2.439053e-005
 6.906250e+002  2.093153e-005
 6.912437e+002  2.033677e-005
 6.918625e+002  1.845883e-005
 6.924812e+002  2.057376e-005
 6.931000e+002  2.231909e-005
 6.937187e+002  1.954644e-005
 6.943375e+002  1.859919e-005
 6.949562e+002  1.729219e-005
 6.955750e+002  1.915876e-005
 6.961937e+002  1.893911e-005
 6.968125e+002  2.089072e-005
 6.974312e+002  2.077522e-005
 6.980500e+002  1.826947e-005
 6.986687e+002  1.887546e-005
 6.992875e+002  2.669639e-005
 6.999062e+002  4.868841e-005
 7.005250e+002  3.365113e-005
 7.011437e+002  1.847939e-005
 7.017625e+002  1.747401e-005
 7.023812e+002  1.907101e-005
 7.030000e+002  1.854029e-005
 7.036187e+002  1.760839e-005
 7.042375e+002  1.632272e-005
 7.048562e+002  2.056254e-005
 7.054750e+002  1.940712e-005
 7.060937e+002  1.843592e-005
 7.067125e+002  1.833120e-005
 7.073312e+002  1.631873e-005
 7.079500e+002  1.758416e-005
 7.085687e+002  1.841220e-005
 7.091875e+002  1.918406e-005
 7.098062e+002  1.884124e-005
 7.104250e+002  1.806324e-005
 7.110437e+002  1.909282e-005
 7.116625e+002  1.699862e-005
 7.122812e+002  1.990424e-005
 7.129000e+002  2.192716e-005
 7.135187e+002  2.089266e-005
 7.141375e+002  1.981698e-005
 7.147562e+002  1.948432e-005
 7.153750e+002  1.851417e-005
 7.159937e+002  1.815206e-005
 7.166125e+002  1.773248e-005
 7.172312e+002  1.757311e-005
 7.178500e+002  1.749411e-005
 7.184687e+002  1.944611e-005
 7.190875e+002  1.900571e-005
 7.197062e+002  6.361537e-005
 7.203250e+002  1.096224e-004
 7.209437e+002  5.115653e-005
 7.215625e+002  1.950031e-005
 7.221812e+002  1.877388e-005
 7.228000e+002  1.676458e-005
 7.234187e+002  1.811258e-005
 7.240375e+002  1.888439e-005
 7.246562e+002  2.086412e-005
 7.252750e+002  2.169094e-005
 7.258937e+002  2.263112e-005
 7.265125e+002  2.296754e-005
 7.271312e+002  1.996685e-005
 7.277500e+002  1.623595e-005
 7.283687e+002  1.825666e-005
 7.289875e+002  1.656710e-005
 7.296062e+002  1.850355e-005
 7.302250e+002  2.130066e-005
 7.308437e+002  2.133712e-005
 7.314625e+002  2.109288e-005
 7.320812e+002  1.837544e-005
 7.327000e+002  1.969688e-005
 7.333187e+002  1.889560e-005
 7.339375e+002  1.775450e-005
 7.345562e+002  1.782702e-005
 7.351750e+002  1.996770e-005
 7.357937e+002  2.129863e-005
 7.364125e+002  1.985555e-005
 7.370312e+002  1.823247e-005
 7.376500e+002  2.065312e-005
 7.382687e+002  1.964855e-005
 7.388875e+002  1.896171e-005
 7.395062e+002  1.885952e-005
 7.401250e+002  1.970963e-005
 7.407437e+002  2.235218e-005
 7.413625e+002  1.973119e-005
 7.419812e+002  1.825533e-005
 7.426000e+002  1.879998e-005
 7.432187e+002  2.051320e-005
 7.438375e+002  1.893251e-005
 7.444562e+002  1.777944e-005
 7.450750e+002  1.651438e-005
 7.456937e+002  1.906990e-005
 7.463125e+002  1.939181e-005
 7.469312e+002  2.008670e-005
 7.475500e+002  2.057777e-005
 7.481687e+002  1.901241e-005
 7.487875e+002  1.856565e-005
 7.494062e+002  7.667814e-005
 7.500250e+002  1.157882e-004
 7.506437e+002  4.980795e-005
 7.512625e+002  1.616156e-005
 7.518812e+002  1.873120e-005
 7.525000e+002  1.928884e-005
 7.531187e+002  1.872102e-005
 7.537375e+002  1.961789e-005
 7.543562e+002  1.953708e-005
 7.549750e+002  1.847338e-005
 7.555937e+002  2.021820e-005
 7.562125e+002  1.672076e-005
 7.568312e+002  1.645618e-005
 7.574500e+002  2.089080e-005
 7.580687e+002  1.849563e-005
 7.586875e+002  1.687228e-005
 7.593062e+002  1.772146e-005
 7.599250e+002  1.965994e-005
 7.605437e+002  1.893604e-005
 7.611625e+002  1.833655e-005
 7.617812e+002  1.838022e-005
 7.624000e+002  2.046812e-005
 7.630187e+002  2.006420e-005
 7.636375e+002  1.829761e-005
 7.642562e+002  1.749530e-005
 7.648750e+002  1.711189e-005
 7.654937e+002  2.017652e-005
 7.661125e+002  1.983559e-005
 7.667312e+002  1.822035e-005
 7.673500e+002  1.900278e-005
 7.679687e+002  2.127646e-005
 7.685875e+002  2.108959e-005
 7.692062e+002  1.861667e-005
 7.698250e+002  1.599548e-005
 7.704437e+002  1.831568e-005
 7.710625e+002  1.921463e-005
 7.716812e+002  1.831906e-005
 7.723000e+002  1.725694e-005
 7.729187e+002  1.714666e-005
 7.735375e+002  1.793270e-005
 7.741562e+002  1.630546e-005
 7.747750e+002  1.665203e-005
 7.753937e+002  1.851683e-005
 7.760125e+002  1.967777e-005
 7.766312e+002  2.023421e-005
 7.772500e+002  1.787496e-005
 7.778687e+002  1.789572e-005
 7.784875e+002  2.169164e-005
 7.791062e+002  2.165232e-005
 7.797250e+002  5.854557e-005
 7.803437e+002  1.026359e-004
 7.809625e+002  5.018705e-005
 7.815812e+002  1.898242e-005
 7.822000e+002  1.925179e-005
 7.828187e+002  1.933741e-005
 7.834375e+002  1.701204e-005
 7.840562e+002  1.961887e-005
 7.846750e+002  1.777618e-005
 7.852937e+002  1.906166e-005
 7.859125e+002  2.004867e-005
 7.865312e+002  2.284172e-005
 7.871500e+002  2.147271e-005
 7.877687e+002  1.755055e-005
 7.883875e+002  1.599486e-005
 7.890062e+002  1.744002e-005
 7.896250e+002  1.959526e-005
 7.902437e+002  1.719941e-005
 7.908625e+002  1.735145e-005
 7.914812e+002  1.770755e-005
 7.921000e+002  1.583589e-005
 7.927187e+002  1.796448e-005
 7.933375e+002  1.774912e-005
 7.939562e+002  1.728498e-005
 7.945750e+002  1.751876e-005
 7.951937e+002  1.657486e-005
 7.958125e+002  1.793509e-005
 7.964312e+002  1.831386e-005
 7.970500e+002  1.907983e-005
 7.976687e+002  2.126131e-005
 7.982875e+002  1.898929e-005
 7.989062e+002  2.194313e-005
 7.995250e+002  3.909691e-005
 8.001437e+002  4.308293e-005
 8.007625e+002  2.128856e-005
 8.013812e+002  1.753120e-005
 8.020000e+002  1.722094e-005
 8.026187e+002  1.871889e-005
 8.032375e+002  1.826703e-005
 8.038562e+002  1.765141e-005
 8.044750e+002  1.605059e-005
 8.050937e+002  1.564774e-005
 8.057125e+002  1.865811e-005
 8.063312e+002  1.942900e-005
 8.069500e+002  1.851925e-005
 8.075687e+002  1.920115e-005
 8.081875e+002  1.828799e-005
 8.088062e+002  1.924894e-005
 8.094250e+002  1.822219e-005
 8.100437e+002  1.957643e-005
 8.106625e+002  1.825629e-005
 8.112812e+002  1.525755e-005
 8.119000e+002  1.795261e-005
 8.125187e+002  2.193827e-005
 8.131375e+002  2.290955e-005
 8.137562e+002  1.832124e-005
 8.143750e+002  1.968913e-005
 8.149937e+002  2.068069e-005
 8.156125e+002  1.906707e-005
 8.162312e+002  1.770780e-005
 8.168500e+002  1.698231e-005
 8.174687e+002  1.682197e-005
 8.180875e+002  1.978619e-005
 8.187062e+002  2.082444e-005
 8.193250e+002  1.626171e-005
 8.199437e+002  1.718259e-005
 8.205625e+002  1.492483e-005
 8.211812e+002  1.786798e-005
 8.218000e+002  1.737036e-005
 8.224187e+002  1.889687e-005
 8.230375e+002  1.801105e-005
 8.236562e+002  1.929571e-005
 8.242750e+002  1.827132e-005
 8.248937e+002  1.955877e-005
 8.255125e+002  1.756365e-005
 8.261312e+002  1.447096e-005
 8.267500e+002  1.782854e-005
 8.273687e+002  1.827392e-005
 8.279875e+002  2.017174e-005
 8.286062e+002  1.882222e-005
 8.292250e+002  1.745825e-005
 8.298437e+002  1.982690e-005
 8.304625e+002  1.977618e-005
 8.310812e+002  1.860255e-005
 8.317000e+002  1.910356e-005
 8.323187e+002  1.708012e-005
 8.329375e+002  2.008869e-005
 8.335562e+002  1.932709e-005
 8.341750e+002  1.605808e-005
 8.347937e+002  1.840721e-005
 8.354125e+002  1.931056e-005
 8.360312e+002  1.923370e-005
 8.366500e+002  2.001703e-005
 8.372687e+002  1.782645e-005
 8.378875e+002  1.781010e-005
 8.385062e+002  1.986998e-005
 8.391250e+002  1.790641e-005
 8.397437e+002  5.444087e-005
 8.403625e+002  1.002435e-004
 8.409812e+002  5.196267e-005
 8.416000e+002  1.921251e-005
 8.422187e+002  1.900703e-005
 8.428375e+002  1.928258e-005
 8.434562e+002  2.140794e-005
 8.440750e+002  1.974264e-005
 8.446937e+002  1.793709e-005
 8.453125e+002  1.862047e-005
 8.459312e+002  1.767443e-005
 8.465500e+002  1.838075e-005
 8.471687e+002  2.031812e-005
 8.477875e+002  1.845215e-005
 8.484062e+002  1.643302e-005
 8.490250e+002  2.119865e-005
 8.496437e+002  6.076586e-005
 8.502625e+002  5.359991e-005
 8.508812e+002  2.085671e-005
 8.515000e+002  1.929338e-005
 8.521187e+002  1.754162e-005
 8.527375e+002  1.620178e-005
 8.533562e+002  1.740340e-005
 8.539750e+002  1.741802e-005
 8.545937e+002  1.604549e-005
 8.552125e+002  1.644714e-005
 8.558312e+002  1.775992e-005
 8.564500e+002  1.842880e-005
 8.570687e+002  1.639130e-005
 8.576875e+002  1.725480e-005
 8.583062e+002  1.765182e-005
 8.589250e+002  1.624734e-005
 8.595437e+002  1.953011e-005
 8.601625e+002  1.939339e-005
 8.607812e+002  1.663544e-005
 8.614000e+002  1.852249e-005
 8.620187e+002  1.875694e-005
 8.626375e+002  1.802961e-005
 8.632562e+002  1.578884e-005
 8.638750e+002  1.669565e-005
 8.644937e+002  1.691427e-005
 8.651125e+002  1.843352e-005
 8.657312e+002  1.802630e-005
 8.663500e+002  1.842444e-005
 8.669687e+002  1.699085e-005
 8.675875e+002  1.499082e-005
 8.682062e+002  1.729605e-005
 8.688250e+002  1.762070e-005
 8.694437e+002  1.714855e-005
 8.700625e+002  1.850762e-005
 8.706812e+002  1.705939e-005
 8.713000e+002  1.862719e-005
 8.719187e+002  1.778929e-005
 8.725375e+002  1.608487e-005
 8.731562e+002  1.519326e-005
 8.737750e+002  1.373188e-005
 8.743937e+002  1.511283e-005
 8.750125e+002  1.852043e-005
 8.756312e+002  1.738710e-005
 8.762500e+002  1.701268e-005
 8.768687e+002  1.707845e-005
 8.774875e+002  1.826133e-005
 8.781062e+002  1.805789e-005
 8.787250e+002  1.546599e-005
 8.793437e+002  1.735023e-005
 8.799625e+002  1.776099e-005
 8.805812e+002  1.581984e-005
 8.812000e+002  1.593445e-005
 8.818187e+002  1.790826e-005
 8.824375e+002  1.692447e-005
 8.830562e+002  1.607471e-005
 8.836750e+002  1.680496e-005
 8.842937e+002  1.825497e-005
 8.849125e+002  1.854551e-005
 8.855312e+002  1.791362e-005
 8.861500e+002  1.551737e-005
 8.867687e+002  1.683089e-005
 8.873875e+002  1.383583e-005
 8.880062e+002  1.505676e-005
 8.886250e+002  1.708983e-005
 8.892437e+002  1.570131e-005
 8.898625e+002  1.488882e-005
 8.904812e+002  1.662843e-005
 8.911000e+002  1.525683e-005
 8.917187e+002  1.577378e-005
 8.923375e+002  1.538941e-005
 8.929562e+002  1.845366e-005
 8.935750e+002  1.813194e-005
 8.941937e+002  1.594027e-005
 8.948125e+002  1.495262e-005
 8.954312e+002  1.758197e-005
 8.960500e+002  1.882259e-005
 8.966687e+002  1.737423e-005
 8.972875e+002  1.585054e-005
 8.979062e+002  1.787517e-005
 8.985250e+002  1.950128e-005
 8.991437e+002  2.522889e-005
 8.997625e+002  6.646913e-005
 9.003812e+002  9.831426e-005
 9.010000e+002  4.531657e-005
 9.016187e+002  1.736366e-005
 9.022375e+002  1.956714e-005
 9.028562e+002  2.150687e-005
 9.034750e+002  1.987355e-005
 9.040937e+002  1.635785e-005
 9.047125e+002  1.739923e-005
 9.053312e+002  1.499113e-005
 9.059500e+002  1.562054e-005
 9.065687e+002  1.646529e-005
 9.071875e+002  1.689109e-005
 9.078062e+002  1.610025e-005
 9.084250e+002  1.621688e-005
 9.090437e+002  1.820147e-005
 9.096625e+002  1.874444e-005
 9.102812e+002  1.681765e-005
 9.109000e+002  1.717132e-005
 9.115187e+002  1.477967e-005
 9.121375e+002  1.700351e-005
 9.127562e+002  1.832530e-005
 9.133750e+002  1.916354e-005
 9.139937e+002  1.810178e-005
 9.146125e+002  1.565771e-005
 9.152312e+002  1.758230e-005
 9.158500e+002  1.918298e-005
 9.164687e+002  1.801352e-005
 9.170875e+002  1.679977e-005
 9.177062e+002  1.671051e-005
 9.183250e+002  1.839794e-005
 9.189437e+002  1.814528e-005
 9.195625e+002  1.651507e-005
 9.201812e+002  1.660912e-005
 9.208000e+002  1.742694e-005
 9.214187e+002  1.946105e-005
 9.220375e+002  1.664800e-005
 9.226562e+002  1.431105e-005
 9.232750e+002  1.475664e-005
 9.238937e+002  1.766198e-005
 9.245125e+002  1.866633e-005
 9.251312e+002  1.941864e-005
 9.257500e+002  1.617196e-005
 9.263687e+002  1.908494e-005
 9.269875e+002  1.839335e-005
 9.276062e+002  1.778566e-005
 9.282250e+002  1.711316e-005
 9.288437e+002  1.532415e-005
 9.294625e+002  1.524377e-005
 9.300812e+002  1.582282e-005
 9.307000e+002  1.596064e-005
 9.313187e+002  1.599724e-005
 9.319375e+002  1.506027e-005
 9.325562e+002  1.694207e-005
 9.331750e+002  1.672456e-005
 9.337937e+002  1.736807e-005
 9.344125e+002  1.520818e-005
 9.350312e+002  1.686612e-005
 9.356500e+002  1.601703e-005
 9.362687e+002  1.565333e-005
 9.368875e+002  1.811275e-005
 9.375062e+002  1.875909e-005
 9.381250e+002  1.736543e-005
 9.387437e+002  1.778807e-005
 9.393625e+002  1.784846e-005
 9.399812e+002  1.644474e-005
 9.406000e+002  1.744108e-005
 9.412187e+002  1.842501e-005
 9.418375e+002  1.641766e-005
 9.424562e+002  1.529293e-005
 9.430750e+002  1.664884e-005
 9.436937e+002  1.593740e-005
 9.443125e+002  1.711881e-005
 9.449312e+002  1.645480e-005
 9.455500e+002  1.704036e-005
 9.461687e+002  1.807305e-005
 9.467875e+002  1.796648e-005
 9.474062e+002  1.532323e-005
 9.480250e+002  1.619540e-005
 9.486437e+002  1.662879e-005
 9.492625e+002  2.355013e-005
 9.498812e+002  4.004279e-005
 9.505000e+002  2.623790e-005
 9.511187e+002  1.787716e-005
 9.517375e+002  1.682147e-005
 9.523562e+002  1.762792e-005
 9.529750e+002  1.606564e-005
 9.535937e+002  1.658014e-005
 9.542125e+002  1.598380e-005
 9.548312e+002  1.649972e-005
 9.554500e+002  1.846173e-005
 9.560687e+002  1.788574e-005
 9.566875e+002  1.749475e-005
 9.573062e+002  1.712567e-005
 9.579250e+002  1.728902e-005
 9.585437e+002  1.579803e-005
 9.591625e+002  1.435151e-005
 9.597812e+002  5.041073e-005
 9.604000e+002  9.268182e-005
 9.610187e+002  4.630390e-005
 9.616375e+002  1.742233e-005
 9.622562e+002  1.489822e-005
 9.628750e+002  1.456670e-005
 9.634937e+002  1.621127e-005
 9.641125e+002  1.448873e-005
 9.647312e+002  1.546446e-005
 9.653500e+002  1.689096e-005
 9.659687e+002  1.585254e-005
 9.665875e+002  1.706061e-005
 9.672062e+002  1.540870e-005
 9.678250e+002  1.611069e-005
 9.684437e+002  1.782697e-005
 9.690625e+002  1.690117e-005
 9.696812e+002  1.496685e-005
 9.703000e+002  1.548276e-005
 9.709187e+002  1.367689e-005
 9.715375e+002  1.539575e-005
 9.721562e+002  1.590199e-005
 9.727750e+002  1.540505e-005
 9.733937e+002  1.713052e-005
 9.740125e+002  1.565086e-005
 9.746312e+002  1.631058e-005
 9.752500e+002  1.717823e-005
 9.758687e+002  1.617420e-005
 9.764875e+002  1.480731e-005
 9.771062e+002  1.438444e-005
 9.777250e+002  1.620372e-005
 9.783437e+002  1.318951e-005
 9.789625e+002  1.332709e-005
 9.795812e+002  1.619009e-005
 9.802000e+002  1.963680e-005
 9.808187e+002  1.851351e-005
 9.814375e+002  1.576889e-005
 9.820562e+002  1.565673e-005
 9.826750e+002  1.555938e-005
 9.832937e+002  1.771630e-005
 9.839125e+002  1.819148e-005
 9.845312e+002  1.598924e-005
 9.851500e+002  1.495903e-005
 9.857687e+002  1.391053e-005
 9.863875e+002  1.417983e-005
 9.870062e+002  1.636261e-005
 9.876250e+002  1.789044e-005
 9.882437e+002  1.546501e-005
 9.888625e+002  1.383255e-005
 9.894812e+002  1.516132e-005
 9.901000e+002  1.694370e-005
 9.907187e+002  1.816389e-005
 9.913375e+002  1.533475e-005
 9.919562e+002  1.521196e-005
 9.925750e+002  1.704087e-005
 9.931937e+002  1.804286e-005
 9.938125e+002  1.545381e-005
 9.944312e+002  1.478885e-005
 9.950500e+002  1.521226e-005
 9.956687e+002  1.570600e-005
 9.962875e+002  1.550046e-005
 9.969062e+002  1.721387e-005
 9.975250e+002  1.879440e-005
 9.981437e+002  1.614175e-005
 9.987625e+002  1.637390e-005
 9.993812e+002  2.463055e-005
 1.000000e+003  3.056198e-005
