 1.000000e-001  6.760092e-003
 1.247500e-001  6.185317e-003
 1.495000e-001  6.155570e-003
 1.742500e-001  4.647117e-003
 1.990000e-001  4.461334e-003
 2.237500e-001  4.702522e-003
 2.485000e-001  4.326448e-003
 2.732500e-001  5.018041e-003
 2.980000e-001  4.479556e-003
 3.227500e-001  2.768238e-003
 3.475000e-001  3.577763e-003
 3.722500e-001  3.639338e-003
 3.970000e-001  3.878809e-003
 4.217500e-001  4.202640e-003
 4.465000e-001  3.953239e-003
 4.712500e-001  3.432141e-003
 4.960000e-001  3.043401e-003
 5.207500e-001  3.013864e-003
 5.455000e-001  3.344715e-003
 5.702500e-001  3.061034e-003
 5.950000e-001  3.395105e-003
 6.197500e-001  2.443755e-003
 6.445000e-001  2.465400e-003
 6.692500e-001  1.756594e-003
 6.940000e-001  1.627440e-003
 7.187500e-001  2.540374e-003
 7.435000e-001  3.029821e-003
 7.682500e-001  2.206205e-003
 7.930000e-001  2.524015e-003
 8.177500e-001  3.013171e-003
 8.425000e-001  1.899816e-003
 8.672500e-001  1.683226e-003
 8.920000e-001  1.155483e-003
 9.167500e-001  2.018865e-003
 9.415000e-001  2.091617e-003
 9.662500e-001  1.539919e-003
 9.910000e-001  1.371256e-003
 1.015750e+000  1.613014e-003
 1.040500e+000  1.706999e-003
 1.065250e+000  1.525267e-003
 1.090000e+000  1.975728e-003
 1.114750e+000  2.346937e-003
 1.139500e+000  2.133400e-003
 1.164250e+000  2.092781e-003
 1.189000e+000  1.540569e-003
 1.213750e+000  1.380629e-003
 1.238500e+000  2.227757e-003
 1.263250e+000  1.864060e-003
 1.288000e+000  1.521046e-003
 1.312750e+000  1.432028e-003
 1.337500e+000  1.070967e-003
 1.362250e+000  1.315613e-003
 1.387000e+000  1.472437e-003
 1.411750e+000  1.165973e-003
 1.436500e+000  8.080068e-004
 1.461250e+000  1.142734e-003
 1.486000e+000  1.460864e-003
 1.510750e+000  1.605086e-003
 1.535500e+000  2.210927e-003
 1.560250e+000  1.718745e-003
 1.585000e+000  8.586525e-004
 1.609750e+000  1.845431e-003
 1.634500e+000  1.530943e-003
 1.659250e+000  1.721895e-003
 1.684000e+000  1.394510e-003
 1.708750e+000  1.164577e-003
 1.733500e+000  8.974924e-004
 1.758250e+000  1.488416e-003
 1.783000e+000  1.882265e-003
 1.807750e+000  1.191024e-003
 1.832500e+000  1.417891e-003
 1.857250e+000  1.771815e-003
 1.882000e+000  1.119224e-003
 1.906750e+000  7.252396e-004
 1.931500e+000  1.195580e-003
 1.956250e+000  1.278291e-003
 1.981000e+000  1.439947e-003
 2.005750e+000  1.383266e-003
 2.030500e+000  1.193432e-003
 2.055250e+000  1.144929e-003
 2.080000e+000  1.316106e-003
 2.104750e+000  1.707940e-003
 2.129500e+000  1.736987e-003
 2.154250e+000  1.233048e-003
 2.179000e+000  6.972242e-004
 2.203750e+000  7.732802e-004
 2.228500e+000  1.448484e-003
 2.253250e+000  1.359570e-003
 2.278000e+000  1.426579e-003
 2.302750e+000  1.446496e-003
 2.327500e+000  7.599677e-004
 2.352250e+000  6.764207e-004
 2.377000e+000  1.145890e-003
 2.401750e+000  1.110029e-003
 2.426500e+000  9.418709e-004
 2.451250e+000  9.822374e-004
 2.476000e+000  9.196850e-004
 2.500750e+000  9.401481e-004
 2.525500e+000  7.812752e-004
 2.550250e+000  7.319898e-004
 2.575000e+000  9.388233e-004
 2.599750e+000  6.838552e-004
 2.624500e+000  8.473297e-004
 2.649250e+000  8.900741e-004
 2.674000e+000  1.022506e-003
 2.698750e+000  9.479525e-004
 2.723500e+000  1.079193e-003
 2.748250e+000  9.274008e-004
 2.773000e+000  1.007280e-003
 2.797750e+000  1.027561e-003
 2.822500e+000  1.099106e-003
 2.847250e+000  1.151682e-003
 2.872000e+000  8.202076e-004
 2.896750e+000  6.880964e-004
 2.921500e+000  6.957669e-004
 2.946250e+000  1.204500e-003
 2.971000e+000  1.250298e-003
 2.995750e+000  1.215439e-003
 3.020500e+000  1.077739e-003
 3.045250e+000  8.816893e-004
 3.070000e+000  6.344354e-004
 3.094750e+000  6.834096e-004
 3.119500e+000  1.003014e-003
 3.144250e+000  1.003423e-003
 3.169000e+000  8.552922e-004
 3.193750e+000  7.935479e-004
 3.218500e+000  1.069595e-003
 3.243250e+000  9.136294e-004
 3.268000e+000  9.463378e-004
 3.292750e+000  1.302057e-003
 3.317500e+000  1.373268e-003
 3.342250e+000  1.212251e-003
 3.367000e+000  9.077419e-004
 3.391750e+000  8.979309e-004
 3.416500e+000  1.039764e-003
 3.441250e+000  7.521739e-004
 3.466000e+000  7.485199e-004
 3.490750e+000  8.863783e-004
 3.515500e+000  7.759767e-004
 3.540250e+000  7.360255e-004
 3.565000e+000  6.066244e-004
 3.589750e+000  8.992858e-004
 3.614500e+000  7.531563e-004
 3.639250e+000  7.076726e-004
 3.664000e+000  5.453658e-004
 3.688750e+000  8.562032e-004
 3.713500e+000  5.494231e-004
 3.738250e+000  6.728396e-004
 3.763000e+000  1.109262e-003
 3.787750e+000  1.266764e-003
 3.812500e+000  9.299651e-004
 3.837250e+000  5.486967e-004
 3.862000e+000  5.618363e-004
 3.886750e+000  8.486112e-004
 3.911500e+000  8.554554e-004
 3.936250e+000  9.163672e-004
 3.961000e+000  8.705131e-004
 3.985750e+000  8.041297e-004
 4.010500e+000  9.949617e-004
 4.035250e+000  6.516091e-004
 4.060000e+000  5.802501e-004
 4.084750e+000  7.624177e-004
 4.109500e+000  6.726242e-004
 4.134250e+000  6.136143e-004
 4.159000e+000  9.041864e-004
 4.183750e+000  7.069088e-004
 4.208500e+000  5.651250e-004
 4.233250e+000  5.569585e-004
 4.258000e+000  5.172370e-004
 4.282750e+000  8.151365e-004
 4.307500e+000  5.940573e-004
 4.332250e+000  5.947595e-004
 4.357000e+000  8.078875e-004
 4.381750e+000  5.591453e-004
 4.406500e+000  6.191031e-004
 4.431250e+000  6.521530e-004
 4.456000e+000  9.419517e-004
 4.480750e+000  7.463506e-004
 4.505500e+000  6.704023e-004
 4.530250e+000  6.208344e-004
 4.555000e+000  2.141583e-004
 4.579750e+000  5.342718e-004
 4.604500e+000  5.253857e-004
 4.629250e+000  4.517755e-004
 4.654000e+000  5.518642e-004
 4.678750e+000  4.969613e-004
 4.703500e+000  8.527313e-004
 4.728250e+000  1.019183e-003
 4.753000e+000  7.055293e-004
 4.777750e+000  1.057979e-003
 4.802500e+000  8.761466e-004
 4.827250e+000  7.904842e-004
 4.852000e+000  9.005727e-004
 4.876750e+000  8.655460e-004
 4.901500e+000  5.697672e-004
 4.926250e+000  7.738384e-004
 4.951000e+000  9.422935e-004
 4.975750e+000  7.842271e-004
 5.000500e+000  9.159259e-004
 5.025250e+000  8.132479e-004
 5.050000e+000  3.473002e-004
 5.074750e+000  4.280789e-004
 5.099500e+000  4.521362e-004
 5.124250e+000  8.387509e-004
 5.149000e+000  9.247639e-004
 5.173750e+000  6.047106e-004
 5.198500e+000  6.603627e-004
 5.223250e+000  7.000694e-004
 5.248000e+000  4.388830e-004
 5.272750e+000  5.762176e-004
 5.297500e+000  6.942009e-004
 5.322250e+000  4.633221e-004
 5.347000e+000  4.646264e-004
 5.371750e+000  6.807125e-004
 5.396500e+000  5.559261e-004
 5.421250e+000  5.039444e-004
 5.446000e+000  5.464085e-004
 5.470750e+000  7.517069e-004
 5.495500e+000  7.991031e-004
 5.520250e+000  7.379041e-004
 5.545000e+000  7.536136e-004
 5.569750e+000  4.465499e-004
 5.594500e+000  6.022710e-004
 5.619250e+000  7.938870e-004
 5.644000e+000  8.099113e-004
 5.668750e+000  7.042767e-004
 5.693500e+000  6.454686e-004
 5.718250e+000  4.635872e-004
 5.743000e+000  6.128213e-004
 5.767750e+000  5.742402e-004
 5.792500e+000  3.251380e-004
 5.817250e+000  4.849650e-004
 5.842000e+000  7.799372e-004
 5.866750e+000  5.526729e-004
 5.891500e+000  5.448775e-004
 5.916250e+000  6.745512e-004
 5.941000e+000  5.291912e-004
 5.965750e+000  7.872585e-004
 5.990500e+000  5.081143e-004
 6.015250e+000  5.338607e-004
 6.040000e+000  7.139216e-004
 6.064750e+000  5.379148e-004
 6.089500e+000  6.615728e-004
 6.114250e+000  7.560694e-004
 6.139000e+000  6.986786e-004
 6.163750e+000  5.170501e-004
 6.188500e+000  3.637241e-004
 6.213250e+000  4.652772e-004
 6.238000e+000  6.101114e-004
 6.262750e+000  8.290911e-004
 6.287500e+000  7.316435e-004
 6.312250e+000  5.781603e-004
 6.337000e+000  3.702605e-004
 6.361750e+000  5.316590e-004
 6.386500e+000  5.947366e-004
 6.411250e+000  6.079121e-004
 6.436000e+000  4.877350e-004
 6.460750e+000  4.392097e-004
 6.485500e+000  3.424613e-004
 6.510250e+000  3.416790e-004
 6.535000e+000  3.817340e-004
 6.559750e+000  6.293718e-004
 6.584500e+000  4.892808e-004
 6.609250e+000  4.332375e-004
 6.634000e+000  5.774562e-004
 6.658750e+000  4.219354e-004
 6.683500e+000  6.820825e-004
 6.708250e+000  8.825400e-004
 6.733000e+000  7.919247e-004
 6.757750e+000  6.550922e-004
 6.782500e+000  7.617868e-004
 6.807250e+000  7.387681e-004
 6.832000e+000  5.162625e-004
 6.856750e+000  4.913169e-004
 6.881500e+000  5.834832e-004
 6.906250e+000  5.949271e-004
 6.931000e+000  5.164119e-004
 6.955750e+000  5.444316e-004
 6.980500e+000  6.181510e-004
 7.005250e+000  4.893795e-004
 7.030000e+000  4.465022e-004
 7.054750e+000  3.321955e-004
 7.079500e+000  3.927692e-004
 7.104250e+000  3.154069e-004
 7.129000e+000  6.614901e-004
 7.153750e+000  6.233344e-004
 7.178500e+000  5.585867e-004
 7.203250e+000  6.012874e-004
 7.228000e+000  3.698294e-004
 7.252750e+000  4.631335e-004
 7.277500e+000  5.107802e-004
 7.302250e+000  3.827265e-004
 7.327000e+000  6.893161e-004
 7.351750e+000  6.877288e-004
 7.376500e+000  8.621412e-004
 7.401250e+000  8.075710e-004
 7.426000e+000  4.387569e-004
 7.450750e+000  5.767582e-004
 7.475500e+000  3.535609e-004
 7.500250e+000  4.214742e-004
 7.525000e+000  3.677073e-004
 7.549750e+000  4.190317e-004
 7.574500e+000  5.773160e-004
 7.599250e+000  2.701859e-004
 7.624000e+000  1.958049e-004
 7.648750e+000  3.694227e-004
 7.673500e+000  4.288602e-004
 7.698250e+000  4.251400e-004
 7.723000e+000  3.912638e-004
 7.747750e+000  5.019125e-004
 7.772500e+000  4.280466e-004
 7.797250e+000  3.090431e-004
 7.822000e+000  2.404034e-004
 7.846750e+000  3.524247e-004
 7.871500e+000  4.889606e-004
 7.896250e+000  4.555600e-004
 7.921000e+000  4.783962e-004
 7.945750e+000  3.342662e-004
 7.970500e+000  5.952957e-004
 7.995250e+000  6.343288e-004
 8.020000e+000  5.285244e-004
 8.044750e+000  4.765125e-004
 8.069500e+000  4.792287e-004
 8.094250e+000  2.722072e-004
 8.119000e+000  3.409100e-004
 8.143750e+000  4.207031e-004
 8.168500e+000  3.533604e-004
 8.193250e+000  4.766923e-004
 8.218000e+000  4.204252e-004
 8.242750e+000  5.973821e-004
 8.267500e+000  5.016289e-004
 8.292250e+000  5.966611e-004
 8.317000e+000  7.608021e-004
 8.341750e+000  6.120500e-004
 8.366500e+000  4.952859e-004
 8.391250e+000  4.588611e-004
 8.416000e+000  4.377393e-004
 8.440750e+000  2.716946e-004
 8.465500e+000  4.968597e-004
 8.490250e+000  6.485798e-004
 8.515000e+000  5.061173e-004
 8.539750e+000  4.189005e-004
 8.564500e+000  3.776621e-004
 8.589250e+000  3.603640e-004
 8.614000e+000  3.140346e-004
 8.638750e+000  3.568853e-004
 8.663500e+000  4.417974e-004
 8.688250e+000  5.571051e-004
 8.713000e+000  3.983665e-004
 8.737750e+000  3.457682e-004
 8.762500e+000  2.144204e-004
 8.787250e+000  4.457676e-004
 8.812000e+000  6.278247e-004
 8.836750e+000  5.996726e-004
 8.861500e+000  4.971031e-004
 8.886250e+000  5.489209e-004
 8.911000e+000  5.343705e-004
 8.935750e+000  5.198906e-004
 8.960500e+000  2.948608e-004
 8.985250e+000  2.899806e-004
 9.010000e+000  5.118728e-004
 9.034750e+000  3.343382e-004
 9.059500e+000  2.373816e-004
 9.084250e+000  3.027510e-004
 9.109000e+000  3.326985e-004
 9.133750e+000  2.757189e-004
 9.158500e+000  3.090636e-004
 9.183250e+000  4.289816e-004
 9.208000e+000  4.755404e-004
 9.232750e+000  4.385771e-004
 9.257500e+000  5.711698e-004
 9.282250e+000  4.577915e-004
 9.307000e+000  3.679672e-004
 9.331750e+000  4.155471e-004
 9.356500e+000  4.535028e-004
 9.381250e+000  6.307137e-004
 9.406000e+000  6.164502e-004
 9.430750e+000  5.390888e-004
 9.455500e+000  4.996369e-004
 9.480250e+000  4.687843e-004
 9.505000e+000  2.564312e-004
 9.529750e+000  2.699731e-004
 9.554500e+000  3.268535e-004
 9.579250e+000  4.249104e-004
 9.604000e+000  2.881020e-004
 9.628750e+000  4.262060e-004
 9.653500e+000  3.989951e-004
 9.678250e+000  4.278886e-004
 9.703000e+000  4.439214e-004
 9.727750e+000  3.958626e-004
 9.752500e+000  4.986718e-004
 9.777250e+000  5.359239e-004
 9.802000e+000  6.025432e-004
 9.826750e+000  4.074130e-004
 9.851500e+000  2.502548e-004
 9.876250e+000  4.262226e-004
 9.901000e+000  3.934540e-004
 9.925750e+000  2.800718e-004
 9.950500e+000  2.943450e-004
 9.975250e+000  2.769509e-004
 1.000000e+001  3.454719e-004
