 1.000000e+000  1.292397e-003
 1.247500e+000  1.134174e-003
 1.495000e+000  1.051023e-003
 1.742500e+000  9.850601e-004
 1.990000e+000  8.361583e-004
 2.237500e+000  6.408726e-004
 2.485000e+000  5.707187e-004
 2.732500e+000  5.040772e-004
 2.980000e+000  5.392507e-004
 3.227500e+000  5.379355e-004
 3.475000e+000  5.331351e-004
 3.722500e+000  4.526109e-004
 3.970000e+000  4.095652e-004
 4.217500e+000  4.158122e-004
 4.465000e+000  4.383273e-004
 4.712500e+000  4.617762e-004
 4.960000e+000  4.387905e-004
 5.207500e+000  4.829618e-004
 5.455000e+000  4.606611e-004
 5.702500e+000  3.890190e-004
 5.950000e+000  3.330654e-004
 6.197500e+000  3.231397e-004
 6.445000e+000  3.174091e-004
 6.692500e+000  4.109154e-004
 6.940000e+000  3.673165e-004
 7.187500e+000  3.862499e-004
 7.435000e+000  4.424428e-004
 7.682500e+000  4.343034e-004
 7.930000e+000  3.894099e-004
 8.177500e+000  3.820179e-004
 8.425000e+000  4.050310e-004
 8.672500e+000  3.291768e-004
 8.920000e+000  3.284026e-004
 9.167500e+000  3.282921e-004
 9.415000e+000  3.211563e-004
 9.662500e+000  3.205284e-004
 9.910000e+000  3.372318e-004
 1.015750e+001  3.578394e-004
 1.040500e+001  3.432846e-004
 1.065250e+001  3.221390e-004
 1.090000e+001  3.758261e-004
 1.114750e+001  3.309064e-004
 1.139500e+001  2.668610e-004
 1.164250e+001  2.925239e-004
 1.189000e+001  3.381840e-004
 1.213750e+001  2.877814e-004
 1.238500e+001  2.668100e-004
 1.263250e+001  2.737584e-004
 1.288000e+001  2.883476e-004
 1.312750e+001  3.125875e-004
 1.337500e+001  3.017940e-004
 1.362250e+001  2.939739e-004
 1.387000e+001  3.234794e-004
 1.411750e+001  2.644437e-004
 1.436500e+001  2.503091e-004
 1.461250e+001  2.881423e-004
 1.486000e+001  3.038267e-004
 1.510750e+001  3.159466e-004
 1.535500e+001  3.003953e-004
 1.560250e+001  2.901243e-004
 1.585000e+001  2.784351e-004
 1.609750e+001  3.049736e-004
 1.634500e+001  2.980857e-004
 1.659250e+001  3.122041e-004
 1.684000e+001  3.317868e-004
 1.708750e+001  3.519380e-004
 1.733500e+001  3.092447e-004
 1.758250e+001  3.173871e-004
 1.783000e+001  3.027794e-004
 1.807750e+001  2.878582e-004
 1.832500e+001  2.825137e-004
 1.857250e+001  2.412762e-004
 1.882000e+001  3.180198e-004
 1.906750e+001  3.237407e-004
 1.931500e+001  2.729672e-004
 1.956250e+001  2.586542e-004
 1.981000e+001  2.373540e-004
 2.005750e+001  2.923169e-004
 2.030500e+001  2.954755e-004
 2.055250e+001  2.632211e-004
 2.080000e+001  2.820711e-004
 2.104750e+001  2.816937e-004
 2.129500e+001  3.012484e-004
 2.154250e+001  2.624612e-004
 2.179000e+001  2.539997e-004
 2.203750e+001  2.245412e-004
 2.228500e+001  2.300920e-004
 2.253250e+001  2.250954e-004
 2.278000e+001  2.063410e-004
 2.302750e+001  1.890172e-004
 2.327500e+001  2.238342e-004
 2.352250e+001  2.255824e-004
 2.377000e+001  2.530217e-004
 2.401750e+001  2.726398e-004
 2.426500e+001  2.720763e-004
 2.451250e+001  2.660559e-004
 2.476000e+001  2.379137e-004
 2.500750e+001  2.519229e-004
 2.525500e+001  2.450910e-004
 2.550250e+001  2.385010e-004
 2.575000e+001  2.348120e-004
 2.599750e+001  2.088782e-004
 2.624500e+001  2.283271e-004
 2.649250e+001  2.653654e-004
 2.674000e+001  2.233277e-004
 2.698750e+001  2.313110e-004
 2.723500e+001  2.579295e-004
 2.748250e+001  2.841492e-004
 2.773000e+001  2.650880e-004
 2.797750e+001  2.752640e-004
 2.822500e+001  2.435219e-004
 2.847250e+001  2.614972e-004
 2.872000e+001  2.930275e-004
 2.896750e+001  2.736374e-004
 2.921500e+001  2.386524e-004
 2.946250e+001  2.577699e-004
 2.971000e+001  2.534489e-004
 2.995750e+001  2.178300e-004
 3.020500e+001  2.279611e-004
 3.045250e+001  2.348649e-004
 3.070000e+001  2.265365e-004
 3.094750e+001  2.109609e-004
 3.119500e+001  1.994867e-004
 3.144250e+001  2.073262e-004
 3.169000e+001  2.425346e-004
 3.193750e+001  2.520334e-004
 3.218500e+001  2.171476e-004
 3.243250e+001  2.222918e-004
 3.268000e+001  2.576856e-004
 3.292750e+001  2.483158e-004
 3.317500e+001  2.304752e-004
 3.342250e+001  1.981684e-004
 3.367000e+001  2.064355e-004
 3.391750e+001  2.482776e-004
 3.416500e+001  1.965118e-004
 3.441250e+001  2.296046e-004
 3.466000e+001  2.039131e-004
 3.490750e+001  1.959698e-004
 3.515500e+001  1.952856e-004
 3.540250e+001  2.619950e-004
 3.565000e+001  2.679807e-004
 3.589750e+001  2.501219e-004
 3.614500e+001  2.392102e-004
 3.639250e+001  2.068412e-004
 3.664000e+001  2.075197e-004
 3.688750e+001  2.100598e-004
 3.713500e+001  2.495078e-004
 3.738250e+001  2.010915e-004
 3.763000e+001  1.834093e-004
 3.787750e+001  1.806913e-004
 3.812500e+001  1.976181e-004
 3.837250e+001  1.976458e-004
 3.862000e+001  2.359289e-004
 3.886750e+001  2.519321e-004
 3.911500e+001  2.249174e-004
 3.936250e+001  1.885684e-004
 3.961000e+001  2.139378e-004
 3.985750e+001  1.938541e-004
 4.010500e+001  2.109863e-004
 4.035250e+001  2.159449e-004
 4.060000e+001  2.034232e-004
 4.084750e+001  2.067206e-004
 4.109500e+001  2.343095e-004
 4.134250e+001  1.839666e-004
 4.159000e+001  1.696323e-004
 4.183750e+001  1.707170e-004
 4.208500e+001  2.013038e-004
 4.233250e+001  2.149401e-004
 4.258000e+001  1.867143e-004
 4.282750e+001  1.754025e-004
 4.307500e+001  1.818156e-004
 4.332250e+001  1.945977e-004
 4.357000e+001  1.982720e-004
 4.381750e+001  1.806415e-004
 4.406500e+001  2.159219e-004
 4.431250e+001  2.473752e-004
 4.456000e+001  1.965603e-004
 4.480750e+001  1.955863e-004
 4.505500e+001  1.921730e-004
 4.530250e+001  2.106595e-004
 4.555000e+001  2.006246e-004
 4.579750e+001  2.147934e-004
 4.604500e+001  2.146168e-004
 4.629250e+001  1.877963e-004
 4.654000e+001  2.030033e-004
 4.678750e+001  1.962935e-004
 4.703500e+001  1.785380e-004
 4.728250e+001  1.910953e-004
 4.753000e+001  1.837649e-004
 4.777750e+001  1.863757e-004
 4.802500e+001  1.994634e-004
 4.827250e+001  1.906443e-004
 4.852000e+001  1.894880e-004
 4.876750e+001  1.956152e-004
 4.901500e+001  1.781852e-004
 4.926250e+001  1.950324e-004
 4.951000e+001  2.002224e-004
 4.975750e+001  5.650671e-004
 5.000500e+001  1.188261e-003
 5.025250e+001  6.825570e-004
 5.050000e+001  2.013897e-004
 5.074750e+001  2.048276e-004
 5.099500e+001  1.902221e-004
 5.124250e+001  2.217041e-004
 5.149000e+001  1.871431e-004
 5.173750e+001  1.844494e-004
 5.198500e+001  1.681060e-004
 5.223250e+001  1.762987e-004
 5.248000e+001  1.836745e-004
 5.272750e+001  2.270087e-004
 5.297500e+001  1.839401e-004
 5.322250e+001  1.514019e-004
 5.347000e+001  1.826040e-004
 5.371750e+001  1.537067e-004
 5.396500e+001  1.842337e-004
 5.421250e+001  1.616150e-004
 5.446000e+001  1.612371e-004
 5.470750e+001  1.848666e-004
 5.495500e+001  1.899845e-004
 5.520250e+001  2.188895e-004
 5.545000e+001  2.071727e-004
 5.569750e+001  2.162301e-004
 5.594500e+001  2.001952e-004
 5.619250e+001  1.649436e-004
 5.644000e+001  1.596602e-004
 5.668750e+001  1.825410e-004
 5.693500e+001  2.157962e-004
 5.718250e+001  2.220382e-004
 5.743000e+001  2.236464e-004
 5.767750e+001  2.034253e-004
 5.792500e+001  1.932599e-004
 5.817250e+001  1.957081e-004
 5.842000e+001  1.919659e-004
 5.866750e+001  1.662528e-004
 5.891500e+001  1.445281e-004
 5.916250e+001  1.692639e-004
 5.941000e+001  1.970037e-004
 5.965750e+001  2.170642e-004
 5.990500e+001  2.884117e-004
 6.015250e+001  3.087026e-004
 6.040000e+001  2.061022e-004
 6.064750e+001  1.811912e-004
 6.089500e+001  1.739140e-004
 6.114250e+001  1.612817e-004
 6.139000e+001  1.794505e-004
 6.163750e+001  1.734018e-004
 6.188500e+001  1.583938e-004
 6.213250e+001  2.079591e-004
 6.238000e+001  1.742237e-004
 6.262750e+001  1.932852e-004
 6.287500e+001  1.956165e-004
 6.312250e+001  2.175898e-004
 6.337000e+001  1.837878e-004
 6.361750e+001  1.821096e-004
 6.386500e+001  1.904904e-004
 6.411250e+001  1.913052e-004
 6.436000e+001  1.637377e-004
 6.460750e+001  1.635229e-004
 6.485500e+001  1.752372e-004
 6.510250e+001  1.698739e-004
 6.535000e+001  1.694563e-004
 6.559750e+001  1.695747e-004
 6.584500e+001  1.523677e-004
 6.609250e+001  1.696428e-004
 6.634000e+001  1.694796e-004
 6.658750e+001  1.464459e-004
 6.683500e+001  1.569318e-004
 6.708250e+001  1.624252e-004
 6.733000e+001  1.785255e-004
 6.757750e+001  1.804730e-004
 6.782500e+001  1.728172e-004
 6.807250e+001  1.852624e-004
 6.832000e+001  1.660422e-004
 6.856750e+001  1.400308e-004
 6.881500e+001  1.415189e-004
 6.906250e+001  1.499165e-004
 6.931000e+001  1.779907e-004
 6.955750e+001  1.885511e-004
 6.980500e+001  1.909476e-004
 7.005250e+001  1.749762e-004
 7.030000e+001  1.412586e-004
 7.054750e+001  1.593159e-004
 7.079500e+001  1.472329e-004
 7.104250e+001  1.385090e-004
 7.129000e+001  1.684527e-004
 7.153750e+001  1.637744e-004
 7.178500e+001  1.556734e-004
 7.203250e+001  1.410687e-004
 7.228000e+001  1.628913e-004
 7.252750e+001  1.632654e-004
 7.277500e+001  1.547944e-004
 7.302250e+001  1.569170e-004
 7.327000e+001  1.519877e-004
 7.351750e+001  1.830830e-004
 7.376500e+001  1.790438e-004
 7.401250e+001  1.466340e-004
 7.426000e+001  1.328874e-004
 7.450750e+001  1.518340e-004
 7.475500e+001  1.516072e-004
 7.500250e+001  1.441672e-004
 7.525000e+001  1.266604e-004
 7.549750e+001  1.345534e-004
 7.574500e+001  1.650424e-004
 7.599250e+001  1.827053e-004
 7.624000e+001  1.834622e-004
 7.648750e+001  1.561796e-004
 7.673500e+001  1.302431e-004
 7.698250e+001  1.746545e-004
 7.723000e+001  2.164563e-004
 7.747750e+001  2.158338e-004
 7.772500e+001  2.340519e-004
 7.797250e+001  1.830664e-004
 7.822000e+001  1.343938e-004
 7.846750e+001  1.534605e-004
 7.871500e+001  1.487127e-004
 7.896250e+001  1.417860e-004
 7.921000e+001  1.289876e-004
 7.945750e+001  1.308020e-004
 7.970500e+001  1.458632e-004
 7.995250e+001  1.386438e-004
 8.020000e+001  1.313101e-004
 8.044750e+001  1.315137e-004
 8.069500e+001  1.376746e-004
 8.094250e+001  1.461724e-004
 8.119000e+001  1.506713e-004
 8.143750e+001  1.444873e-004
 8.168500e+001  1.234148e-004
 8.193250e+001  1.558288e-004
 8.218000e+001  1.565057e-004
 8.242750e+001  1.628275e-004
 8.267500e+001  1.718231e-004
 8.292250e+001  1.251140e-004
 8.317000e+001  1.193634e-004
 8.341750e+001  1.374498e-004
 8.366500e+001  1.387229e-004
 8.391250e+001  1.373024e-004
 8.416000e+001  1.392138e-004
 8.440750e+001  1.358603e-004
 8.465500e+001  1.319054e-004
 8.490250e+001  1.171747e-004
 8.515000e+001  1.417342e-004
 8.539750e+001  1.365081e-004
 8.564500e+001  1.371648e-004
 8.589250e+001  1.277646e-004
 8.614000e+001  1.421753e-004
 8.638750e+001  1.484775e-004
 8.663500e+001  1.250401e-004
 8.688250e+001  1.180794e-004
 8.713000e+001  1.262481e-004
 8.737750e+001  1.476268e-004
 8.762500e+001  1.651730e-004
 8.787250e+001  1.395915e-004
 8.812000e+001  1.367076e-004
 8.836750e+001  1.463279e-004
 8.861500e+001  1.611966e-004
 8.886250e+001  1.550063e-004
 8.911000e+001  1.227410e-004
 8.935750e+001  1.342212e-004
 8.960500e+001  1.374675e-004
 8.985250e+001  1.331715e-004
 9.010000e+001  1.219201e-004
 9.034750e+001  1.366582e-004
 9.059500e+001  1.429176e-004
 9.084250e+001  1.401115e-004
 9.109000e+001  1.508761e-004
 9.133750e+001  1.544009e-004
 9.158500e+001  1.286085e-004
 9.183250e+001  1.171041e-004
 9.208000e+001  1.198945e-004
 9.232750e+001  1.381292e-004
 9.257500e+001  1.226508e-004
 9.282250e+001  1.312492e-004
 9.307000e+001  1.200844e-004
 9.331750e+001  1.274620e-004
 9.356500e+001  1.403370e-004
 9.381250e+001  1.432524e-004
 9.406000e+001  1.428408e-004
 9.430750e+001  1.421345e-004
 9.455500e+001  1.347001e-004
 9.480250e+001  1.363614e-004
 9.505000e+001  1.128478e-004
 9.529750e+001  1.221963e-004
 9.554500e+001  1.273189e-004
 9.579250e+001  1.044227e-004
 9.604000e+001  1.185471e-004
 9.628750e+001  1.366442e-004
 9.653500e+001  1.452487e-004
 9.678250e+001  1.341818e-004
 9.703000e+001  1.276678e-004
 9.727750e+001  1.208069e-004
 9.752500e+001  1.363644e-004
 9.777250e+001  1.169391e-004
 9.802000e+001  1.281601e-004
 9.826750e+001  1.424737e-004
 9.851500e+001  1.356203e-004
 9.876250e+001  1.178289e-004
 9.901000e+001  1.093667e-004
 9.925750e+001  1.327662e-004
 9.950500e+001  1.363064e-004
 9.975250e+001  1.212256e-004
 1.000000e+002  1.694519e-004
