 1.000000e+001  4.816747e-004
 1.061875e+001  4.747690e-004
 1.123750e+001  4.054644e-004
 1.185625e+001  3.921895e-004
 1.247500e+001  4.468357e-004
 1.309375e+001  4.376745e-004
 1.371250e+001  4.194538e-004
 1.433125e+001  4.246843e-004
 1.495000e+001  3.835784e-004
 1.556875e+001  3.730676e-004
 1.618750e+001  3.511502e-004
 1.680625e+001  3.724824e-004
 1.742500e+001  3.820945e-004
 1.804375e+001  3.833918e-004
 1.866250e+001  3.742031e-004
 1.928125e+001  3.524705e-004
 1.990000e+001  3.384812e-004
 2.051875e+001  3.331685e-004
 2.113750e+001  3.617518e-004
 2.175625e+001  3.226593e-004
 2.237500e+001  3.084013e-004
 2.299375e+001  3.519525e-004
 2.361250e+001  3.414064e-004
 2.423125e+001  2.921803e-004
 2.485000e+001  2.975104e-004
 2.546875e+001  3.626814e-004
 2.608750e+001  3.735679e-004
 2.670625e+001  2.833807e-004
 2.732500e+001  2.884410e-004
 2.794375e+001  3.175191e-004
 2.856250e+001  2.976690e-004
 2.918125e+001  2.888603e-004
 2.980000e+001  2.891979e-004
 3.041875e+001  3.181395e-004
 3.103750e+001  3.111010e-004
 3.165625e+001  2.995108e-004
 3.227500e+001  3.084362e-004
 3.289375e+001  2.849146e-004
 3.351250e+001  2.653579e-004
 3.413125e+001  2.457397e-004
 3.475000e+001  2.897184e-004
 3.536875e+001  2.761350e-004
 3.598750e+001  2.464620e-004
 3.660625e+001  2.468199e-004
 3.722500e+001  2.382579e-004
 3.784375e+001  2.818963e-004
 3.846250e+001  2.813690e-004
 3.908125e+001  2.524238e-004
 3.970000e+001  2.802952e-004
 4.031875e+001  2.970306e-004
 4.093750e+001  2.970314e-004
 4.155625e+001  3.036648e-004
 4.217500e+001  2.582573e-004
 4.279375e+001  2.535077e-004
 4.341250e+001  2.612709e-004
 4.403125e+001  2.236742e-004
 4.465000e+001  2.423366e-004
 4.526875e+001  2.583524e-004
 4.588750e+001  2.746460e-004
 4.650625e+001  2.422006e-004
 4.712500e+001  2.606659e-004
 4.774375e+001  2.695394e-004
 4.836250e+001  2.477166e-004
 4.898125e+001  2.575540e-004
 4.960000e+001  5.120205e-004
 5.021875e+001  6.424864e-004
 5.083750e+001  3.198987e-004
 5.145625e+001  2.266171e-004
 5.207500e+001  2.385932e-004
 5.269375e+001  2.574633e-004
 5.331250e+001  2.501694e-004
 5.393125e+001  2.344840e-004
 5.455000e+001  2.337993e-004
 5.516875e+001  2.550213e-004
 5.578750e+001  2.340485e-004
 5.640625e+001  2.315084e-004
 5.702500e+001  2.081972e-004
 5.764375e+001  2.325890e-004
 5.826250e+001  2.285539e-004
 5.888125e+001  1.768240e-004
 5.950000e+001  2.256878e-004
 6.011875e+001  3.044787e-004
 6.073750e+001  2.651534e-004
 6.135625e+001  2.328254e-004
 6.197500e+001  1.982433e-004
 6.259375e+001  2.101076e-004
 6.321250e+001  2.202601e-004
 6.383125e+001  2.098877e-004
 6.445000e+001  2.237499e-004
 6.506875e+001  2.174399e-004
 6.568750e+001  2.214847e-004
 6.630625e+001  2.200886e-004
 6.692500e+001  2.251539e-004
 6.754375e+001  2.389107e-004
 6.816250e+001  2.467241e-004
 6.878125e+001  2.110272e-004
 6.940000e+001  2.141705e-004
 7.001875e+001  2.165356e-004
 7.063750e+001  1.909757e-004
 7.125625e+001  1.990252e-004
 7.187500e+001  1.942822e-004
 7.249375e+001  2.005347e-004
 7.311250e+001  1.856021e-004
 7.373125e+001  1.705072e-004
 7.435000e+001  1.650061e-004
 7.496875e+001  1.997494e-004
 7.558750e+001  2.022452e-004
 7.620625e+001  1.797073e-004
 7.682500e+001  1.666540e-004
 7.744375e+001  1.704639e-004
 7.806250e+001  1.807990e-004
 7.868125e+001  1.902371e-004
 7.930000e+001  2.271047e-004
 7.991875e+001  2.389596e-004
 8.053750e+001  2.187443e-004
 8.115625e+001  2.013345e-004
 8.177500e+001  2.083177e-004
 8.239375e+001  1.761095e-004
 8.301250e+001  1.709969e-004
 8.363125e+001  1.695445e-004
 8.425000e+001  1.800422e-004
 8.486875e+001  1.788127e-004
 8.548750e+001  1.858620e-004
 8.610625e+001  1.912620e-004
 8.672500e+001  1.941225e-004
 8.734375e+001  1.990896e-004
 8.796250e+001  1.878621e-004
 8.858125e+001  1.878524e-004
 8.920000e+001  1.633915e-004
 8.981875e+001  1.681629e-004
 9.043750e+001  1.885157e-004
 9.105625e+001  1.777196e-004
 9.167500e+001  1.592464e-004
 9.229375e+001  1.693179e-004
 9.291250e+001  1.565988e-004
 9.353125e+001  1.526596e-004
 9.415000e+001  1.466013e-004
 9.476875e+001  1.656875e-004
 9.538750e+001  1.800013e-004
 9.600625e+001  1.688637e-004
 9.662500e+001  1.697831e-004
 9.724375e+001  1.666103e-004
 9.786250e+001  1.620494e-004
 9.848125e+001  1.703315e-004
 9.910000e+001  1.790802e-004
 9.971875e+001  1.813288e-004
 1.003375e+002  1.674549e-004
 1.009563e+002  1.576484e-004
 1.015750e+002  1.590848e-004
 1.021938e+002  1.676170e-004
 1.028125e+002  1.804081e-004
 1.034313e+002  1.751944e-004
 1.040500e+002  1.449411e-004
 1.046688e+002  1.415043e-004
 1.052875e+002  1.610867e-004
 1.059063e+002  1.771523e-004
 1.065250e+002  1.771753e-004
 1.071438e+002  1.596919e-004
 1.077625e+002  1.416063e-004
 1.083813e+002  1.456417e-004
 1.090000e+002  1.575870e-004
 1.096188e+002  1.749789e-004
 1.102375e+002  1.629036e-004
 1.108563e+002  1.565947e-004
 1.114750e+002  1.384401e-004
 1.120938e+002  1.463423e-004
 1.127125e+002  1.370750e-004
 1.133313e+002  1.267800e-004
 1.139500e+002  1.468311e-004
 1.145688e+002  1.521401e-004
 1.151875e+002  1.562400e-004
 1.158063e+002  1.189589e-004
 1.164250e+002  1.463400e-004
 1.170438e+002  1.485418e-004
 1.176625e+002  1.264310e-004
 1.182813e+002  1.236948e-004
 1.189000e+002  1.389945e-004
 1.195188e+002  1.480851e-004
 1.201375e+002  1.734650e-004
 1.207563e+002  1.595535e-004
 1.213750e+002  1.251434e-004
 1.219938e+002  1.220786e-004
 1.226125e+002  1.352645e-004
 1.232313e+002  1.351957e-004
 1.238500e+002  1.241230e-004
 1.244688e+002  1.376750e-004
 1.250875e+002  1.356499e-004
 1.257063e+002  1.264651e-004
 1.263250e+002  1.469237e-004
 1.269438e+002  1.443434e-004
 1.275625e+002  1.431944e-004
 1.281813e+002  1.323645e-004
 1.288000e+002  1.341341e-004
 1.294188e+002  1.415587e-004
 1.300375e+002  1.430560e-004
 1.306563e+002  1.388858e-004
 1.312750e+002  1.209853e-004
 1.318938e+002  1.169992e-004
 1.325125e+002  1.383388e-004
 1.331313e+002  1.304638e-004
 1.337500e+002  1.082410e-004
 1.343688e+002  1.051822e-004
 1.349875e+002  1.256861e-004
 1.356063e+002  1.365802e-004
 1.362250e+002  1.305366e-004
 1.368438e+002  1.175831e-004
 1.374625e+002  1.285919e-004
 1.380813e+002  1.308016e-004
 1.387000e+002  1.202067e-004
 1.393188e+002  1.366520e-004
 1.399375e+002  1.456964e-004
 1.405563e+002  1.450664e-004
 1.411750e+002  1.264169e-004
 1.417938e+002  1.382601e-004
 1.424125e+002  1.483702e-004
 1.430313e+002  1.486362e-004
 1.436500e+002  1.344896e-004
 1.442688e+002  1.147693e-004
 1.448875e+002  1.304310e-004
 1.455063e+002  1.210269e-004
 1.461250e+002  1.105307e-004
 1.467438e+002  1.193604e-004
 1.473625e+002  1.188493e-004
 1.479813e+002  1.243810e-004
 1.486000e+002  1.207392e-004
 1.492188e+002  1.801678e-004
 1.498375e+002  3.812212e-004
 1.504563e+002  2.782872e-004
 1.510750e+002  1.184294e-004
 1.516938e+002  1.211346e-004
 1.523125e+002  1.245145e-004
 1.529313e+002  1.177462e-004
 1.535500e+002  1.166083e-004
 1.541688e+002  1.258275e-004
 1.547875e+002  1.179426e-004
 1.554063e+002  1.194950e-004
 1.560250e+002  1.261233e-004
 1.566438e+002  1.238658e-004
 1.572625e+002  1.076066e-004
 1.578813e+002  1.022182e-004
 1.585000e+002  1.173388e-004
 1.591188e+002  1.184573e-004
 1.597375e+002  1.244050e-004
 1.603563e+002  1.355074e-004
 1.609750e+002  1.165561e-004
 1.615938e+002  1.045310e-004
 1.622125e+002  1.106855e-004
 1.628313e+002  1.181656e-004
 1.634500e+002  1.214577e-004
 1.640688e+002  1.274589e-004
 1.646875e+002  1.201953e-004
 1.653063e+002  1.152943e-004
 1.659250e+002  1.142942e-004
 1.665438e+002  1.155309e-004
 1.671625e+002  1.078396e-004
 1.677813e+002  1.156816e-004
 1.684000e+002  1.212977e-004
 1.690188e+002  1.296260e-004
 1.696375e+002  1.150024e-004
 1.702563e+002  1.060116e-004
 1.708750e+002  1.137096e-004
 1.714938e+002  1.085634e-004
 1.721125e+002  1.016397e-004
 1.727313e+002  9.782232e-005
 1.733500e+002  1.129496e-004
 1.739688e+002  1.239386e-004
 1.745875e+002  1.146852e-004
 1.752063e+002  1.042575e-004
 1.758250e+002  1.053200e-004
 1.764438e+002  1.054315e-004
 1.770625e+002  1.021289e-004
 1.776813e+002  1.046832e-004
 1.783000e+002  1.093883e-004
 1.789188e+002  1.134909e-004
 1.795375e+002  1.303270e-004
 1.801563e+002  1.563347e-004
 1.807750e+002  1.250279e-004
 1.813938e+002  9.726740e-005
 1.820125e+002  9.743833e-005
 1.826313e+002  9.816006e-005
 1.832500e+002  1.063396e-004
 1.838688e+002  1.029905e-004
 1.844875e+002  9.654121e-005
 1.851063e+002  1.064981e-004
 1.857250e+002  1.084461e-004
 1.863438e+002  1.096489e-004
 1.869625e+002  1.039883e-004
 1.875813e+002  1.046194e-004
 1.882000e+002  9.914707e-005
 1.888188e+002  9.019441e-005
 1.894375e+002  9.177749e-005
 1.900563e+002  8.428308e-005
 1.906750e+002  9.784339e-005
 1.912938e+002  9.483303e-005
 1.919125e+002  9.995752e-005
 1.925313e+002  1.003140e-004
 1.931500e+002  9.886707e-005
 1.937688e+002  1.016151e-004
 1.943875e+002  1.051389e-004
 1.950063e+002  1.002573e-004
 1.956250e+002  9.677607e-005
 1.962438e+002  8.912858e-005
 1.968625e+002  1.029595e-004
 1.974813e+002  1.232013e-004
 1.981000e+002  1.186168e-004
 1.987188e+002  9.696123e-005
 1.993375e+002  1.041198e-004
 1.999563e+002  1.183241e-004
 2.005750e+002  1.047390e-004
 2.011938e+002  1.089121e-004
 2.018125e+002  1.069596e-004
 2.024313e+002  8.945786e-005
 2.030500e+002  9.056438e-005
 2.036688e+002  8.767678e-005
 2.042875e+002  8.619667e-005
 2.049063e+002  8.831427e-005
 2.055250e+002  8.966882e-005
 2.061438e+002  9.238808e-005
 2.067625e+002  8.765126e-005
 2.073813e+002  8.750646e-005
 2.080000e+002  8.499137e-005
 2.086188e+002  9.642727e-005
 2.092375e+002  8.876572e-005
 2.098563e+002  9.354115e-005
 2.104750e+002  9.308287e-005
 2.110938e+002  9.688397e-005
 2.117125e+002  9.099019e-005
 2.123313e+002  8.419963e-005
 2.129500e+002  9.344721e-005
 2.135688e+002  9.201081e-005
 2.141875e+002  9.712964e-005
 2.148063e+002  9.577338e-005
 2.154250e+002  8.286482e-005
 2.160438e+002  8.877772e-005
 2.166625e+002  9.438582e-005
 2.172813e+002  8.926040e-005
 2.179000e+002  8.796750e-005
 2.185188e+002  1.009462e-004
 2.191375e+002  9.134980e-005
 2.197563e+002  8.574889e-005
 2.203750e+002  8.744454e-005
 2.209938e+002  9.648969e-005
 2.216125e+002  8.693596e-005
 2.222313e+002  7.848844e-005
 2.228500e+002  8.831110e-005
 2.234688e+002  1.009537e-004
 2.240875e+002  9.715832e-005
 2.247063e+002  9.637793e-005
 2.253250e+002  9.686795e-005
 2.259438e+002  9.097418e-005
 2.265625e+002  8.924275e-005
 2.271813e+002  8.629059e-005
 2.278000e+002  8.466220e-005
 2.284188e+002  9.468331e-005
 2.290375e+002  8.468795e-005
 2.296563e+002  7.839676e-005
 2.302750e+002  7.311825e-005
 2.308938e+002  8.442358e-005
 2.315125e+002  9.542076e-005
 2.321313e+002  8.577389e-005
 2.327500e+002  8.435999e-005
 2.333688e+002  8.156643e-005
 2.339875e+002  8.161543e-005
 2.346063e+002  8.413655e-005
 2.352250e+002  7.576377e-005
 2.358438e+002  8.456667e-005
 2.364625e+002  8.413933e-005
 2.370813e+002  7.858183e-005
 2.377000e+002  8.571685e-005
 2.383188e+002  8.451459e-005
 2.389375e+002  7.489743e-005
 2.395563e+002  1.216181e-004
 2.401750e+002  1.536953e-004
 2.407938e+002  1.092816e-004
 2.414125e+002  9.342195e-005
 2.420313e+002  8.151794e-005
 2.426500e+002  8.437798e-005
 2.432688e+002  7.973093e-005
 2.438875e+002  8.700709e-005
 2.445063e+002  9.094905e-005
 2.451250e+002  9.090998e-005
 2.457438e+002  8.028038e-005
 2.463625e+002  7.704031e-005
 2.469813e+002  7.880682e-005
 2.476000e+002  8.082824e-005
 2.482188e+002  8.652577e-005
 2.488375e+002  8.281680e-005
 2.494563e+002  1.053530e-004
 2.500750e+002  1.483651e-004
 2.506938e+002  1.002670e-004
 2.513125e+002  8.015990e-005
 2.519313e+002  8.032259e-005
 2.525500e+002  7.266074e-005
 2.531688e+002  6.517204e-005
 2.537875e+002  6.138569e-005
 2.544063e+002  7.515149e-005
 2.550250e+002  8.102885e-005
 2.556438e+002  8.882800e-005
 2.562625e+002  8.870155e-005
 2.568813e+002  7.577348e-005
 2.575000e+002  8.458935e-005
 2.581188e+002  9.849567e-005
 2.587375e+002  9.765223e-005
 2.593563e+002  9.447070e-005
 2.599750e+002  8.129302e-005
 2.605938e+002  7.509708e-005
 2.612125e+002  7.608999e-005
 2.618313e+002  8.762661e-005
 2.624500e+002  8.146257e-005
 2.630688e+002  6.573045e-005
 2.636875e+002  6.948541e-005
 2.643063e+002  6.962977e-005
 2.649250e+002  7.678877e-005
 2.655438e+002  8.460264e-005
 2.661625e+002  8.054025e-005
 2.667813e+002  8.484521e-005
 2.674000e+002  8.962560e-005
 2.680188e+002  8.376083e-005
 2.686375e+002  7.690538e-005
 2.692563e+002  8.137931e-005
 2.698750e+002  8.028377e-005
 2.704938e+002  7.612822e-005
 2.711125e+002  6.991134e-005
 2.717313e+002  8.261256e-005
 2.723500e+002  8.201270e-005
 2.729688e+002  6.977921e-005
 2.735875e+002  6.692975e-005
 2.742063e+002  6.707592e-005
 2.748250e+002  6.254513e-005
 2.754438e+002  6.792813e-005
 2.760625e+002  7.141319e-005
 2.766813e+002  7.232624e-005
 2.773000e+002  8.233157e-005
 2.779188e+002  9.010701e-005
 2.785375e+002  8.593055e-005
 2.791563e+002  7.686003e-005
 2.797750e+002  7.931384e-005
 2.803938e+002  7.262074e-005
 2.810125e+002  7.387197e-005
 2.816313e+002  7.342488e-005
 2.822500e+002  7.265505e-005
 2.828688e+002  7.916228e-005
 2.834875e+002  7.765634e-005
 2.841063e+002  7.182170e-005
 2.847250e+002  7.280735e-005
 2.853438e+002  7.301998e-005
 2.859625e+002  8.344407e-005
 2.865813e+002  7.946071e-005
 2.872000e+002  7.974216e-005
 2.878188e+002  8.327889e-005
 2.884375e+002  8.048578e-005
 2.890563e+002  7.003814e-005
 2.896750e+002  6.638360e-005
 2.902938e+002  5.950437e-005
 2.909125e+002  6.892990e-005
 2.915313e+002  7.302697e-005
 2.921500e+002  6.934522e-005
 2.927688e+002  6.923525e-005
 2.933875e+002  7.206379e-005
 2.940063e+002  7.797138e-005
 2.946250e+002  6.893007e-005
 2.952438e+002  7.440232e-005
 2.958625e+002  6.680688e-005
 2.964813e+002  7.132601e-005
 2.971000e+002  7.050118e-005
 2.977188e+002  6.926113e-005
 2.983375e+002  6.633556e-005
 2.989563e+002  7.482712e-005
 2.995750e+002  1.559914e-004
 3.001938e+002  2.026339e-004
 3.008125e+002  1.003946e-004
 3.014313e+002  6.518099e-005
 3.020500e+002  6.321736e-005
 3.026688e+002  7.231372e-005
 3.032875e+002  7.494299e-005
 3.039063e+002  7.336554e-005
 3.045250e+002  7.150742e-005
 3.051438e+002  6.534986e-005
 3.057625e+002  7.159670e-005
 3.063813e+002  7.243813e-005
 3.070000e+002  7.205958e-005
 3.076188e+002  7.407306e-005
 3.082375e+002  6.808289e-005
 3.088563e+002  6.363359e-005
 3.094750e+002  7.016434e-005
 3.100938e+002  7.803962e-005
 3.107125e+002  8.396351e-005
 3.113313e+002  7.543328e-005
 3.119500e+002  7.346650e-005
 3.125688e+002  7.113505e-005
 3.131875e+002  7.275855e-005
 3.138063e+002  7.602532e-005
 3.144250e+002  7.513782e-005
 3.150437e+002  6.454381e-005
 3.156625e+002  6.779504e-005
 3.162812e+002  6.674584e-005
 3.169000e+002  6.991811e-005
 3.175187e+002  6.355190e-005
 3.181375e+002  6.875654e-005
 3.187562e+002  5.393446e-005
 3.193750e+002  5.939948e-005
 3.199937e+002  6.547421e-005
 3.206125e+002  6.944265e-005
 3.212312e+002  6.709256e-005
 3.218500e+002  6.391106e-005
 3.224687e+002  6.271359e-005
 3.230875e+002  6.105020e-005
 3.237062e+002  6.737436e-005
 3.243250e+002  6.229800e-005
 3.249437e+002  7.006687e-005
 3.255625e+002  6.990429e-005
 3.261812e+002  7.087930e-005
 3.268000e+002  6.700885e-005
 3.274187e+002  5.501935e-005
 3.280375e+002  6.681422e-005
 3.286562e+002  7.035615e-005
 3.292750e+002  6.630697e-005
 3.298937e+002  6.620380e-005
 3.305125e+002  6.424654e-005
 3.311312e+002  7.025447e-005
 3.317500e+002  6.622000e-005
 3.323687e+002  7.002235e-005
 3.329875e+002  7.076564e-005
 3.336062e+002  6.931564e-005
 3.342250e+002  6.997692e-005
 3.348437e+002  6.271877e-005
 3.354625e+002  6.536844e-005
 3.360812e+002  6.615352e-005
 3.367000e+002  6.234865e-005
 3.373187e+002  6.098656e-005
 3.379375e+002  6.101160e-005
 3.385562e+002  6.250719e-005
 3.391750e+002  5.760545e-005
 3.397937e+002  5.913089e-005
 3.404125e+002  6.750900e-005
 3.410312e+002  7.112860e-005
 3.416500e+002  6.547807e-005
 3.422687e+002  6.994557e-005
 3.428875e+002  7.357312e-005
 3.435062e+002  6.596559e-005
 3.441250e+002  6.763386e-005
 3.447437e+002  6.692409e-005
 3.453625e+002  7.182873e-005
 3.459812e+002  6.243487e-005
 3.466000e+002  6.143873e-005
 3.472187e+002  6.314104e-005
 3.478375e+002  6.210405e-005
 3.484562e+002  7.390862e-005
 3.490750e+002  6.604955e-005
 3.496937e+002  1.292351e-004
 3.503125e+002  1.198890e-004
 3.509312e+002  7.341951e-005
 3.515500e+002  7.463438e-005
 3.521687e+002  7.654790e-005
 3.527875e+002  6.741441e-005
 3.534062e+002  6.272845e-005
 3.540250e+002  6.037150e-005
 3.546437e+002  6.359804e-005
 3.552625e+002  7.717475e-005
 3.558812e+002  7.710921e-005
 3.565000e+002  7.471652e-005
 3.571187e+002  6.625062e-005
 3.577375e+002  6.537555e-005
 3.583562e+002  6.722561e-005
 3.589750e+002  6.412097e-005
 3.595937e+002  8.590421e-005
 3.602125e+002  1.257964e-004
 3.608312e+002  6.696483e-005
 3.614500e+002  5.769576e-005
 3.620687e+002  5.143366e-005
 3.626875e+002  5.478491e-005
 3.633062e+002  6.370536e-005
 3.639250e+002  6.282495e-005
 3.645437e+002  5.891281e-005
 3.651625e+002  6.753027e-005
 3.657812e+002  6.776335e-005
 3.664000e+002  6.078509e-005
 3.670187e+002  6.381123e-005
 3.676375e+002  6.750702e-005
 3.682562e+002  6.872594e-005
 3.688750e+002  6.713447e-005
 3.694937e+002  6.732710e-005
 3.701125e+002  6.779506e-005
 3.707312e+002  7.054441e-005
 3.713500e+002  7.443329e-005
 3.719687e+002  7.004180e-005
 3.725875e+002  6.402132e-005
 3.732062e+002  6.155551e-005
 3.738250e+002  5.157320e-005
 3.744437e+002  4.855000e-005
 3.750625e+002  5.423253e-005
 3.756812e+002  6.131594e-005
 3.763000e+002  5.880253e-005
 3.769187e+002  6.652881e-005
 3.775375e+002  7.145335e-005
 3.781562e+002  6.918364e-005
 3.787750e+002  5.615920e-005
 3.793937e+002  5.892157e-005
 3.800125e+002  6.439758e-005
 3.806312e+002  5.841613e-005
 3.812500e+002  5.921324e-005
 3.818687e+002  5.319916e-005
 3.824875e+002  5.495549e-005
 3.831062e+002  5.843764e-005
 3.837250e+002  6.282597e-005
 3.843437e+002  7.214422e-005
 3.849625e+002  6.512917e-005
 3.855812e+002  6.430751e-005
 3.862000e+002  6.743280e-005
 3.868187e+002  6.501490e-005
 3.874375e+002  6.064007e-005
 3.880562e+002  5.237130e-005
 3.886750e+002  5.478770e-005
 3.892937e+002  5.778391e-005
 3.899125e+002  5.661940e-005
 3.905312e+002  6.006728e-005
 3.911500e+002  5.590740e-005
 3.917687e+002  5.558249e-005
 3.923875e+002  5.770301e-005
 3.930062e+002  6.148514e-005
 3.936250e+002  6.335847e-005
 3.942437e+002  5.836804e-005
 3.948625e+002  5.315076e-005
 3.954812e+002  5.895327e-005
 3.961000e+002  5.162356e-005
 3.967187e+002  5.902800e-005
 3.973375e+002  6.650607e-005
 3.979562e+002  6.370844e-005
 3.985750e+002  6.297905e-005
 3.991937e+002  7.295606e-005
 3.998125e+002  9.194783e-005
 4.004312e+002  7.911175e-005
 4.010500e+002  7.087291e-005
 4.016687e+002  6.063200e-005
 4.022875e+002  5.974051e-005
 4.029062e+002  6.271122e-005
 4.035250e+002  5.269270e-005
 4.041437e+002  5.395497e-005
 4.047625e+002  5.935294e-005
 4.053812e+002  6.336186e-005
 4.060000e+002  6.010986e-005
 4.066187e+002  5.249897e-005
 4.072375e+002  5.389359e-005
 4.078562e+002  5.587519e-005
 4.084750e+002  5.549690e-005
 4.090937e+002  4.768850e-005
 4.097125e+002  5.730613e-005
 4.103312e+002  6.045140e-005
 4.109500e+002  6.697282e-005
 4.115687e+002  5.802529e-005
 4.121875e+002  4.666836e-005
 4.128062e+002  5.200361e-005
 4.134250e+002  6.168837e-005
 4.140437e+002  5.881736e-005
 4.146625e+002  5.301217e-005
 4.152812e+002  5.170361e-005
 4.159000e+002  5.620420e-005
 4.165187e+002  6.367159e-005
 4.171375e+002  6.194555e-005
 4.177562e+002  5.497836e-005
 4.183750e+002  5.508792e-005
 4.189937e+002  5.801762e-005
 4.196125e+002  8.883423e-005
 4.202312e+002  1.371662e-004
 4.208500e+002  8.461417e-005
 4.214687e+002  6.149664e-005
 4.220875e+002  5.494425e-005
 4.227062e+002  5.130859e-005
 4.233250e+002  4.714102e-005
 4.239437e+002  5.182281e-005
 4.245625e+002  5.773304e-005
 4.251812e+002  6.142135e-005
 4.258000e+002  4.679004e-005
 4.264187e+002  5.281043e-005
 4.270375e+002  5.704870e-005
 4.276562e+002  5.224284e-005
 4.282750e+002  5.456247e-005
 4.288937e+002  6.579891e-005
 4.295125e+002  6.566692e-005
 4.301312e+002  6.050653e-005
 4.307500e+002  5.395825e-005
 4.313687e+002  5.316608e-005
 4.319875e+002  5.369501e-005
 4.326062e+002  5.532144e-005
 4.332250e+002  5.921330e-005
 4.338437e+002  6.106553e-005
 4.344625e+002  6.807777e-005
 4.350812e+002  5.669857e-005
 4.357000e+002  4.522480e-005
 4.363187e+002  4.970987e-005
 4.369375e+002  5.561165e-005
 4.375562e+002  5.391986e-005
 4.381750e+002  5.557412e-005
 4.387937e+002  5.502613e-005
 4.394125e+002  5.186046e-005
 4.400312e+002  5.060503e-005
 4.406500e+002  5.358403e-005
 4.412687e+002  5.019173e-005
 4.418875e+002  5.705693e-005
 4.425062e+002  5.944271e-005
 4.431250e+002  5.140508e-005
 4.437437e+002  5.601113e-005
 4.443625e+002  5.696336e-005
 4.449812e+002  4.920366e-005
 4.456000e+002  5.103089e-005
 4.462187e+002  6.184388e-005
 4.468375e+002  5.843642e-005
 4.474562e+002  5.571686e-005
 4.480750e+002  5.150230e-005
 4.486937e+002  5.225251e-005
 4.493125e+002  1.508386e-004
 4.499312e+002  2.650288e-004
 4.505500e+002  1.441097e-004
 4.511687e+002  6.003608e-005
 4.517875e+002  5.047477e-005
 4.524062e+002  4.691799e-005
 4.530250e+002  4.659462e-005
 4.536437e+002  5.063761e-005
 4.542625e+002  5.482712e-005
 4.548812e+002  4.955526e-005
 4.555000e+002  5.145703e-005
 4.561187e+002  5.299988e-005
 4.567375e+002  4.967090e-005
 4.573562e+002  5.296690e-005
 4.579750e+002  5.536924e-005
 4.585937e+002  5.078851e-005
 4.592125e+002  5.441901e-005
 4.598312e+002  5.761906e-005
 4.604500e+002  6.023622e-005
 4.610687e+002  5.393552e-005
 4.616875e+002  5.630463e-005
 4.623062e+002  5.702804e-005
 4.629250e+002  5.144987e-005
 4.635437e+002  4.869901e-005
 4.641625e+002  4.852033e-005
 4.647812e+002  4.781699e-005
 4.654000e+002  5.509963e-005
 4.660187e+002  5.490009e-005
 4.666375e+002  5.860386e-005
 4.672562e+002  5.163275e-005
 4.678750e+002  5.649663e-005
 4.684937e+002  5.981775e-005
 4.691125e+002  5.543105e-005
 4.697312e+002  5.276428e-005
 4.703500e+002  4.967520e-005
 4.709687e+002  5.301868e-005
 4.715875e+002  5.247977e-005
 4.722062e+002  5.540238e-005
 4.728250e+002  5.510331e-005
 4.734437e+002  5.029822e-005
 4.740625e+002  4.873780e-005
 4.746812e+002  5.220539e-005
 4.753000e+002  5.044752e-005
 4.759187e+002  4.718305e-005
 4.765375e+002  4.781345e-005
 4.771562e+002  5.193270e-005
 4.777750e+002  5.750387e-005
 4.783937e+002  5.786972e-005
 4.790125e+002  6.059584e-005
 4.796312e+002  8.807869e-005
 4.802500e+002  1.366247e-004
 4.808687e+002  8.098939e-005
 4.814875e+002  4.938991e-005
 4.821062e+002  5.434687e-005
 4.827250e+002  5.979610e-005
 4.833437e+002  5.826784e-005
 4.839625e+002  5.861516e-005
 4.845812e+002  5.273267e-005
 4.852000e+002  5.202689e-005
 4.858187e+002  5.723958e-005
 4.864375e+002  5.245562e-005
 4.870562e+002  5.535654e-005
 4.876750e+002  5.522017e-005
 4.882937e+002  5.029716e-005
 4.889125e+002  4.820550e-005
 4.895312e+002  4.808489e-005
 4.901500e+002  4.687313e-005
 4.907687e+002  5.208747e-005
 4.913875e+002  5.568405e-005
 4.920062e+002  5.186391e-005
 4.926250e+002  5.030332e-005
 4.932437e+002  5.404575e-005
 4.938625e+002  5.703590e-005
 4.944812e+002  5.758500e-005
 4.951000e+002  6.160939e-005
 4.957187e+002  5.603187e-005
 4.963375e+002  4.722387e-005
 4.969562e+002  5.235531e-005
 4.975750e+002  5.667504e-005
 4.981937e+002  5.524882e-005
 4.988125e+002  5.181954e-005
 4.994312e+002  6.998432e-005
 5.000500e+002  7.909708e-005
 5.006687e+002  5.911334e-005
 5.012875e+002  5.075308e-005
 5.019062e+002  5.033687e-005
 5.025250e+002  5.032184e-005
 5.031437e+002  4.738610e-005
 5.037625e+002  4.707280e-005
 5.043812e+002  5.128909e-005
 5.050000e+002  4.922682e-005
 5.056187e+002  4.948589e-005
 5.062375e+002  5.440438e-005
 5.068562e+002  4.917845e-005
 5.074750e+002  4.737757e-005
 5.080937e+002  4.583288e-005
 5.087125e+002  4.531862e-005
 5.093312e+002  4.809309e-005
 5.099500e+002  4.458540e-005
 5.105687e+002  4.150085e-005
 5.111875e+002  4.933065e-005
 5.118062e+002  5.017163e-005
 5.124250e+002  5.482916e-005
 5.130437e+002  5.117584e-005
 5.136625e+002  4.910279e-005
 5.142812e+002  5.242447e-005
 5.149000e+002  5.954000e-005
 5.155187e+002  5.587487e-005
 5.161375e+002  5.571898e-005
 5.167562e+002  4.765107e-005
 5.173750e+002  4.801341e-005
 5.179937e+002  4.518097e-005
 5.186125e+002  4.808263e-005
 5.192312e+002  4.735294e-005
 5.198500e+002  4.573176e-005
 5.204687e+002  3.793375e-005
 5.210875e+002  4.479529e-005
 5.217062e+002  4.768592e-005
 5.223250e+002  5.135544e-005
 5.229437e+002  5.314551e-005
 5.235625e+002  4.826714e-005
 5.241812e+002  4.301592e-005
 5.248000e+002  4.540735e-005
 5.254187e+002  5.089358e-005
 5.260375e+002  5.657196e-005
 5.266562e+002  5.504525e-005
 5.272750e+002  4.627606e-005
 5.278937e+002  5.139599e-005
 5.285125e+002  5.199874e-005
 5.291312e+002  4.530209e-005
 5.297500e+002  4.702659e-005
 5.303687e+002  4.699670e-005
 5.309875e+002  4.134821e-005
 5.316062e+002  4.690769e-005
 5.322250e+002  5.344940e-005
 5.328437e+002  5.008067e-005
 5.334625e+002  5.175367e-005
 5.340812e+002  4.720406e-005
 5.347000e+002  5.050885e-005
 5.353187e+002  5.383862e-005
 5.359375e+002  5.245440e-005
 5.365562e+002  5.828800e-005
 5.371750e+002  5.103603e-005
 5.377937e+002  4.914127e-005
 5.384125e+002  4.868268e-005
 5.390312e+002  4.402978e-005
 5.396500e+002  8.989813e-005
 5.402687e+002  1.273802e-004
 5.408875e+002  7.225314e-005
 5.415062e+002  5.647342e-005
 5.421250e+002  4.739672e-005
 5.427437e+002  4.826630e-005
 5.433625e+002  5.622491e-005
 5.439812e+002  4.782722e-005
 5.446000e+002  4.392552e-005
 5.452187e+002  4.717471e-005
 5.458375e+002  4.387229e-005
 5.464562e+002  4.288058e-005
 5.470750e+002  5.157096e-005
 5.476937e+002  4.874296e-005
 5.483125e+002  5.139306e-005
 5.489312e+002  5.154337e-005
 5.495500e+002  6.751320e-005
 5.501687e+002  6.951595e-005
 5.507875e+002  5.548233e-005
 5.514062e+002  5.616533e-005
 5.520250e+002  4.361771e-005
 5.526437e+002  4.372917e-005
 5.532625e+002  4.733702e-005
 5.538812e+002  4.829021e-005
 5.545000e+002  5.139707e-005
 5.551187e+002  6.178671e-005
 5.557375e+002  5.946476e-005
 5.563562e+002  5.120121e-005
 5.569750e+002  4.977542e-005
 5.575937e+002  4.805686e-005
 5.582125e+002  4.756030e-005
 5.588312e+002  5.083294e-005
 5.594500e+002  5.409024e-005
 5.600687e+002  4.752070e-005
 5.606875e+002  4.507826e-005
 5.613062e+002  4.489403e-005
 5.619250e+002  4.548463e-005
 5.625437e+002  4.609395e-005
 5.631625e+002  4.431140e-005
 5.637812e+002  4.322656e-005
 5.644000e+002  4.490273e-005
 5.650187e+002  4.588688e-005
 5.656375e+002  4.837845e-005
 5.662562e+002  4.604133e-005
 5.668750e+002  4.391475e-005
 5.674937e+002  4.053220e-005
 5.681125e+002  4.510542e-005
 5.687312e+002  4.520576e-005
 5.693500e+002  4.734342e-005
 5.699687e+002  4.719053e-005
 5.705875e+002  4.553500e-005
 5.712062e+002  4.878482e-005
 5.718250e+002  5.238453e-005
 5.724437e+002  4.935499e-005
 5.730625e+002  4.783261e-005
 5.736812e+002  4.848529e-005
 5.743000e+002  5.054211e-005
 5.749187e+002  5.141406e-005
 5.755375e+002  4.776893e-005
 5.761562e+002  4.702190e-005
 5.767750e+002  4.669557e-005
 5.773937e+002  4.814003e-005
 5.780125e+002  5.029337e-005
 5.786312e+002  5.153095e-005
 5.792500e+002  5.443317e-005
 5.798687e+002  5.291841e-005
 5.804875e+002  5.025074e-005
 5.811062e+002  4.738840e-005
 5.817250e+002  4.342015e-005
 5.823437e+002  4.275736e-005
 5.829625e+002  4.128950e-005
 5.835812e+002  4.511043e-005
 5.842000e+002  4.931769e-005
 5.848187e+002  5.193789e-005
 5.854375e+002  4.677044e-005
 5.860562e+002  4.555584e-005
 5.866750e+002  4.336046e-005
 5.872937e+002  4.579574e-005
 5.879125e+002  4.320187e-005
 5.885312e+002  4.946427e-005
 5.891500e+002  5.091300e-005
 5.897687e+002  4.674417e-005
 5.903875e+002  5.057799e-005
 5.910062e+002  4.868390e-005
 5.916250e+002  4.492854e-005
 5.922437e+002  4.351518e-005
 5.928625e+002  4.379459e-005
 5.934812e+002  5.078821e-005
 5.941000e+002  4.736644e-005
 5.947187e+002  4.637629e-005
 5.953375e+002  4.610348e-005
 5.959562e+002  4.569232e-005
 5.965750e+002  4.951929e-005
 5.971937e+002  4.905894e-005
 5.978125e+002  4.916398e-005
 5.984312e+002  4.477702e-005
 5.990500e+002  4.879522e-005
 5.996687e+002  9.813428e-005
 6.002875e+002  1.359479e-004
 6.009062e+002  6.327625e-005
 6.015250e+002  4.549798e-005
 6.021437e+002  4.888909e-005
 6.027625e+002  4.270797e-005
 6.033812e+002  4.042951e-005
 6.040000e+002  4.175215e-005
 6.046187e+002  4.538941e-005
 6.052375e+002  4.856240e-005
 6.058562e+002  4.610997e-005
 6.064750e+002  4.876575e-005
 6.070937e+002  4.589698e-005
 6.077125e+002  4.311033e-005
 6.083312e+002  4.430125e-005
 6.089500e+002  5.362253e-005
 6.095687e+002  4.738406e-005
 6.101875e+002  5.384290e-005
 6.108062e+002  5.209209e-005
 6.114250e+002  4.708064e-005
 6.120437e+002  4.538762e-005
 6.126625e+002  4.597794e-005
 6.132812e+002  4.063949e-005
 6.139000e+002  4.404818e-005
 6.145187e+002  4.030764e-005
 6.151375e+002  4.331232e-005
 6.157562e+002  4.087020e-005
 6.163750e+002  3.710622e-005
 6.169937e+002  3.951871e-005
 6.176125e+002  4.207945e-005
 6.182312e+002  4.473867e-005
 6.188500e+002  4.529133e-005
 6.194687e+002  4.649321e-005
 6.200875e+002  4.901120e-005
 6.207062e+002  4.864528e-005
 6.213250e+002  4.307713e-005
 6.219437e+002  4.478538e-005
 6.225625e+002  4.760315e-005
 6.231812e+002  4.999630e-005
 6.238000e+002  4.749098e-005
 6.244187e+002  4.295903e-005
 6.250375e+002  4.629911e-005
 6.256562e+002  4.393586e-005
 6.262750e+002  4.814459e-005
 6.268937e+002  5.296266e-005
 6.275125e+002  5.070511e-005
 6.281312e+002  4.724052e-005
 6.287500e+002  5.505192e-005
 6.293687e+002  4.835644e-005
 6.299875e+002  4.302319e-005
 6.306062e+002  3.949109e-005
 6.312250e+002  3.526090e-005
 6.318437e+002  4.090866e-005
 6.324625e+002  4.438171e-005
 6.330812e+002  4.397509e-005
 6.337000e+002  4.845460e-005
 6.343187e+002  4.069949e-005
 6.349375e+002  3.954319e-005
 6.355562e+002  4.189528e-005
 6.361750e+002  4.389072e-005
 6.367937e+002  4.484266e-005
 6.374125e+002  4.674277e-005
 6.380312e+002  4.942560e-005
 6.386500e+002  4.427757e-005
 6.392687e+002  4.246968e-005
 6.398875e+002  4.394758e-005
 6.405062e+002  4.633302e-005
 6.411250e+002  5.107528e-005
 6.417437e+002  4.952902e-005
 6.423625e+002  4.793940e-005
 6.429812e+002  4.682411e-005
 6.436000e+002  4.825842e-005
 6.442187e+002  4.538696e-005
 6.448375e+002  4.716938e-005
 6.454562e+002  5.130054e-005
 6.460750e+002  4.811705e-005
 6.466937e+002  4.422979e-005
 6.473125e+002  4.358794e-005
 6.479312e+002  4.246754e-005
 6.485500e+002  4.063565e-005
 6.491687e+002  5.190716e-005
 6.497875e+002  8.765259e-005
 6.504062e+002  7.100084e-005
 6.510250e+002  4.783256e-005
 6.516437e+002  5.073409e-005
 6.522625e+002  4.376990e-005
 6.528812e+002  3.674817e-005
 6.535000e+002  3.546322e-005
 6.541187e+002  4.831401e-005
 6.547375e+002  5.077855e-005
 6.553562e+002  4.750014e-005
 6.559750e+002  4.037591e-005
 6.565937e+002  4.131914e-005
 6.572125e+002  4.955217e-005
 6.578312e+002  4.616137e-005
 6.584500e+002  4.070816e-005
 6.590687e+002  3.901918e-005
 6.596875e+002  8.109489e-005
 6.603062e+002  1.251778e-004
 6.609250e+002  7.341908e-005
 6.615437e+002  4.131623e-005
 6.621625e+002  4.256010e-005
 6.627812e+002  4.407583e-005
 6.634000e+002  4.231494e-005
 6.640187e+002  4.210226e-005
 6.646375e+002  4.987066e-005
 6.652562e+002  4.635215e-005
 6.658750e+002  4.550252e-005
 6.664937e+002  4.050310e-005
 6.671125e+002  4.274753e-005
 6.677312e+002  4.483895e-005
 6.683500e+002  4.367197e-005
 6.689687e+002  4.144388e-005
 6.695875e+002  3.838467e-005
 6.702062e+002  3.933103e-005
 6.708250e+002  3.964197e-005
 6.714437e+002  4.403585e-005
 6.720625e+002  5.259059e-005
 6.726812e+002  4.176442e-005
 6.733000e+002  3.673788e-005
 6.739187e+002  4.275383e-005
 6.745375e+002  4.409840e-005
 6.751562e+002  4.135133e-005
 6.757750e+002  3.891454e-005
 6.763937e+002  4.482255e-005
 6.770125e+002  4.868699e-005
 6.776312e+002  4.259587e-005
 6.782500e+002  4.073351e-005
 6.788687e+002  4.276232e-005
 6.794875e+002  4.922961e-005
 6.801062e+002  4.113174e-005
 6.807250e+002  4.478824e-005
 6.813437e+002  4.327670e-005
 6.819625e+002  4.306159e-005
 6.825812e+002  4.564485e-005
 6.832000e+002  4.202017e-005
 6.838187e+002  4.106387e-005
 6.844375e+002  3.865786e-005
 6.850562e+002  4.224604e-005
 6.856750e+002  4.021674e-005
 6.862937e+002  3.918547e-005
 6.869125e+002  3.664477e-005
 6.875312e+002  3.502941e-005
 6.881500e+002  4.516314e-005
 6.887687e+002  4.874015e-005
 6.893875e+002  4.091264e-005
 6.900062e+002  3.756079e-005
 6.906250e+002  3.857034e-005
 6.912437e+002  3.995839e-005
 6.918625e+002  3.747574e-005
 6.924812e+002  4.067576e-005
 6.931000e+002  4.215555e-005
 6.937187e+002  4.435210e-005
 6.943375e+002  4.706327e-005
 6.949562e+002  4.351227e-005
 6.955750e+002  4.276405e-005
 6.961937e+002  4.098332e-005
 6.968125e+002  4.067123e-005
 6.974312e+002  4.119521e-005
 6.980500e+002  4.247375e-005
 6.986687e+002  4.637990e-005
 6.992875e+002  5.616025e-005
 6.999062e+002  7.298391e-005
 7.005250e+002  5.383867e-005
 7.011437e+002  4.041718e-005
 7.017625e+002  4.463266e-005
 7.023812e+002  4.521701e-005
 7.030000e+002  4.177333e-005
 7.036187e+002  4.051050e-005
 7.042375e+002  3.981971e-005
 7.048562e+002  4.010860e-005
 7.054750e+002  4.064614e-005
 7.060937e+002  4.037307e-005
 7.067125e+002  4.024713e-005
 7.073312e+002  4.252768e-005
 7.079500e+002  4.233114e-005
 7.085687e+002  4.117996e-005
 7.091875e+002  4.128694e-005
 7.098062e+002  4.508950e-005
 7.104250e+002  4.414662e-005
 7.110437e+002  4.181060e-005
 7.116625e+002  4.510436e-005
 7.122812e+002  4.588520e-005
 7.129000e+002  4.228518e-005
 7.135187e+002  4.574438e-005
 7.141375e+002  4.082279e-005
 7.147562e+002  3.880724e-005
 7.153750e+002  4.061116e-005
 7.159937e+002  4.098016e-005
 7.166125e+002  4.356617e-005
 7.172312e+002  3.898483e-005
 7.178500e+002  4.153683e-005
 7.184687e+002  4.143603e-005
 7.190875e+002  4.031613e-005
 7.197062e+002  7.502014e-005
 7.203250e+002  1.162027e-004
 7.209437e+002  6.111030e-005
 7.215625e+002  4.207468e-005
 7.221812e+002  3.973525e-005
 7.228000e+002  4.029583e-005
 7.234187e+002  4.609166e-005
 7.240375e+002  4.216258e-005
 7.246562e+002  4.390667e-005
 7.252750e+002  4.034328e-005
 7.258937e+002  3.640396e-005
 7.265125e+002  3.869235e-005
 7.271312e+002  4.059917e-005
 7.277500e+002  3.989744e-005
 7.283687e+002  3.798441e-005
 7.289875e+002  3.832666e-005
 7.296062e+002  4.163654e-005
 7.302250e+002  4.113599e-005
 7.308437e+002  4.497436e-005
 7.314625e+002  3.679131e-005
 7.320812e+002  3.694426e-005
 7.327000e+002  3.797493e-005
 7.333187e+002  4.002451e-005
 7.339375e+002  3.998388e-005
 7.345562e+002  3.718867e-005
 7.351750e+002  3.646321e-005
 7.357937e+002  3.855100e-005
 7.364125e+002  3.900611e-005
 7.370312e+002  4.078544e-005
 7.376500e+002  4.294247e-005
 7.382687e+002  4.871598e-005
 7.388875e+002  4.502948e-005
 7.395062e+002  4.282976e-005
 7.401250e+002  4.434380e-005
 7.407437e+002  4.142950e-005
 7.413625e+002  3.864218e-005
 7.419812e+002  3.917567e-005
 7.426000e+002  3.833061e-005
 7.432187e+002  4.126962e-005
 7.438375e+002  3.880682e-005
 7.444562e+002  3.928354e-005
 7.450750e+002  4.177724e-005
 7.456937e+002  4.137850e-005
 7.463125e+002  4.000191e-005
 7.469312e+002  4.002849e-005
 7.475500e+002  3.389660e-005
 7.481687e+002  3.882789e-005
 7.487875e+002  4.129452e-005
 7.494062e+002  8.382972e-005
 7.500250e+002  1.208762e-004
 7.506437e+002  6.189174e-005
 7.512625e+002  3.827704e-005
 7.518812e+002  4.374156e-005
 7.525000e+002  4.027065e-005
 7.531187e+002  3.764521e-005
 7.537375e+002  3.658419e-005
 7.543562e+002  3.946681e-005
 7.549750e+002  4.041623e-005
 7.555937e+002  3.693669e-005
 7.562125e+002  4.163675e-005
 7.568312e+002  4.236899e-005
 7.574500e+002  4.162490e-005
 7.580687e+002  3.898600e-005
 7.586875e+002  4.052002e-005
 7.593062e+002  4.260458e-005
 7.599250e+002  4.172899e-005
 7.605437e+002  3.955114e-005
 7.611625e+002  3.813607e-005
 7.617812e+002  4.075014e-005
 7.624000e+002  4.137062e-005
 7.630187e+002  3.917053e-005
 7.636375e+002  4.137825e-005
 7.642562e+002  4.142132e-005
 7.648750e+002  3.865906e-005
 7.654937e+002  3.734778e-005
 7.661125e+002  3.888968e-005
 7.667312e+002  3.559273e-005
 7.673500e+002  4.115103e-005
 7.679687e+002  3.877946e-005
 7.685875e+002  4.070904e-005
 7.692062e+002  4.291921e-005
 7.698250e+002  3.816309e-005
 7.704437e+002  3.724791e-005
 7.710625e+002  4.016683e-005
 7.716812e+002  3.992384e-005
 7.723000e+002  4.318603e-005
 7.729187e+002  4.439752e-005
 7.735375e+002  4.547720e-005
 7.741562e+002  4.268094e-005
 7.747750e+002  4.299468e-005
 7.753937e+002  4.171205e-005
 7.760125e+002  4.158309e-005
 7.766312e+002  3.856781e-005
 7.772500e+002  3.939582e-005
 7.778687e+002  4.045413e-005
 7.784875e+002  3.973641e-005
 7.791062e+002  4.524863e-005
 7.797250e+002  7.972218e-005
 7.803437e+002  1.228119e-004
 7.809625e+002  6.510760e-005
 7.815812e+002  4.166374e-005
 7.822000e+002  4.208221e-005
 7.828187e+002  4.443254e-005
 7.834375e+002  4.083244e-005
 7.840562e+002  3.802942e-005
 7.846750e+002  3.826606e-005
 7.852937e+002  3.984497e-005
 7.859125e+002  4.124988e-005
 7.865312e+002  4.069878e-005
 7.871500e+002  4.364190e-005
 7.877687e+002  4.283152e-005
 7.883875e+002  4.093736e-005
 7.890062e+002  3.769517e-005
 7.896250e+002  3.501924e-005
 7.902437e+002  3.247012e-005
 7.908625e+002  3.361121e-005
 7.914812e+002  3.115261e-005
 7.921000e+002  3.872859e-005
 7.927187e+002  3.867023e-005
 7.933375e+002  3.742023e-005
 7.939562e+002  3.731876e-005
 7.945750e+002  4.091370e-005
 7.951937e+002  4.287030e-005
 7.958125e+002  3.995909e-005
 7.964312e+002  4.188871e-005
 7.970500e+002  4.192849e-005
 7.976687e+002  4.185627e-005
 7.982875e+002  3.938438e-005
 7.989062e+002  3.939530e-005
 7.995250e+002  5.229132e-005
 8.001437e+002  5.604841e-005
 8.007625e+002  3.888102e-005
 8.013812e+002  3.685932e-005
 8.020000e+002  3.576730e-005
 8.026187e+002  3.971584e-005
 8.032375e+002  4.442990e-005
 8.038562e+002  4.174907e-005
 8.044750e+002  3.741673e-005
 8.050937e+002  3.775743e-005
 8.057125e+002  3.744330e-005
 8.063312e+002  3.653382e-005
 8.069500e+002  3.602698e-005
 8.075687e+002  3.791784e-005
 8.081875e+002  4.339751e-005
 8.088062e+002  3.923437e-005
 8.094250e+002  3.949673e-005
 8.100437e+002  3.985689e-005
 8.106625e+002  4.159179e-005
 8.112812e+002  4.224044e-005
 8.119000e+002  3.834643e-005
 8.125187e+002  3.207576e-005
 8.131375e+002  3.795770e-005
 8.137562e+002  4.462354e-005
 8.143750e+002  4.531964e-005
 8.149937e+002  4.050753e-005
 8.156125e+002  3.778211e-005
 8.162312e+002  3.568560e-005
 8.168500e+002  3.747019e-005
 8.174687e+002  3.810023e-005
 8.180875e+002  4.279560e-005
 8.187062e+002  4.236638e-005
 8.193250e+002  3.999695e-005
 8.199437e+002  3.456240e-005
 8.205625e+002  3.362695e-005
 8.211812e+002  4.079591e-005
 8.218000e+002  3.821635e-005
 8.224187e+002  3.390705e-005
 8.230375e+002  4.024993e-005
 8.236562e+002  4.104075e-005
 8.242750e+002  4.085962e-005
 8.248937e+002  3.984994e-005
 8.255125e+002  3.814665e-005
 8.261312e+002  3.941248e-005
 8.267500e+002  3.946631e-005
 8.273687e+002  3.488522e-005
 8.279875e+002  4.163306e-005
 8.286062e+002  4.540638e-005
 8.292250e+002  3.991889e-005
 8.298437e+002  3.849566e-005
 8.304625e+002  3.881011e-005
 8.310812e+002  3.747210e-005
 8.317000e+002  3.472692e-005
 8.323187e+002  3.489545e-005
 8.329375e+002  3.999269e-005
 8.335562e+002  4.555205e-005
 8.341750e+002  4.219862e-005
 8.347937e+002  3.824763e-005
 8.354125e+002  3.829216e-005
 8.360312e+002  4.123672e-005
 8.366500e+002  4.004518e-005
 8.372687e+002  3.806948e-005
 8.378875e+002  3.792728e-005
 8.385062e+002  3.609157e-005
 8.391250e+002  3.100091e-005
 8.397437e+002  6.459224e-005
 8.403625e+002  1.152418e-004
 8.409812e+002  6.543059e-005
 8.416000e+002  3.814579e-005
 8.422187e+002  3.865544e-005
 8.428375e+002  3.823086e-005
 8.434562e+002  3.663910e-005
 8.440750e+002  3.436569e-005
 8.446937e+002  3.231130e-005
 8.453125e+002  3.563887e-005
 8.459312e+002  3.659919e-005
 8.465500e+002  3.736431e-005
 8.471687e+002  3.641024e-005
 8.477875e+002  3.709380e-005
 8.484062e+002  3.393466e-005
 8.490250e+002  3.790545e-005
 8.496437e+002  6.897647e-005
 8.502625e+002  5.964407e-005
 8.508812e+002  3.790105e-005
 8.515000e+002  3.895118e-005
 8.521187e+002  4.155644e-005
 8.527375e+002  4.303242e-005
 8.533562e+002  3.673115e-005
 8.539750e+002  3.482643e-005
 8.545937e+002  3.799559e-005
 8.552125e+002  4.031725e-005
 8.558312e+002  3.548150e-005
 8.564500e+002  3.401899e-005
 8.570687e+002  3.680948e-005
 8.576875e+002  4.095996e-005
 8.583062e+002  3.863582e-005
 8.589250e+002  3.540387e-005
 8.595437e+002  3.856490e-005
 8.601625e+002  3.754236e-005
 8.607812e+002  4.165409e-005
 8.614000e+002  3.924427e-005
 8.620187e+002  3.483938e-005
 8.626375e+002  3.453890e-005
 8.632562e+002  3.629732e-005
 8.638750e+002  3.651956e-005
 8.644937e+002  4.041308e-005
 8.651125e+002  3.885076e-005
 8.657312e+002  4.090216e-005
 8.663500e+002  3.929257e-005
 8.669687e+002  3.441417e-005
 8.675875e+002  3.359094e-005
 8.682062e+002  3.497663e-005
 8.688250e+002  3.883141e-005
 8.694437e+002  3.293728e-005
 8.700625e+002  3.826664e-005
 8.706812e+002  3.924110e-005
 8.713000e+002  3.598700e-005
 8.719187e+002  4.328084e-005
 8.725375e+002  3.998453e-005
 8.731562e+002  3.025809e-005
 8.737750e+002  3.508351e-005
 8.743937e+002  3.853759e-005
 8.750125e+002  4.007946e-005
 8.756312e+002  3.625374e-005
 8.762500e+002  3.469516e-005
 8.768687e+002  3.539759e-005
 8.774875e+002  3.116368e-005
 8.781062e+002  3.149099e-005
 8.787250e+002  3.505415e-005
 8.793437e+002  3.610756e-005
 8.799625e+002  3.454931e-005
 8.805812e+002  3.481984e-005
 8.812000e+002  3.617752e-005
 8.818187e+002  3.470830e-005
 8.824375e+002  3.789164e-005
 8.830562e+002  4.235508e-005
 8.836750e+002  4.552191e-005
 8.842937e+002  4.061750e-005
 8.849125e+002  3.641502e-005
 8.855312e+002  3.653626e-005
 8.861500e+002  3.370905e-005
 8.867687e+002  3.920220e-005
 8.873875e+002  4.120540e-005
 8.880062e+002  4.179548e-005
 8.886250e+002  3.911986e-005
 8.892437e+002  3.558761e-005
 8.898625e+002  3.299958e-005
 8.904812e+002  3.673356e-005
 8.911000e+002  3.895856e-005
 8.917187e+002  3.612563e-005
 8.923375e+002  3.370140e-005
 8.929562e+002  3.660349e-005
 8.935750e+002  3.613371e-005
 8.941937e+002  3.258324e-005
 8.948125e+002  3.598992e-005
 8.954312e+002  3.912178e-005
 8.960500e+002  3.370912e-005
 8.966687e+002  3.092094e-005
 8.972875e+002  3.442656e-005
 8.979062e+002  3.566716e-005
 8.985250e+002  3.462574e-005
 8.991437e+002  3.861791e-005
 8.997625e+002  7.208184e-005
 9.003812e+002  1.085630e-004
 9.010000e+002  5.962505e-005
 9.016187e+002  3.801169e-005
 9.022375e+002  3.818353e-005
 9.028562e+002  3.805726e-005
 9.034750e+002  3.299771e-005
 9.040937e+002  3.840054e-005
 9.047125e+002  4.184315e-005
 9.053312e+002  3.777293e-005
 9.059500e+002  3.363223e-005
 9.065687e+002  3.283841e-005
 9.071875e+002  3.601590e-005
 9.078062e+002  3.462094e-005
 9.084250e+002  3.480959e-005
 9.090437e+002  3.314087e-005
 9.096625e+002  3.208719e-005
 9.102812e+002  3.652381e-005
 9.109000e+002  3.655657e-005
 9.115187e+002  3.513974e-005
 9.121375e+002  3.808492e-005
 9.127562e+002  4.063902e-005
 9.133750e+002  3.421024e-005
 9.139937e+002  3.315714e-005
 9.146125e+002  3.557258e-005
 9.152312e+002  3.400873e-005
 9.158500e+002  3.437608e-005
 9.164687e+002  3.600674e-005
 9.170875e+002  3.246337e-005
 9.177062e+002  3.652876e-005
 9.183250e+002  3.720634e-005
 9.189437e+002  3.598408e-005
 9.195625e+002  3.653333e-005
 9.201812e+002  3.772987e-005
 9.208000e+002  3.732886e-005
 9.214187e+002  3.747513e-005
 9.220375e+002  3.355828e-005
 9.226562e+002  3.238570e-005
 9.232750e+002  3.348401e-005
 9.238937e+002  3.826458e-005
 9.245125e+002  3.718639e-005
 9.251312e+002  3.541470e-005
 9.257500e+002  3.493525e-005
 9.263687e+002  3.529558e-005
 9.269875e+002  3.571037e-005
 9.276062e+002  3.593539e-005
 9.282250e+002  3.933118e-005
 9.288437e+002  3.849401e-005
 9.294625e+002  3.646657e-005
 9.300812e+002  3.369382e-005
 9.307000e+002  3.558854e-005
 9.313187e+002  3.689154e-005
 9.319375e+002  3.365712e-005
 9.325562e+002  3.228465e-005
 9.331750e+002  3.448728e-005
 9.337937e+002  3.551885e-005
 9.344125e+002  3.911106e-005
 9.350312e+002  3.905834e-005
 9.356500e+002  3.793053e-005
 9.362687e+002  3.930802e-005
 9.368875e+002  4.222314e-005
 9.375062e+002  4.118394e-005
 9.381250e+002  3.892868e-005
 9.387437e+002  3.758931e-005
 9.393625e+002  3.753562e-005
 9.399812e+002  3.762619e-005
 9.406000e+002  3.322055e-005
 9.412187e+002  3.891330e-005
 9.418375e+002  3.714015e-005
 9.424562e+002  3.219946e-005
 9.430750e+002  2.990598e-005
 9.436937e+002  3.345840e-005
 9.443125e+002  3.430147e-005
 9.449312e+002  3.430336e-005
 9.455500e+002  3.447887e-005
 9.461687e+002  3.356312e-005
 9.467875e+002  3.427518e-005
 9.474062e+002  3.420421e-005
 9.480250e+002  3.307193e-005
 9.486437e+002  3.146663e-005
 9.492625e+002  3.942538e-005
 9.498812e+002  5.391157e-005
 9.505000e+002  4.288358e-005
 9.511187e+002  3.630384e-005
 9.517375e+002  3.750335e-005
 9.523562e+002  3.504277e-005
 9.529750e+002  3.633498e-005
 9.535937e+002  3.589556e-005
 9.542125e+002  3.846856e-005
 9.548312e+002  3.384429e-005
 9.554500e+002  3.186141e-005
 9.560687e+002  3.700958e-005
 9.566875e+002  3.773227e-005
 9.573062e+002  3.376628e-005
 9.579250e+002  3.544479e-005
 9.585437e+002  3.848667e-005
 9.591625e+002  3.372207e-005
 9.597812e+002  5.965653e-005
 9.604000e+002  1.022448e-004
 9.610187e+002  5.678872e-005
 9.616375e+002  3.913474e-005
 9.622562e+002  3.727005e-005
 9.628750e+002  3.242745e-005
 9.634937e+002  3.485791e-005
 9.641125e+002  3.696712e-005
 9.647312e+002  3.010739e-005
 9.653500e+002  2.990430e-005
 9.659687e+002  3.551828e-005
 9.665875e+002  3.422734e-005
 9.672062e+002  3.719119e-005
 9.678250e+002  3.693492e-005
 9.684437e+002  3.793177e-005
 9.690625e+002  3.270774e-005
 9.696812e+002  3.031939e-005
 9.703000e+002  3.182323e-005
 9.709187e+002  3.232572e-005
 9.715375e+002  3.378252e-005
 9.721562e+002  3.700162e-005
 9.727750e+002  3.763663e-005
 9.733937e+002  3.479103e-005
 9.740125e+002  3.589152e-005
 9.746312e+002  3.820421e-005
 9.752500e+002  3.481158e-005
 9.758687e+002  3.355527e-005
 9.764875e+002  3.403860e-005
 9.771062e+002  3.241620e-005
 9.777250e+002  3.322219e-005
 9.783437e+002  3.438743e-005
 9.789625e+002  3.210446e-005
 9.795812e+002  3.252388e-005
 9.802000e+002  3.529825e-005
 9.808187e+002  3.903405e-005
 9.814375e+002  4.030794e-005
 9.820562e+002  3.653164e-005
 9.826750e+002  3.658456e-005
 9.832937e+002  3.839507e-005
 9.839125e+002  3.635684e-005
 9.845312e+002  3.240471e-005
 9.851500e+002  3.113865e-005
 9.857687e+002  3.503976e-005
 9.863875e+002  3.489015e-005
 9.870062e+002  3.603231e-005
 9.876250e+002  3.596349e-005
 9.882437e+002  3.435085e-005
 9.888625e+002  3.569210e-005
 9.894812e+002  3.482636e-005
 9.901000e+002  2.995405e-005
 9.907187e+002  3.668490e-005
 9.913375e+002  3.427532e-005
 9.919562e+002  3.387670e-005
 9.925750e+002  3.715283e-005
 9.931937e+002  3.786415e-005
 9.938125e+002  3.350071e-005
 9.944312e+002  3.298335e-005
 9.950500e+002  3.183790e-005
 9.956687e+002  3.236514e-005
 9.962875e+002  3.514090e-005
 9.969062e+002  3.155059e-005
 9.975250e+002  3.178970e-005
 9.981437e+002  2.902993e-005
 9.987625e+002  2.986957e-005
 9.993812e+002  3.900855e-005
 1.000000e+003  4.634523e-005
