 1.000000e+000  1.615444e-003
 1.247500e+000  1.343742e-003
 1.495000e+000  1.116812e-003
 1.742500e+000  1.033299e-003
 1.990000e+000  1.105338e-003
 2.237500e+000  9.999112e-004
 2.485000e+000  1.019985e-003
 2.732500e+000  9.994250e-004
 2.980000e+000  9.860343e-004
 3.227500e+000  8.995727e-004
 3.475000e+000  8.422704e-004
 3.722500e+000  9.384971e-004
 3.970000e+000  8.408111e-004
 4.217500e+000  7.385675e-004
 4.465000e+000  6.011516e-004
 4.712500e+000  6.633357e-004
 4.960000e+000  7.301660e-004
 5.207500e+000  6.654414e-004
 5.455000e+000  6.376163e-004
 5.702500e+000  5.379369e-004
 5.950000e+000  5.923517e-004
 6.197500e+000  6.489827e-004
 6.445000e+000  5.142951e-004
 6.692500e+000  5.464735e-004
 6.940000e+000  5.582018e-004
 7.187500e+000  4.421061e-004
 7.435000e+000  4.846439e-004
 7.682500e+000  5.291296e-004
 7.930000e+000  5.538594e-004
 8.177500e+000  5.049642e-004
 8.425000e+000  4.638494e-004
 8.672500e+000  5.298510e-004
 8.920000e+000  5.708801e-004
 9.167500e+000  5.853792e-004
 9.415000e+000  5.323022e-004
 9.662500e+000  4.155489e-004
 9.910000e+000  3.772142e-004
 1.015750e+001  4.877819e-004
 1.040500e+001  4.803351e-004
 1.065250e+001  3.522287e-004
 1.090000e+001  4.300457e-004
 1.114750e+001  4.286150e-004
 1.139500e+001  4.133815e-004
 1.164250e+001  4.050349e-004
 1.189000e+001  3.945126e-004
 1.213750e+001  4.092707e-004
 1.238500e+001  3.914560e-004
 1.263250e+001  3.652087e-004
 1.288000e+001  4.092715e-004
 1.312750e+001  4.051729e-004
 1.337500e+001  4.269197e-004
 1.362250e+001  4.343324e-004
 1.387000e+001  3.682782e-004
 1.411750e+001  3.345600e-004
 1.436500e+001  3.621212e-004
 1.461250e+001  3.285563e-004
 1.486000e+001  3.563935e-004
 1.510750e+001  4.116149e-004
 1.535500e+001  4.003347e-004
 1.560250e+001  3.539804e-004
 1.585000e+001  3.524753e-004
 1.609750e+001  3.952894e-004
 1.634500e+001  4.192516e-004
 1.659250e+001  4.027452e-004
 1.684000e+001  3.548122e-004
 1.708750e+001  4.137609e-004
 1.733500e+001  3.781633e-004
 1.758250e+001  3.346523e-004
 1.783000e+001  3.435441e-004
 1.807750e+001  3.241924e-004
 1.832500e+001  3.684324e-004
 1.857250e+001  4.009736e-004
 1.882000e+001  3.295107e-004
 1.906750e+001  3.473733e-004
 1.931500e+001  3.846413e-004
 1.956250e+001  3.288912e-004
 1.981000e+001  3.404433e-004
 2.005750e+001  3.262734e-004
 2.030500e+001  3.520217e-004
 2.055250e+001  3.409833e-004
 2.080000e+001  3.220788e-004
 2.104750e+001  3.300077e-004
 2.129500e+001  3.385902e-004
 2.154250e+001  3.472923e-004
 2.179000e+001  4.016490e-004
 2.203750e+001  3.576962e-004
 2.228500e+001  3.338211e-004
 2.253250e+001  3.042181e-004
 2.278000e+001  3.561902e-004
 2.302750e+001  4.021569e-004
 2.327500e+001  3.648645e-004
 2.352250e+001  3.104327e-004
 2.377000e+001  2.929653e-004
 2.401750e+001  3.265687e-004
 2.426500e+001  3.284305e-004
 2.451250e+001  3.385845e-004
 2.476000e+001  3.168405e-004
 2.500750e+001  3.837991e-004
 2.525500e+001  3.624025e-004
 2.550250e+001  3.484522e-004
 2.575000e+001  3.212703e-004
 2.599750e+001  3.418021e-004
 2.624500e+001  2.787213e-004
 2.649250e+001  2.887227e-004
 2.674000e+001  3.323762e-004
 2.698750e+001  3.697193e-004
 2.723500e+001  3.239138e-004
 2.748250e+001  3.280544e-004
 2.773000e+001  3.548386e-004
 2.797750e+001  3.146017e-004
 2.822500e+001  2.990645e-004
 2.847250e+001  3.326147e-004
 2.872000e+001  3.147611e-004
 2.896750e+001  2.931914e-004
 2.921500e+001  3.417083e-004
 2.946250e+001  3.934473e-004
 2.971000e+001  3.496669e-004
 2.995750e+001  2.926790e-004
 3.020500e+001  3.184756e-004
 3.045250e+001  2.756059e-004
 3.070000e+001  2.732508e-004
 3.094750e+001  2.882122e-004
 3.119500e+001  3.207206e-004
 3.144250e+001  2.857502e-004
 3.169000e+001  2.982789e-004
 3.193750e+001  3.228523e-004
 3.218500e+001  2.842190e-004
 3.243250e+001  3.458399e-004
 3.268000e+001  3.533973e-004
 3.292750e+001  3.057222e-004
 3.317500e+001  3.040667e-004
 3.342250e+001  3.005627e-004
 3.367000e+001  2.912570e-004
 3.391750e+001  2.707355e-004
 3.416500e+001  3.186118e-004
 3.441250e+001  3.412851e-004
 3.466000e+001  3.290342e-004
 3.490750e+001  2.933860e-004
 3.515500e+001  2.804044e-004
 3.540250e+001  3.289660e-004
 3.565000e+001  3.314935e-004
 3.589750e+001  2.875147e-004
 3.614500e+001  3.051447e-004
 3.639250e+001  2.856999e-004
 3.664000e+001  2.888503e-004
 3.688750e+001  2.906387e-004
 3.713500e+001  2.717776e-004
 3.738250e+001  3.026650e-004
 3.763000e+001  2.847126e-004
 3.787750e+001  2.316147e-004
 3.812500e+001  2.120130e-004
 3.837250e+001  2.363958e-004
 3.862000e+001  2.592163e-004
 3.886750e+001  2.291025e-004
 3.911500e+001  2.523881e-004
 3.936250e+001  3.434994e-004
 3.961000e+001  3.138609e-004
 3.985750e+001  2.554669e-004
 4.010500e+001  2.864351e-004
 4.035250e+001  3.366864e-004
 4.060000e+001  3.208520e-004
 4.084750e+001  2.735761e-004
 4.109500e+001  2.678089e-004
 4.134250e+001  2.701855e-004
 4.159000e+001  2.539458e-004
 4.183750e+001  2.666466e-004
 4.208500e+001  3.226122e-004
 4.233250e+001  3.143677e-004
 4.258000e+001  2.406171e-004
 4.282750e+001  2.632021e-004
 4.307500e+001  2.770276e-004
 4.332250e+001  2.557464e-004
 4.357000e+001  2.747377e-004
 4.381750e+001  2.313354e-004
 4.406500e+001  2.199022e-004
 4.431250e+001  2.516267e-004
 4.456000e+001  2.108358e-004
 4.480750e+001  2.562218e-004
 4.505500e+001  2.843136e-004
 4.530250e+001  3.258868e-004
 4.555000e+001  2.445165e-004
 4.579750e+001  1.996885e-004
 4.604500e+001  2.465840e-004
 4.629250e+001  2.920444e-004
 4.654000e+001  2.954274e-004
 4.678750e+001  2.503372e-004
 4.703500e+001  2.129892e-004
 4.728250e+001  2.250170e-004
 4.753000e+001  2.643575e-004
 4.777750e+001  2.716280e-004
 4.802500e+001  2.546936e-004
 4.827250e+001  2.828371e-004
 4.852000e+001  2.727006e-004
 4.876750e+001  2.467777e-004
 4.901500e+001  2.293810e-004
 4.926250e+001  2.390433e-004
 4.951000e+001  2.696370e-004
 4.975750e+001  4.608532e-004
 5.000500e+001  9.674504e-004
 5.025250e+001  5.781104e-004
 5.050000e+001  2.473339e-004
 5.074750e+001  2.606884e-004
 5.099500e+001  2.553026e-004
 5.124250e+001  2.258943e-004
 5.149000e+001  2.374123e-004
 5.173750e+001  2.616499e-004
 5.198500e+001  2.679656e-004
 5.223250e+001  2.737898e-004
 5.248000e+001  2.663873e-004
 5.272750e+001  2.626586e-004
 5.297500e+001  2.337966e-004
 5.322250e+001  2.623720e-004
 5.347000e+001  2.751680e-004
 5.371750e+001  2.569688e-004
 5.396500e+001  2.357868e-004
 5.421250e+001  2.376822e-004
 5.446000e+001  2.360552e-004
 5.470750e+001  2.230349e-004
 5.495500e+001  1.988816e-004
 5.520250e+001  2.494058e-004
 5.545000e+001  2.545636e-004
 5.569750e+001  2.385230e-004
 5.594500e+001  2.158448e-004
 5.619250e+001  2.396544e-004
 5.644000e+001  2.240670e-004
 5.668750e+001  1.921598e-004
 5.693500e+001  2.220764e-004
 5.718250e+001  2.187161e-004
 5.743000e+001  1.816348e-004
 5.767750e+001  2.027030e-004
 5.792500e+001  2.515416e-004
 5.817250e+001  2.647989e-004
 5.842000e+001  2.478496e-004
 5.866750e+001  2.551984e-004
 5.891500e+001  2.149775e-004
 5.916250e+001  1.978282e-004
 5.941000e+001  2.170619e-004
 5.965750e+001  1.944709e-004
 5.990500e+001  3.248706e-004
 6.015250e+001  3.534145e-004
 6.040000e+001  1.971516e-004
 6.064750e+001  1.891360e-004
 6.089500e+001  2.306216e-004
 6.114250e+001  2.332620e-004
 6.139000e+001  2.171616e-004
 6.163750e+001  2.167558e-004
 6.188500e+001  2.519121e-004
 6.213250e+001  2.497429e-004
 6.238000e+001  2.622639e-004
 6.262750e+001  2.332318e-004
 6.287500e+001  1.782534e-004
 6.312250e+001  1.847838e-004
 6.337000e+001  2.027377e-004
 6.361750e+001  2.429521e-004
 6.386500e+001  2.466575e-004
 6.411250e+001  2.195280e-004
 6.436000e+001  2.114264e-004
 6.460750e+001  2.391698e-004
 6.485500e+001  2.264308e-004
 6.510250e+001  2.172598e-004
 6.535000e+001  2.219525e-004
 6.559750e+001  2.332518e-004
 6.584500e+001  2.419144e-004
 6.609250e+001  2.266413e-004
 6.634000e+001  2.041546e-004
 6.658750e+001  2.200182e-004
 6.683500e+001  2.107115e-004
 6.708250e+001  2.279169e-004
 6.733000e+001  2.217478e-004
 6.757750e+001  2.154333e-004
 6.782500e+001  2.214480e-004
 6.807250e+001  2.139888e-004
 6.832000e+001  2.052817e-004
 6.856750e+001  2.200687e-004
 6.881500e+001  2.026738e-004
 6.906250e+001  2.133624e-004
 6.931000e+001  2.090661e-004
 6.955750e+001  2.025415e-004
 6.980500e+001  2.206334e-004
 7.005250e+001  2.098433e-004
 7.030000e+001  2.335806e-004
 7.054750e+001  1.989213e-004
 7.079500e+001  1.959278e-004
 7.104250e+001  1.875360e-004
 7.129000e+001  2.090696e-004
 7.153750e+001  2.087461e-004
 7.178500e+001  2.531313e-004
 7.203250e+001  2.371780e-004
 7.228000e+001  2.330553e-004
 7.252750e+001  2.407679e-004
 7.277500e+001  2.204158e-004
 7.302250e+001  1.907817e-004
 7.327000e+001  1.797262e-004
 7.351750e+001  1.927405e-004
 7.376500e+001  2.144871e-004
 7.401250e+001  2.035851e-004
 7.426000e+001  2.156989e-004
 7.450750e+001  1.894376e-004
 7.475500e+001  1.976750e-004
 7.500250e+001  1.995967e-004
 7.525000e+001  2.029205e-004
 7.549750e+001  2.224952e-004
 7.574500e+001  2.343394e-004
 7.599250e+001  2.478071e-004
 7.624000e+001  2.246560e-004
 7.648750e+001  2.198845e-004
 7.673500e+001  1.756557e-004
 7.698250e+001  1.868160e-004
 7.723000e+001  1.950437e-004
 7.747750e+001  2.086241e-004
 7.772500e+001  2.226250e-004
 7.797250e+001  2.405148e-004
 7.822000e+001  2.223701e-004
 7.846750e+001  2.022686e-004
 7.871500e+001  2.101771e-004
 7.896250e+001  1.763655e-004
 7.921000e+001  2.082490e-004
 7.945750e+001  2.370133e-004
 7.970500e+001  2.655375e-004
 7.995250e+001  2.240690e-004
 8.020000e+001  1.945063e-004
 8.044750e+001  1.965096e-004
 8.069500e+001  2.054248e-004
 8.094250e+001  1.997924e-004
 8.119000e+001  2.085112e-004
 8.143750e+001  1.734790e-004
 8.168500e+001  1.856941e-004
 8.193250e+001  1.946365e-004
 8.218000e+001  2.000763e-004
 8.242750e+001  2.208642e-004
 8.267500e+001  2.051988e-004
 8.292250e+001  1.581577e-004
 8.317000e+001  2.279208e-004
 8.341750e+001  2.166660e-004
 8.366500e+001  1.961570e-004
 8.391250e+001  2.207107e-004
 8.416000e+001  1.941198e-004
 8.440750e+001  1.960555e-004
 8.465500e+001  2.129995e-004
 8.490250e+001  1.894930e-004
 8.515000e+001  1.780796e-004
 8.539750e+001  1.646412e-004
 8.564500e+001  1.805282e-004
 8.589250e+001  1.647670e-004
 8.614000e+001  1.511346e-004
 8.638750e+001  1.707812e-004
 8.663500e+001  1.977922e-004
 8.688250e+001  1.972328e-004
 8.713000e+001  1.962083e-004
 8.737750e+001  1.877865e-004
 8.762500e+001  1.856343e-004
 8.787250e+001  1.680080e-004
 8.812000e+001  1.720246e-004
 8.836750e+001  1.749638e-004
 8.861500e+001  1.914139e-004
 8.886250e+001  1.935861e-004
 8.911000e+001  1.924329e-004
 8.935750e+001  1.810309e-004
 8.960500e+001  1.931222e-004
 8.985250e+001  1.942810e-004
 9.010000e+001  1.817574e-004
 9.034750e+001  1.864324e-004
 9.059500e+001  1.716382e-004
 9.084250e+001  1.850100e-004
 9.109000e+001  1.934023e-004
 9.133750e+001  1.985366e-004
 9.158500e+001  1.750220e-004
 9.183250e+001  1.893945e-004
 9.208000e+001  2.125827e-004
 9.232750e+001  1.923494e-004
 9.257500e+001  1.972488e-004
 9.282250e+001  1.900560e-004
 9.307000e+001  1.706631e-004
 9.331750e+001  1.507467e-004
 9.356500e+001  1.533208e-004
 9.381250e+001  1.584165e-004
 9.406000e+001  1.823354e-004
 9.430750e+001  1.928169e-004
 9.455500e+001  1.721037e-004
 9.480250e+001  2.085154e-004
 9.505000e+001  1.935247e-004
 9.529750e+001  1.685360e-004
 9.554500e+001  1.543349e-004
 9.579250e+001  1.635520e-004
 9.604000e+001  1.632833e-004
 9.628750e+001  1.754787e-004
 9.653500e+001  1.955526e-004
 9.678250e+001  2.069864e-004
 9.703000e+001  1.668432e-004
 9.727750e+001  1.292675e-004
 9.752500e+001  1.436083e-004
 9.777250e+001  1.774027e-004
 9.802000e+001  1.853547e-004
 9.826750e+001  1.918419e-004
 9.851500e+001  1.809874e-004
 9.876250e+001  1.656751e-004
 9.901000e+001  1.404506e-004
 9.925750e+001  1.536943e-004
 9.950500e+001  1.520280e-004
 9.975250e+001  1.479030e-004
 1.000000e+002  1.949042e-004
