 1.000000e-001  3.488050e-003
 1.247500e-001  4.603220e-003
 1.495000e-001  4.760234e-003
 1.742500e-001  3.846904e-003
 1.990000e-001  3.020725e-003
 2.237500e-001  4.703014e-003
 2.485000e-001  4.523242e-003
 2.732500e-001  2.051367e-003
 2.980000e-001  2.209981e-003
 3.227500e-001  2.823931e-003
 3.475000e-001  2.236691e-003
 3.722500e-001  2.447061e-003
 3.970000e-001  3.014357e-003
 4.217500e-001  1.608121e-003
 4.465000e-001  1.928005e-003
 4.712500e-001  2.765447e-003
 4.960000e-001  2.437595e-003
 5.207500e-001  2.334695e-003
 5.455000e-001  2.511231e-003
 5.702500e-001  1.858427e-003
 5.950000e-001  2.787761e-003
 6.197500e-001  2.018861e-003
 6.445000e-001  1.319721e-003
 6.692500e-001  4.446532e-004
 6.940000e-001  1.713326e-003
 7.187500e-001  1.754574e-003
 7.435000e-001  4.980685e-004
 7.682500e-001  1.558382e-003
 7.930000e-001  1.352159e-003
 8.177500e-001  1.169668e-003
 8.425000e-001  1.356614e-003
 8.672500e-001  8.783627e-004
 8.920000e-001  1.016949e-003
 9.167500e-001  1.818115e-003
 9.415000e-001  1.530798e-003
 9.662500e-001  5.150355e-004
 9.910000e-001  1.041145e-003
 1.015750e+000  1.380352e-003
 1.040500e+000  1.431939e-003
 1.065250e+000  1.311266e-003
 1.090000e+000  1.154979e-003
 1.114750e+000  1.740993e-003
 1.139500e+000  1.636026e-003
 1.164250e+000  1.191131e-003
 1.189000e+000  1.039083e-003
 1.213750e+000  1.224087e-003
 1.238500e+000  1.108055e-003
 1.263250e+000  1.418524e-003
 1.288000e+000  8.553320e-004
 1.312750e+000  5.948548e-004
 1.337500e+000  1.232883e-003
 1.362250e+000  1.387922e-003
 1.387000e+000  7.950701e-004
 1.411750e+000  7.235134e-004
 1.436500e+000  6.983793e-004
 1.461250e+000  7.698961e-004
 1.486000e+000  7.143368e-004
 1.510750e+000  9.700161e-004
 1.535500e+000  9.068047e-004
 1.560250e+000  8.001400e-004
 1.585000e+000  5.438284e-004
 1.609750e+000  6.111849e-004
 1.634500e+000  9.040135e-004
 1.659250e+000  8.236544e-004
 1.684000e+000  8.553976e-004
 1.708750e+000  6.177623e-004
 1.733500e+000  7.615928e-004
 1.758250e+000  8.300641e-004
 1.783000e+000  6.325743e-004
 1.807750e+000  7.827124e-004
 1.832500e+000  6.802736e-004
 1.857250e+000  9.280684e-004
 1.882000e+000  6.571108e-004
 1.906750e+000  6.687518e-004
 1.931500e+000  4.970445e-004
 1.956250e+000  5.122283e-004
 1.981000e+000  5.928005e-004
 2.005750e+000  9.562399e-004
 2.030500e+000  1.051599e-003
 2.055250e+000  7.301137e-004
 2.080000e+000  4.476635e-004
 2.104750e+000  4.704885e-004
 2.129500e+000  4.170097e-004
 2.154250e+000  3.858050e-004
 2.179000e+000  6.011590e-004
 2.203750e+000  7.452245e-004
 2.228500e+000  6.343560e-004
 2.253250e+000  5.852257e-004
 2.278000e+000  3.923942e-004
 2.302750e+000  4.957272e-004
 2.327500e+000  8.633125e-004
 2.352250e+000  7.699864e-004
 2.377000e+000  5.579714e-004
 2.401750e+000  5.442903e-004
 2.426500e+000  7.066958e-004
 2.451250e+000  7.730376e-004
 2.476000e+000  7.368714e-004
 2.500750e+000  6.035131e-004
 2.525500e+000  5.356754e-004
 2.550250e+000  6.662805e-004
 2.575000e+000  5.431745e-004
 2.599750e+000  6.820756e-004
 2.624500e+000  4.907245e-004
 2.649250e+000  5.643314e-004
 2.674000e+000  5.369274e-004
 2.698750e+000  3.891449e-004
 2.723500e+000  7.436686e-004
 2.748250e+000  8.913745e-004
 2.773000e+000  1.025116e-003
 2.797750e+000  8.507778e-004
 2.822500e+000  4.685974e-004
 2.847250e+000  7.109618e-004
 2.872000e+000  7.666367e-004
 2.896750e+000  5.573121e-004
 2.921500e+000  4.045064e-004
 2.946250e+000  3.923755e-004
 2.971000e+000  6.390850e-004
 2.995750e+000  5.403365e-004
 3.020500e+000  3.558409e-004
 3.045250e+000  6.221435e-004
 3.070000e+000  6.137362e-004
 3.094750e+000  7.465343e-004
 3.119500e+000  4.519286e-004
 3.144250e+000  3.387214e-004
 3.169000e+000  5.364540e-004
 3.193750e+000  7.260243e-004
 3.218500e+000  5.941993e-004
 3.243250e+000  4.763598e-004
 3.268000e+000  4.781744e-004
 3.292750e+000  4.611821e-004
 3.317500e+000  3.906932e-004
 3.342250e+000  7.868422e-004
 3.367000e+000  8.243828e-004
 3.391750e+000  7.417063e-004
 3.416500e+000  4.349041e-004
 3.441250e+000  3.356133e-004
 3.466000e+000  4.136600e-004
 3.490750e+000  3.260005e-004
 3.515500e+000  1.883636e-004
 3.540250e+000  3.330676e-004
 3.565000e+000  3.795818e-004
 3.589750e+000  4.160520e-004
 3.614500e+000  4.051682e-004
 3.639250e+000  3.347025e-004
 3.664000e+000  3.887034e-004
 3.688750e+000  4.952814e-004
 3.713500e+000  5.920137e-004
 3.738250e+000  7.160801e-004
 3.763000e+000  7.469039e-004
 3.787750e+000  6.093680e-004
 3.812500e+000  5.024649e-004
 3.837250e+000  4.120214e-004
 3.862000e+000  2.368498e-004
 3.886750e+000  4.311903e-004
 3.911500e+000  5.563688e-004
 3.936250e+000  5.163855e-004
 3.961000e+000  4.852091e-004
 3.985750e+000  4.842493e-004
 4.010500e+000  3.375899e-004
 4.035250e+000  3.079229e-004
 4.060000e+000  3.643635e-004
 4.084750e+000  2.760837e-004
 4.109500e+000  3.707254e-004
 4.134250e+000  2.862941e-004
 4.159000e+000  3.582612e-004
 4.183750e+000  4.421329e-004
 4.208500e+000  5.580634e-004
 4.233250e+000  6.215125e-004
 4.258000e+000  6.566358e-004
 4.282750e+000  5.836028e-004
 4.307500e+000  5.763490e-004
 4.332250e+000  4.074760e-004
 4.357000e+000  2.488568e-004
 4.381750e+000  3.313366e-004
 4.406500e+000  2.813154e-004
 4.431250e+000  2.381603e-004
 4.456000e+000  5.735738e-004
 4.480750e+000  5.575581e-004
 4.505500e+000  4.698151e-004
 4.530250e+000  3.755646e-004
 4.555000e+000  3.878653e-004
 4.579750e+000  4.176493e-004
 4.604500e+000  4.994410e-004
 4.629250e+000  4.140428e-004
 4.654000e+000  1.791513e-004
 4.678750e+000  5.604427e-004
 4.703500e+000  7.655712e-004
 4.728250e+000  6.179111e-004
 4.753000e+000  4.430359e-004
 4.777750e+000  4.536337e-004
 4.802500e+000  3.667259e-004
 4.827250e+000  3.200396e-004
 4.852000e+000  4.121457e-004
 4.876750e+000  3.312030e-004
 4.901500e+000  5.863485e-004
 4.926250e+000  4.415393e-004
 4.951000e+000  4.017156e-004
 4.975750e+000  4.320369e-004
 5.000500e+000  2.828871e-004
 5.025250e+000  3.512743e-004
 5.050000e+000  5.093912e-004
 5.074750e+000  7.197545e-004
 5.099500e+000  5.036183e-004
 5.124250e+000  3.621316e-004
 5.149000e+000  3.512158e-004
 5.173750e+000  3.986020e-004
 5.198500e+000  2.829069e-004
 5.223250e+000  3.591065e-004
 5.248000e+000  3.614770e-004
 5.272750e+000  3.127233e-004
 5.297500e+000  4.232195e-004
 5.322250e+000  5.250871e-004
 5.347000e+000  5.195807e-004
 5.371750e+000  4.418105e-004
 5.396500e+000  3.891941e-004
 5.421250e+000  4.190701e-004
 5.446000e+000  3.217812e-004
 5.470750e+000  2.943083e-004
 5.495500e+000  3.567672e-004
 5.520250e+000  2.844320e-004
 5.545000e+000  4.859238e-004
 5.569750e+000  4.971232e-004
 5.594500e+000  3.130114e-004
 5.619250e+000  2.401221e-004
 5.644000e+000  3.802748e-004
 5.668750e+000  3.148780e-004
 5.693500e+000  4.184059e-004
 5.718250e+000  4.474454e-004
 5.743000e+000  3.923054e-004
 5.767750e+000  3.335980e-004
 5.792500e+000  3.592738e-004
 5.817250e+000  4.422064e-004
 5.842000e+000  3.270413e-004
 5.866750e+000  4.056808e-004
 5.891500e+000  3.403174e-004
 5.916250e+000  3.260829e-004
 5.941000e+000  4.264061e-004
 5.965750e+000  5.101572e-004
 5.990500e+000  4.725961e-004
 6.015250e+000  3.550694e-004
 6.040000e+000  3.519285e-004
 6.064750e+000  3.750719e-004
 6.089500e+000  3.094350e-004
 6.114250e+000  2.343858e-004
 6.139000e+000  4.580455e-004
 6.163750e+000  4.578615e-004
 6.188500e+000  4.273457e-004
 6.213250e+000  4.817409e-004
 6.238000e+000  3.803044e-004
 6.262750e+000  3.013397e-004
 6.287500e+000  2.690215e-004
 6.312250e+000  3.116654e-004
 6.337000e+000  3.386078e-004
 6.361750e+000  3.860604e-004
 6.386500e+000  3.672677e-004
 6.411250e+000  3.984107e-004
 6.436000e+000  2.282445e-004
 6.460750e+000  3.530862e-004
 6.485500e+000  4.720559e-004
 6.510250e+000  4.073198e-004
 6.535000e+000  2.538188e-004
 6.559750e+000  3.453876e-004
 6.584500e+000  3.549498e-004
 6.609250e+000  2.825127e-004
 6.634000e+000  4.324142e-004
 6.658750e+000  2.663902e-004
 6.683500e+000  3.617207e-004
 6.708250e+000  4.087270e-004
 6.733000e+000  4.743237e-004
 6.757750e+000  4.398999e-004
 6.782500e+000  2.609404e-004
 6.807250e+000  4.115895e-004
 6.832000e+000  4.347668e-004
 6.856750e+000  4.520632e-004
 6.881500e+000  4.341562e-004
 6.906250e+000  3.611188e-004
 6.931000e+000  3.425443e-004
 6.955750e+000  2.139875e-004
 6.980500e+000  3.249925e-004
 7.005250e+000  1.783366e-004
 7.030000e+000  1.799455e-004
 7.054750e+000  2.164550e-004
 7.079500e+000  2.295345e-004
 7.104250e+000  2.866076e-004
 7.129000e+000  2.959716e-004
 7.153750e+000  2.679225e-004
 7.178500e+000  2.792025e-004
 7.203250e+000  3.239493e-004
 7.228000e+000  4.242165e-004
 7.252750e+000  4.939272e-004
 7.277500e+000  3.596142e-004
 7.302250e+000  4.542995e-004
 7.327000e+000  2.781453e-004
 7.351750e+000  3.044041e-004
 7.376500e+000  3.361044e-004
 7.401250e+000  2.077636e-004
 7.426000e+000  3.543746e-004
 7.450750e+000  4.291861e-004
 7.475500e+000  4.049498e-004
 7.500250e+000  4.600430e-004
 7.525000e+000  3.074652e-004
 7.549750e+000  2.548286e-004
 7.574500e+000  3.653681e-004
 7.599250e+000  3.457338e-004
 7.624000e+000  2.324297e-004
 7.648750e+000  3.110810e-004
 7.673500e+000  2.685358e-004
 7.698250e+000  2.296596e-004
 7.723000e+000  4.237235e-004
 7.747750e+000  4.846419e-004
 7.772500e+000  4.550051e-004
 7.797250e+000  3.814486e-004
 7.822000e+000  3.975349e-004
 7.846750e+000  4.234849e-004
 7.871500e+000  3.306886e-004
 7.896250e+000  2.925312e-004
 7.921000e+000  2.351205e-004
 7.945750e+000  2.677290e-004
 7.970500e+000  3.672223e-004
 7.995250e+000  3.483606e-004
 8.020000e+000  5.242464e-004
 8.044750e+000  5.602428e-004
 8.069500e+000  4.283625e-004
 8.094250e+000  2.798958e-004
 8.119000e+000  2.973539e-004
 8.143750e+000  2.498735e-004
 8.168500e+000  2.069552e-004
 8.193250e+000  4.007134e-004
 8.218000e+000  5.165288e-004
 8.242750e+000  4.458533e-004
 8.267500e+000  4.022793e-004
 8.292250e+000  4.366256e-004
 8.317000e+000  4.820441e-004
 8.341750e+000  5.017019e-004
 8.366500e+000  3.612111e-004
 8.391250e+000  3.776358e-004
 8.416000e+000  2.367857e-004
 8.440750e+000  3.919994e-004
 8.465500e+000  3.462882e-004
 8.490250e+000  3.624446e-004
 8.515000e+000  3.287310e-004
 8.539750e+000  3.729251e-004
 8.564500e+000  4.136240e-004
 8.589250e+000  3.128362e-004
 8.614000e+000  3.147408e-004
 8.638750e+000  2.796963e-004
 8.663500e+000  2.869676e-004
 8.688250e+000  3.057416e-004
 8.713000e+000  3.324675e-004
 8.737750e+000  3.511305e-004
 8.762500e+000  3.326256e-004
 8.787250e+000  2.900086e-004
 8.812000e+000  4.338251e-004
 8.836750e+000  4.617012e-004
 8.861500e+000  3.753474e-004
 8.886250e+000  4.234347e-004
 8.911000e+000  4.314146e-004
 8.935750e+000  2.468353e-004
 8.960500e+000  2.070833e-004
 8.985250e+000  2.167161e-004
 9.010000e+000  3.147476e-004
 9.034750e+000  2.448568e-004
 9.059500e+000  3.656554e-004
 9.084250e+000  4.132648e-004
 9.109000e+000  2.567896e-004
 9.133750e+000  2.122892e-004
 9.158500e+000  2.712132e-004
 9.183250e+000  2.850905e-004
 9.208000e+000  2.744046e-004
 9.232750e+000  2.366486e-004
 9.257500e+000  2.666885e-004
 9.282250e+000  2.878558e-004
 9.307000e+000  2.749602e-004
 9.331750e+000  2.205573e-004
 9.356500e+000  3.941137e-004
 9.381250e+000  3.749110e-004
 9.406000e+000  3.824401e-004
 9.430750e+000  2.934390e-004
 9.455500e+000  2.971131e-004
 9.480250e+000  3.008891e-004
 9.505000e+000  2.900007e-004
 9.529750e+000  3.257913e-004
 9.554500e+000  4.095569e-004
 9.579250e+000  2.726008e-004
 9.604000e+000  3.239931e-004
 9.628750e+000  3.508401e-004
 9.653500e+000  2.373279e-004
 9.678250e+000  2.242271e-004
 9.703000e+000  3.042264e-004
 9.727750e+000  3.766004e-004
 9.752500e+000  2.998041e-004
 9.777250e+000  2.188427e-004
 9.802000e+000  2.493534e-004
 9.826750e+000  2.789252e-004
 9.851500e+000  2.475395e-004
 9.876250e+000  2.577811e-004
 9.901000e+000  3.398014e-004
 9.925750e+000  4.745979e-004
 9.950500e+000  3.302643e-004
 9.975250e+000  3.099736e-004
 1.000000e+001  2.614657e-004
