 1.000000e+001  3.235387e-004
 1.061875e+001  3.064550e-004
 1.123750e+001  2.951310e-004
 1.185625e+001  2.993248e-004
 1.247500e+001  2.904320e-004
 1.309375e+001  2.834757e-004
 1.371250e+001  3.486530e-004
 1.433125e+001  3.233455e-004
 1.495000e+001  2.986967e-004
 1.556875e+001  3.091647e-004
 1.618750e+001  3.091322e-004
 1.680625e+001  3.269921e-004
 1.742500e+001  3.417741e-004
 1.804375e+001  2.879411e-004
 1.866250e+001  2.689071e-004
 1.928125e+001  2.488552e-004
 1.990000e+001  2.707779e-004
 2.051875e+001  2.722558e-004
 2.113750e+001  2.833933e-004
 2.175625e+001  2.954946e-004
 2.237500e+001  2.840786e-004
 2.299375e+001  2.843748e-004
 2.361250e+001  2.673669e-004
 2.423125e+001  2.352316e-004
 2.485000e+001  2.483019e-004
 2.546875e+001  2.560209e-004
 2.608750e+001  2.467706e-004
 2.670625e+001  2.497987e-004
 2.732500e+001  2.525270e-004
 2.794375e+001  2.187248e-004
 2.856250e+001  2.195312e-004
 2.918125e+001  2.580745e-004
 2.980000e+001  2.622049e-004
 3.041875e+001  2.320315e-004
 3.103750e+001  2.487494e-004
 3.165625e+001  2.363059e-004
 3.227500e+001  2.261481e-004
 3.289375e+001  2.434242e-004
 3.351250e+001  2.488869e-004
 3.413125e+001  2.520736e-004
 3.475000e+001  2.503714e-004
 3.536875e+001  2.482577e-004
 3.598750e+001  2.345866e-004
 3.660625e+001  2.495799e-004
 3.722500e+001  1.921423e-004
 3.784375e+001  1.950459e-004
 3.846250e+001  2.093588e-004
 3.908125e+001  2.192888e-004
 3.970000e+001  2.350002e-004
 4.031875e+001  2.325265e-004
 4.093750e+001  2.204343e-004
 4.155625e+001  2.531583e-004
 4.217500e+001  2.490046e-004
 4.279375e+001  2.306001e-004
 4.341250e+001  2.119624e-004
 4.403125e+001  2.232725e-004
 4.465000e+001  2.120669e-004
 4.526875e+001  2.268810e-004
 4.588750e+001  2.128823e-004
 4.650625e+001  1.989569e-004
 4.712500e+001  2.181751e-004
 4.774375e+001  2.232461e-004
 4.836250e+001  2.071312e-004
 4.898125e+001  2.331931e-004
 4.960000e+001  5.672607e-004
 5.021875e+001  7.083764e-004
 5.083750e+001  3.039730e-004
 5.145625e+001  2.184511e-004
 5.207500e+001  1.928266e-004
 5.269375e+001  2.151547e-004
 5.331250e+001  2.296823e-004
 5.393125e+001  2.013640e-004
 5.455000e+001  1.951733e-004
 5.516875e+001  2.029242e-004
 5.578750e+001  1.751699e-004
 5.640625e+001  1.879560e-004
 5.702500e+001  1.896130e-004
 5.764375e+001  1.874539e-004
 5.826250e+001  1.962862e-004
 5.888125e+001  1.895691e-004
 5.950000e+001  2.325824e-004
 6.011875e+001  2.536838e-004
 6.073750e+001  1.863742e-004
 6.135625e+001  1.670835e-004
 6.197500e+001  1.607565e-004
 6.259375e+001  2.006352e-004
 6.321250e+001  1.901028e-004
 6.383125e+001  1.855836e-004
 6.445000e+001  1.809505e-004
 6.506875e+001  1.885194e-004
 6.568750e+001  1.684727e-004
 6.630625e+001  1.785184e-004
 6.692500e+001  1.768334e-004
 6.754375e+001  1.614960e-004
 6.816250e+001  1.931672e-004
 6.878125e+001  1.940421e-004
 6.940000e+001  1.861285e-004
 7.001875e+001  1.726977e-004
 7.063750e+001  1.352201e-004
 7.125625e+001  1.618727e-004
 7.187500e+001  1.754838e-004
 7.249375e+001  1.795961e-004
 7.311250e+001  1.613016e-004
 7.373125e+001  1.507420e-004
 7.435000e+001  1.703430e-004
 7.496875e+001  1.675161e-004
 7.558750e+001  1.935131e-004
 7.620625e+001  2.175359e-004
 7.682500e+001  1.925816e-004
 7.744375e+001  1.721948e-004
 7.806250e+001  1.747780e-004
 7.868125e+001  1.527270e-004
 7.930000e+001  1.489907e-004
 7.991875e+001  1.468130e-004
 8.053750e+001  1.527041e-004
 8.115625e+001  1.662759e-004
 8.177500e+001  1.648980e-004
 8.239375e+001  1.651400e-004
 8.301250e+001  1.646932e-004
 8.363125e+001  1.558113e-004
 8.425000e+001  1.582318e-004
 8.486875e+001  1.712278e-004
 8.548750e+001  1.700394e-004
 8.610625e+001  1.590825e-004
 8.672500e+001  1.395611e-004
 8.734375e+001  1.512167e-004
 8.796250e+001  1.530195e-004
 8.858125e+001  1.470738e-004
 8.920000e+001  1.428368e-004
 8.981875e+001  1.426352e-004
 9.043750e+001  1.532525e-004
 9.105625e+001  1.523877e-004
 9.167500e+001  1.576718e-004
 9.229375e+001  1.533538e-004
 9.291250e+001  1.476076e-004
 9.353125e+001  1.247696e-004
 9.415000e+001  1.309294e-004
 9.476875e+001  1.397572e-004
 9.538750e+001  1.289360e-004
 9.600625e+001  1.398771e-004
 9.662500e+001  1.407985e-004
 9.724375e+001  1.450062e-004
 9.786250e+001  1.412761e-004
 9.848125e+001  1.250641e-004
 9.910000e+001  1.243514e-004
 9.971875e+001  1.455588e-004
 1.003375e+002  1.525631e-004
 1.009563e+002  1.283357e-004
 1.015750e+002  1.349588e-004
 1.021938e+002  1.307144e-004
 1.028125e+002  1.213552e-004
 1.034313e+002  1.245729e-004
 1.040500e+002  1.381801e-004
 1.046688e+002  1.210954e-004
 1.052875e+002  1.235567e-004
 1.059063e+002  1.222990e-004
 1.065250e+002  1.218658e-004
 1.071438e+002  1.047471e-004
 1.077625e+002  1.159407e-004
 1.083813e+002  1.036580e-004
 1.090000e+002  1.087438e-004
 1.096188e+002  1.276622e-004
 1.102375e+002  1.233102e-004
 1.108563e+002  1.181394e-004
 1.114750e+002  1.338842e-004
 1.120938e+002  1.306577e-004
 1.127125e+002  1.222509e-004
 1.133313e+002  1.184195e-004
 1.139500e+002  1.136065e-004
 1.145688e+002  1.061135e-004
 1.151875e+002  1.035343e-004
 1.158063e+002  1.039696e-004
 1.164250e+002  1.273645e-004
 1.170438e+002  1.214378e-004
 1.176625e+002  1.288652e-004
 1.182813e+002  1.309687e-004
 1.189000e+002  1.132289e-004
 1.195188e+002  1.119561e-004
 1.201375e+002  1.510706e-004
 1.207563e+002  1.132545e-004
 1.213750e+002  1.030660e-004
 1.219938e+002  1.028745e-004
 1.226125e+002  9.358796e-005
 1.232313e+002  1.012854e-004
 1.238500e+002  1.184851e-004
 1.244688e+002  1.155571e-004
 1.250875e+002  1.161624e-004
 1.257063e+002  1.167504e-004
 1.263250e+002  1.086281e-004
 1.269438e+002  9.222935e-005
 1.275625e+002  1.059440e-004
 1.281813e+002  1.069641e-004
 1.288000e+002  1.140461e-004
 1.294188e+002  1.036810e-004
 1.300375e+002  1.034939e-004
 1.306563e+002  1.109000e-004
 1.312750e+002  1.128831e-004
 1.318938e+002  9.723588e-005
 1.325125e+002  9.235106e-005
 1.331313e+002  9.760287e-005
 1.337500e+002  9.464123e-005
 1.343688e+002  1.030421e-004
 1.349875e+002  1.086101e-004
 1.356063e+002  9.640007e-005
 1.362250e+002  1.039229e-004
 1.368438e+002  1.028502e-004
 1.374625e+002  9.689339e-005
 1.380813e+002  9.902918e-005
 1.387000e+002  9.301148e-005
 1.393188e+002  1.086208e-004
 1.399375e+002  1.045612e-004
 1.405563e+002  9.967778e-005
 1.411750e+002  1.047487e-004
 1.417938e+002  1.050896e-004
 1.424125e+002  9.065360e-005
 1.430313e+002  1.014508e-004
 1.436500e+002  9.152929e-005
 1.442688e+002  8.375651e-005
 1.448875e+002  8.120439e-005
 1.455063e+002  9.337606e-005
 1.461250e+002  1.005493e-004
 1.467438e+002  1.053139e-004
 1.473625e+002  1.058191e-004
 1.479813e+002  9.954350e-005
 1.486000e+002  1.037308e-004
 1.492188e+002  1.470831e-004
 1.498375e+002  5.187211e-004
 1.504563e+002  4.907772e-004
 1.510750e+002  1.361636e-004
 1.516938e+002  8.697589e-005
 1.523125e+002  8.221130e-005
 1.529313e+002  8.539426e-005
 1.535500e+002  8.594626e-005
 1.541688e+002  8.074207e-005
 1.547875e+002  8.118389e-005
 1.554063e+002  8.065193e-005
 1.560250e+002  8.589098e-005
 1.566438e+002  9.700477e-005
 1.572625e+002  9.669339e-005
 1.578813e+002  9.141105e-005
 1.585000e+002  9.273951e-005
 1.591188e+002  8.716246e-005
 1.597375e+002  8.749202e-005
 1.603563e+002  8.770439e-005
 1.609750e+002  9.052139e-005
 1.615938e+002  8.220256e-005
 1.622125e+002  8.209397e-005
 1.628313e+002  8.828785e-005
 1.634500e+002  8.178059e-005
 1.640688e+002  7.861848e-005
 1.646875e+002  8.006063e-005
 1.653063e+002  8.331628e-005
 1.659250e+002  7.788885e-005
 1.665438e+002  7.236537e-005
 1.671625e+002  6.984645e-005
 1.677813e+002  8.094419e-005
 1.684000e+002  8.178294e-005
 1.690188e+002  8.117141e-005
 1.696375e+002  8.519327e-005
 1.702563e+002  8.662369e-005
 1.708750e+002  8.843303e-005
 1.714938e+002  8.125233e-005
 1.721125e+002  6.867210e-005
 1.727313e+002  7.395650e-005
 1.733500e+002  7.720491e-005
 1.739688e+002  7.085622e-005
 1.745875e+002  6.987115e-005
 1.752063e+002  7.860771e-005
 1.758250e+002  8.682806e-005
 1.764438e+002  8.227915e-005
 1.770625e+002  7.760616e-005
 1.776813e+002  7.071072e-005
 1.783000e+002  7.521881e-005
 1.789188e+002  8.047232e-005
 1.795375e+002  9.794525e-005
 1.801563e+002  1.257182e-004
 1.807750e+002  7.962597e-005
 1.813938e+002  7.347315e-005
 1.820125e+002  6.905262e-005
 1.826313e+002  6.883571e-005
 1.832500e+002  7.417978e-005
 1.838688e+002  8.117572e-005
 1.844875e+002  7.621904e-005
 1.851063e+002  7.902969e-005
 1.857250e+002  7.622320e-005
 1.863438e+002  8.038386e-005
 1.869625e+002  8.099668e-005
 1.875813e+002  7.678383e-005
 1.882000e+002  8.589876e-005
 1.888188e+002  7.581728e-005
 1.894375e+002  6.291429e-005
 1.900563e+002  7.228862e-005
 1.906750e+002  8.078287e-005
 1.912938e+002  8.324579e-005
 1.919125e+002  7.158818e-005
 1.925313e+002  5.993493e-005
 1.931500e+002  6.042012e-005
 1.937688e+002  6.223639e-005
 1.943875e+002  7.271240e-005
 1.950063e+002  8.109052e-005
 1.956250e+002  7.170737e-005
 1.962438e+002  6.096130e-005
 1.968625e+002  7.433438e-005
 1.974813e+002  8.087277e-005
 1.981000e+002  6.381910e-005
 1.987188e+002  7.131158e-005
 1.993375e+002  7.255472e-005
 1.999563e+002  9.210687e-005
 2.005750e+002  8.485479e-005
 2.011938e+002  6.804802e-005
 2.018125e+002  5.972326e-005
 2.024313e+002  6.253750e-005
 2.030500e+002  6.032423e-005
 2.036688e+002  6.603248e-005
 2.042875e+002  6.813154e-005
 2.049063e+002  7.409170e-005
 2.055250e+002  7.234658e-005
 2.061438e+002  6.243495e-005
 2.067625e+002  6.442968e-005
 2.073813e+002  6.933056e-005
 2.080000e+002  6.506506e-005
 2.086188e+002  6.069884e-005
 2.092375e+002  5.720084e-005
 2.098563e+002  6.555464e-005
 2.104750e+002  7.087829e-005
 2.110938e+002  6.220589e-005
 2.117125e+002  6.345647e-005
 2.123313e+002  5.872024e-005
 2.129500e+002  6.559004e-005
 2.135688e+002  6.322077e-005
 2.141875e+002  6.007996e-005
 2.148063e+002  6.223382e-005
 2.154250e+002  5.791087e-005
 2.160438e+002  5.994207e-005
 2.166625e+002  5.934229e-005
 2.172813e+002  6.494485e-005
 2.179000e+002  6.114242e-005
 2.185188e+002  5.690630e-005
 2.191375e+002  5.582293e-005
 2.197563e+002  5.382893e-005
 2.203750e+002  5.489197e-005
 2.209938e+002  5.880017e-005
 2.216125e+002  6.551373e-005
 2.222313e+002  6.803397e-005
 2.228500e+002  6.364297e-005
 2.234688e+002  6.125939e-005
 2.240875e+002  6.215789e-005
 2.247063e+002  5.891742e-005
 2.253250e+002  5.702603e-005
 2.259438e+002  6.045559e-005
 2.265625e+002  6.362587e-005
 2.271813e+002  6.602138e-005
 2.278000e+002  5.584575e-005
 2.284188e+002  5.976454e-005
 2.290375e+002  6.046960e-005
 2.296563e+002  5.511558e-005
 2.302750e+002  5.608924e-005
 2.308938e+002  5.792765e-005
 2.315125e+002  6.171121e-005
 2.321313e+002  5.945969e-005
 2.327500e+002  6.114602e-005
 2.333688e+002  6.736344e-005
 2.339875e+002  5.553839e-005
 2.346063e+002  5.330293e-005
 2.352250e+002  4.847343e-005
 2.358438e+002  5.718071e-005
 2.364625e+002  5.929286e-005
 2.370813e+002  6.161038e-005
 2.377000e+002  6.395975e-005
 2.383188e+002  5.591991e-005
 2.389375e+002  5.594346e-005
 2.395563e+002  9.063604e-005
 2.401750e+002  1.331869e-004
 2.407938e+002  7.645315e-005
 2.414125e+002  4.966364e-005
 2.420313e+002  5.095142e-005
 2.426500e+002  5.480652e-005
 2.432688e+002  5.919131e-005
 2.438875e+002  6.097696e-005
 2.445063e+002  5.608964e-005
 2.451250e+002  5.322632e-005
 2.457438e+002  5.608461e-005
 2.463625e+002  5.278549e-005
 2.469813e+002  4.959045e-005
 2.476000e+002  5.434096e-005
 2.482188e+002  5.799220e-005
 2.488375e+002  5.806555e-005
 2.494563e+002  6.773705e-005
 2.500750e+002  1.448880e-004
 2.506938e+002  1.090915e-004
 2.513125e+002  5.676026e-005
 2.519313e+002  5.650785e-005
 2.525500e+002  4.935840e-005
 2.531688e+002  4.939679e-005
 2.537875e+002  5.969287e-005
 2.544063e+002  5.842093e-005
 2.550250e+002  5.361411e-005
 2.556438e+002  5.136287e-005
 2.562625e+002  5.263797e-005
 2.568813e+002  5.399630e-005
 2.575000e+002  4.932570e-005
 2.581188e+002  5.619560e-005
 2.587375e+002  5.445575e-005
 2.593563e+002  5.530852e-005
 2.599750e+002  5.126407e-005
 2.605938e+002  5.370095e-005
 2.612125e+002  5.196887e-005
 2.618313e+002  4.735186e-005
 2.624500e+002  4.608509e-005
 2.630688e+002  4.527011e-005
 2.636875e+002  4.868636e-005
 2.643063e+002  4.653325e-005
 2.649250e+002  5.064746e-005
 2.655438e+002  4.874885e-005
 2.661625e+002  4.694591e-005
 2.667813e+002  5.547118e-005
 2.674000e+002  5.274614e-005
 2.680188e+002  4.981570e-005
 2.686375e+002  4.924616e-005
 2.692563e+002  4.914339e-005
 2.698750e+002  4.584510e-005
 2.704938e+002  5.260216e-005
 2.711125e+002  5.519335e-005
 2.717313e+002  5.021053e-005
 2.723500e+002  5.649946e-005
 2.729688e+002  5.873794e-005
 2.735875e+002  5.501590e-005
 2.742063e+002  4.877776e-005
 2.748250e+002  4.592979e-005
 2.754438e+002  4.846887e-005
 2.760625e+002  4.647108e-005
 2.766813e+002  4.447060e-005
 2.773000e+002  4.568452e-005
 2.779188e+002  4.926866e-005
 2.785375e+002  4.528450e-005
 2.791563e+002  5.186726e-005
 2.797750e+002  5.121589e-005
 2.803938e+002  4.916134e-005
 2.810125e+002  5.013166e-005
 2.816313e+002  4.661105e-005
 2.822500e+002  4.150750e-005
 2.828688e+002  4.779048e-005
 2.834875e+002  5.088543e-005
 2.841063e+002  5.055202e-005
 2.847250e+002  4.761999e-005
 2.853438e+002  4.803773e-005
 2.859625e+002  4.268978e-005
 2.865813e+002  4.396860e-005
 2.872000e+002  4.771868e-005
 2.878188e+002  4.653061e-005
 2.884375e+002  4.631541e-005
 2.890563e+002  5.218326e-005
 2.896750e+002  5.178652e-005
 2.902938e+002  5.117415e-005
 2.909125e+002  4.956572e-005
 2.915313e+002  4.145980e-005
 2.921500e+002  4.316501e-005
 2.927688e+002  5.059660e-005
 2.933875e+002  4.475835e-005
 2.940063e+002  4.702105e-005
 2.946250e+002  4.999141e-005
 2.952438e+002  5.080529e-005
 2.958625e+002  4.659761e-005
 2.964813e+002  4.430023e-005
 2.971000e+002  4.993513e-005
 2.977188e+002  4.812051e-005
 2.983375e+002  4.680749e-005
 2.989563e+002  4.857428e-005
 2.995750e+002  1.017573e-004
 3.001938e+002  1.764553e-004
 3.008125e+002  9.444966e-005
 3.014313e+002  3.843443e-005
 3.020500e+002  4.173482e-005
 3.026688e+002  4.444890e-005
 3.032875e+002  4.664151e-005
 3.039063e+002  5.444186e-005
 3.045250e+002  5.219677e-005
 3.051438e+002  4.714781e-005
 3.057625e+002  4.968176e-005
 3.063813e+002  5.018242e-005
 3.070000e+002  4.631675e-005
 3.076188e+002  4.281883e-005
 3.082375e+002  4.241126e-005
 3.088563e+002  4.106317e-005
 3.094750e+002  4.269213e-005
 3.100938e+002  4.050960e-005
 3.107125e+002  4.118195e-005
 3.113313e+002  4.145075e-005
 3.119500e+002  3.922150e-005
 3.125688e+002  4.111479e-005
 3.131875e+002  4.804210e-005
 3.138063e+002  4.635941e-005
 3.144250e+002  4.177621e-005
 3.150437e+002  4.158918e-005
 3.156625e+002  4.019190e-005
 3.162812e+002  4.062627e-005
 3.169000e+002  4.197722e-005
 3.175187e+002  4.470546e-005
 3.181375e+002  4.323734e-005
 3.187562e+002  4.625718e-005
 3.193750e+002  4.598221e-005
 3.199937e+002  4.723132e-005
 3.206125e+002  4.710035e-005
 3.212312e+002  5.013520e-005
 3.218500e+002  4.490737e-005
 3.224687e+002  3.915298e-005
 3.230875e+002  4.131183e-005
 3.237062e+002  4.420249e-005
 3.243250e+002  4.544505e-005
 3.249437e+002  4.035414e-005
 3.255625e+002  3.697118e-005
 3.261812e+002  3.729656e-005
 3.268000e+002  4.014128e-005
 3.274187e+002  4.620926e-005
 3.280375e+002  4.757906e-005
 3.286562e+002  4.086724e-005
 3.292750e+002  4.276587e-005
 3.298937e+002  4.101690e-005
 3.305125e+002  3.912060e-005
 3.311312e+002  3.860450e-005
 3.317500e+002  3.894920e-005
 3.323687e+002  4.307158e-005
 3.329875e+002  4.678224e-005
 3.336062e+002  4.119097e-005
 3.342250e+002  4.219617e-005
 3.348437e+002  4.086481e-005
 3.354625e+002  4.122500e-005
 3.360812e+002  4.224690e-005
 3.367000e+002  3.842225e-005
 3.373187e+002  4.234733e-005
 3.379375e+002  3.465861e-005
 3.385562e+002  3.994393e-005
 3.391750e+002  3.904588e-005
 3.397937e+002  3.787488e-005
 3.404125e+002  4.174906e-005
 3.410312e+002  4.448474e-005
 3.416500e+002  3.922259e-005
 3.422687e+002  3.816486e-005
 3.428875e+002  4.114817e-005
 3.435062e+002  3.692144e-005
 3.441250e+002  3.868690e-005
 3.447437e+002  3.796075e-005
 3.453625e+002  4.150565e-005
 3.459812e+002  4.188335e-005
 3.466000e+002  3.932885e-005
 3.472187e+002  3.945372e-005
 3.478375e+002  3.890317e-005
 3.484562e+002  4.217793e-005
 3.490750e+002  4.079947e-005
 3.496937e+002  6.401395e-005
 3.503125e+002  1.044485e-004
 3.509312e+002  6.448839e-005
 3.515500e+002  4.190042e-005
 3.521687e+002  4.492029e-005
 3.527875e+002  4.221344e-005
 3.534062e+002  3.767614e-005
 3.540250e+002  3.629634e-005
 3.546437e+002  3.409741e-005
 3.552625e+002  4.101533e-005
 3.558812e+002  4.090658e-005
 3.565000e+002  4.488792e-005
 3.571187e+002  3.936583e-005
 3.577375e+002  4.340352e-005
 3.583562e+002  4.058625e-005
 3.589750e+002  3.583487e-005
 3.595937e+002  7.991890e-005
 3.602125e+002  1.259855e-004
 3.608312e+002  6.296454e-005
 3.614500e+002  3.583292e-005
 3.620687e+002  3.617514e-005
 3.626875e+002  4.073132e-005
 3.633062e+002  3.874458e-005
 3.639250e+002  3.719036e-005
 3.645437e+002  3.979472e-005
 3.651625e+002  3.899757e-005
 3.657812e+002  3.697736e-005
 3.664000e+002  3.280571e-005
 3.670187e+002  3.516866e-005
 3.676375e+002  3.471999e-005
 3.682562e+002  3.704593e-005
 3.688750e+002  3.776625e-005
 3.694937e+002  3.503163e-005
 3.701125e+002  3.146626e-005
 3.707312e+002  3.383865e-005
 3.713500e+002  3.167866e-005
 3.719687e+002  3.448156e-005
 3.725875e+002  3.181675e-005
 3.732062e+002  3.504525e-005
 3.738250e+002  3.859923e-005
 3.744437e+002  3.762109e-005
 3.750625e+002  4.156191e-005
 3.756812e+002  4.021862e-005
 3.763000e+002  4.028123e-005
 3.769187e+002  4.023403e-005
 3.775375e+002  3.718221e-005
 3.781562e+002  3.516564e-005
 3.787750e+002  3.558478e-005
 3.793937e+002  4.017999e-005
 3.800125e+002  3.858434e-005
 3.806312e+002  3.300457e-005
 3.812500e+002  3.484319e-005
 3.818687e+002  3.691633e-005
 3.824875e+002  3.631041e-005
 3.831062e+002  3.250655e-005
 3.837250e+002  3.301421e-005
 3.843437e+002  3.235346e-005
 3.849625e+002  3.577019e-005
 3.855812e+002  3.190617e-005
 3.862000e+002  3.018711e-005
 3.868187e+002  3.309057e-005
 3.874375e+002  3.568568e-005
 3.880562e+002  3.646952e-005
 3.886750e+002  3.549296e-005
 3.892937e+002  3.595874e-005
 3.899125e+002  3.521789e-005
 3.905312e+002  3.157783e-005
 3.911500e+002  2.959328e-005
 3.917687e+002  3.195493e-005
 3.923875e+002  3.371756e-005
 3.930062e+002  3.186432e-005
 3.936250e+002  3.222733e-005
 3.942437e+002  3.550673e-005
 3.948625e+002  3.480530e-005
 3.954812e+002  3.533104e-005
 3.961000e+002  3.746105e-005
 3.967187e+002  3.441363e-005
 3.973375e+002  3.361752e-005
 3.979562e+002  3.312855e-005
 3.985750e+002  3.461017e-005
 3.991937e+002  3.690207e-005
 3.998125e+002  6.674759e-005
 4.004312e+002  9.084891e-005
 4.010500e+002  4.781472e-005
 4.016687e+002  3.482081e-005
 4.022875e+002  3.439069e-005
 4.029062e+002  3.266085e-005
 4.035250e+002  3.418302e-005
 4.041437e+002  3.291504e-005
 4.047625e+002  3.291842e-005
 4.053812e+002  3.407841e-005
 4.060000e+002  3.360682e-005
 4.066187e+002  3.704786e-005
 4.072375e+002  3.518754e-005
 4.078562e+002  3.495720e-005
 4.084750e+002  3.924569e-005
 4.090937e+002  3.484422e-005
 4.097125e+002  3.253429e-005
 4.103312e+002  3.265660e-005
 4.109500e+002  3.414357e-005
 4.115687e+002  3.447336e-005
 4.121875e+002  2.974898e-005
 4.128062e+002  3.423613e-005
 4.134250e+002  3.454733e-005
 4.140437e+002  3.667630e-005
 4.146625e+002  3.463341e-005
 4.152812e+002  3.236277e-005
 4.159000e+002  3.424579e-005
 4.165187e+002  3.368607e-005
 4.171375e+002  3.112740e-005
 4.177562e+002  3.264250e-005
 4.183750e+002  3.211887e-005
 4.189937e+002  2.949626e-005
 4.196125e+002  7.873556e-005
 4.202312e+002  1.281102e-004
 4.208500e+002  5.778601e-005
 4.214687e+002  3.376676e-005
 4.220875e+002  3.477538e-005
 4.227062e+002  3.147060e-005
 4.233250e+002  3.312292e-005
 4.239437e+002  3.245802e-005
 4.245625e+002  3.123873e-005
 4.251812e+002  3.117668e-005
 4.258000e+002  3.054074e-005
 4.264187e+002  3.132432e-005
 4.270375e+002  2.971296e-005
 4.276562e+002  3.206018e-005
 4.282750e+002  3.169460e-005
 4.288937e+002  3.269328e-005
 4.295125e+002  3.333120e-005
 4.301312e+002  3.032368e-005
 4.307500e+002  3.333195e-005
 4.313687e+002  3.623280e-005
 4.319875e+002  3.519031e-005
 4.326062e+002  3.089532e-005
 4.332250e+002  3.258281e-005
 4.338437e+002  3.579482e-005
 4.344625e+002  3.095988e-005
 4.350812e+002  2.972200e-005
 4.357000e+002  3.329747e-005
 4.363187e+002  3.413696e-005
 4.369375e+002  3.354340e-005
 4.375562e+002  2.955816e-005
 4.381750e+002  3.110252e-005
 4.387937e+002  3.157996e-005
 4.394125e+002  3.365709e-005
 4.400312e+002  3.176605e-005
 4.406500e+002  3.384987e-005
 4.412687e+002  3.507996e-005
 4.418875e+002  3.421029e-005
 4.425062e+002  3.283032e-005
 4.431250e+002  3.176623e-005
 4.437437e+002  3.436335e-005
 4.443625e+002  3.601564e-005
 4.449812e+002  3.461461e-005
 4.456000e+002  3.292134e-005
 4.462187e+002  2.903921e-005
 4.468375e+002  3.070987e-005
 4.474562e+002  3.090540e-005
 4.480750e+002  2.964744e-005
 4.486937e+002  3.298113e-005
 4.493125e+002  5.020734e-005
 4.499312e+002  2.033136e-004
 4.505500e+002  2.491343e-004
 4.511687e+002  8.454718e-005
 4.517875e+002  3.063825e-005
 4.524062e+002  3.058443e-005
 4.530250e+002  3.016328e-005
 4.536437e+002  2.937154e-005
 4.542625e+002  3.071594e-005
 4.548812e+002  3.559520e-005
 4.555000e+002  3.537289e-005
 4.561187e+002  3.311055e-005
 4.567375e+002  3.158204e-005
 4.573562e+002  2.814665e-005
 4.579750e+002  2.848625e-005
 4.585937e+002  3.114516e-005
 4.592125e+002  3.167180e-005
 4.598312e+002  3.399704e-005
 4.604500e+002  3.306565e-005
 4.610687e+002  2.728712e-005
 4.616875e+002  2.574337e-005
 4.623062e+002  2.994272e-005
 4.629250e+002  3.148851e-005
 4.635437e+002  2.987384e-005
 4.641625e+002  2.869990e-005
 4.647812e+002  2.990376e-005
 4.654000e+002  3.215082e-005
 4.660187e+002  3.122139e-005
 4.666375e+002  3.020522e-005
 4.672562e+002  3.290791e-005
 4.678750e+002  3.080510e-005
 4.684937e+002  3.028810e-005
 4.691125e+002  3.199847e-005
 4.697312e+002  3.009644e-005
 4.703500e+002  2.895071e-005
 4.709687e+002  2.840857e-005
 4.715875e+002  2.887104e-005
 4.722062e+002  2.595076e-005
 4.728250e+002  2.797256e-005
 4.734437e+002  3.078286e-005
 4.740625e+002  3.227794e-005
 4.746812e+002  3.215447e-005
 4.753000e+002  3.204104e-005
 4.759187e+002  2.947213e-005
 4.765375e+002  2.728446e-005
 4.771562e+002  2.982395e-005
 4.777750e+002  3.022175e-005
 4.783937e+002  3.135457e-005
 4.790125e+002  3.131743e-005
 4.796312e+002  7.664577e-005
 4.802500e+002  1.206343e-004
 4.808687e+002  5.247478e-005
 4.814875e+002  3.155800e-005
 4.821062e+002  2.890005e-005
 4.827250e+002  2.694753e-005
 4.833437e+002  2.980523e-005
 4.839625e+002  3.144954e-005
 4.845812e+002  2.984021e-005
 4.852000e+002  3.013009e-005
 4.858187e+002  2.711855e-005
 4.864375e+002  2.621588e-005
 4.870562e+002  2.926295e-005
 4.876750e+002  3.210601e-005
 4.882937e+002  2.958328e-005
 4.889125e+002  3.159683e-005
 4.895312e+002  3.061289e-005
 4.901500e+002  2.908179e-005
 4.907687e+002  2.750703e-005
 4.913875e+002  2.701596e-005
 4.920062e+002  2.656017e-005
 4.926250e+002  2.630169e-005
 4.932437e+002  2.828371e-005
 4.938625e+002  3.123486e-005
 4.944812e+002  3.265103e-005
 4.951000e+002  3.045593e-005
 4.957187e+002  3.074547e-005
 4.963375e+002  2.664480e-005
 4.969562e+002  2.653950e-005
 4.975750e+002  2.992865e-005
 4.981937e+002  3.323412e-005
 4.988125e+002  3.341826e-005
 4.994312e+002  3.269334e-005
 5.000500e+002  5.753886e-005
 5.006687e+002  6.485501e-005
 5.012875e+002  3.810318e-005
 5.019062e+002  3.060648e-005
 5.025250e+002  2.826332e-005
 5.031437e+002  3.001696e-005
 5.037625e+002  3.049024e-005
 5.043812e+002  2.853649e-005
 5.050000e+002  3.010755e-005
 5.056187e+002  3.012654e-005
 5.062375e+002  3.050240e-005
 5.068562e+002  3.034403e-005
 5.074750e+002  3.013634e-005
 5.080937e+002  2.799052e-005
 5.087125e+002  2.870685e-005
 5.093312e+002  3.066773e-005
 5.099500e+002  3.236289e-005
 5.105687e+002  3.118669e-005
 5.111875e+002  2.796115e-005
 5.118062e+002  3.148970e-005
 5.124250e+002  3.194331e-005
 5.130437e+002  3.140367e-005
 5.136625e+002  3.119408e-005
 5.142812e+002  2.843321e-005
 5.149000e+002  2.748050e-005
 5.155187e+002  2.681558e-005
 5.161375e+002  3.038851e-005
 5.167562e+002  3.021875e-005
 5.173750e+002  2.873160e-005
 5.179937e+002  2.821734e-005
 5.186125e+002  2.782581e-005
 5.192312e+002  2.655074e-005
 5.198500e+002  2.284629e-005
 5.204687e+002  2.337183e-005
 5.210875e+002  2.445535e-005
 5.217062e+002  2.804579e-005
 5.223250e+002  2.788503e-005
 5.229437e+002  2.898359e-005
 5.235625e+002  3.078410e-005
 5.241812e+002  2.944032e-005
 5.248000e+002  3.278974e-005
 5.254187e+002  3.238099e-005
 5.260375e+002  3.116892e-005
 5.266562e+002  2.908686e-005
 5.272750e+002  2.470575e-005
 5.278937e+002  2.250253e-005
 5.285125e+002  2.578987e-005
 5.291312e+002  3.127575e-005
 5.297500e+002  3.395489e-005
 5.303687e+002  2.881524e-005
 5.309875e+002  2.525420e-005
 5.316062e+002  2.907490e-005
 5.322250e+002  2.826011e-005
 5.328437e+002  2.818557e-005
 5.334625e+002  2.939490e-005
 5.340812e+002  2.799032e-005
 5.347000e+002  2.999798e-005
 5.353187e+002  3.061297e-005
 5.359375e+002  2.965570e-005
 5.365562e+002  2.952270e-005
 5.371750e+002  2.873281e-005
 5.377937e+002  2.553023e-005
 5.384125e+002  2.528705e-005
 5.390312e+002  2.752862e-005
 5.396500e+002  7.615083e-005
 5.402687e+002  1.247089e-004
 5.408875e+002  6.109365e-005
 5.415062e+002  2.698540e-005
 5.421250e+002  3.087991e-005
 5.427437e+002  2.832799e-005
 5.433625e+002  2.544584e-005
 5.439812e+002  2.704739e-005
 5.446000e+002  2.571223e-005
 5.452187e+002  2.602321e-005
 5.458375e+002  2.501841e-005
 5.464562e+002  2.706871e-005
 5.470750e+002  2.873466e-005
 5.476937e+002  2.591106e-005
 5.483125e+002  2.501783e-005
 5.489312e+002  2.805744e-005
 5.495500e+002  3.424480e-005
 5.501687e+002  5.838715e-005
 5.507875e+002  5.347075e-005
 5.514062e+002  2.745972e-005
 5.520250e+002  3.097537e-005
 5.526437e+002  2.871045e-005
 5.532625e+002  2.610616e-005
 5.538812e+002  2.836375e-005
 5.545000e+002  2.464214e-005
 5.551187e+002  2.339891e-005
 5.557375e+002  2.630855e-005
 5.563562e+002  2.599569e-005
 5.569750e+002  2.776297e-005
 5.575937e+002  2.872341e-005
 5.582125e+002  2.797043e-005
 5.588312e+002  2.657310e-005
 5.594500e+002  2.393525e-005
 5.600687e+002  2.373418e-005
 5.606875e+002  2.711759e-005
 5.613062e+002  2.526753e-005
 5.619250e+002  2.476683e-005
 5.625437e+002  2.494626e-005
 5.631625e+002  2.721212e-005
 5.637812e+002  2.958043e-005
 5.644000e+002  2.753295e-005
 5.650187e+002  2.692624e-005
 5.656375e+002  2.344575e-005
 5.662562e+002  2.553320e-005
 5.668750e+002  2.685203e-005
 5.674937e+002  2.437653e-005
 5.681125e+002  2.444690e-005
 5.687312e+002  2.657365e-005
 5.693500e+002  2.520459e-005
 5.699687e+002  2.673158e-005
 5.705875e+002  2.850098e-005
 5.712062e+002  2.703285e-005
 5.718250e+002  2.826573e-005
 5.724437e+002  2.782781e-005
 5.730625e+002  2.891658e-005
 5.736812e+002  2.741506e-005
 5.743000e+002  3.106486e-005
 5.749187e+002  3.102415e-005
 5.755375e+002  2.709042e-005
 5.761562e+002  2.368060e-005
 5.767750e+002  2.425873e-005
 5.773937e+002  2.602374e-005
 5.780125e+002  2.728016e-005
 5.786312e+002  2.475110e-005
 5.792500e+002  2.371044e-005
 5.798687e+002  2.414257e-005
 5.804875e+002  2.522807e-005
 5.811062e+002  2.229372e-005
 5.817250e+002  2.422689e-005
 5.823437e+002  2.837419e-005
 5.829625e+002  2.770833e-005
 5.835812e+002  2.736148e-005
 5.842000e+002  2.887376e-005
 5.848187e+002  2.677921e-005
 5.854375e+002  2.435924e-005
 5.860562e+002  2.385126e-005
 5.866750e+002  2.547604e-005
 5.872937e+002  2.520096e-005
 5.879125e+002  2.484514e-005
 5.885312e+002  2.640619e-005
 5.891500e+002  2.541708e-005
 5.897687e+002  2.717561e-005
 5.903875e+002  2.849374e-005
 5.910062e+002  2.914338e-005
 5.916250e+002  2.785084e-005
 5.922437e+002  2.731464e-005
 5.928625e+002  2.639841e-005
 5.934812e+002  2.657389e-005
 5.941000e+002  2.393919e-005
 5.947187e+002  2.488757e-005
 5.953375e+002  2.566842e-005
 5.959562e+002  2.585469e-005
 5.965750e+002  2.423156e-005
 5.971937e+002  2.667268e-005
 5.978125e+002  2.527465e-005
 5.984312e+002  2.369052e-005
 5.990500e+002  2.563006e-005
 5.996687e+002  7.959516e-005
 6.002875e+002  1.387581e-004
 6.009062e+002  7.349028e-005
 6.015250e+002  2.791002e-005
 6.021437e+002  2.777336e-005
 6.027625e+002  2.724456e-005
 6.033812e+002  2.440881e-005
 6.040000e+002  2.738401e-005
 6.046187e+002  2.813145e-005
 6.052375e+002  2.549393e-005
 6.058562e+002  2.788051e-005
 6.064750e+002  2.770778e-005
 6.070937e+002  2.910400e-005
 6.077125e+002  2.916287e-005
 6.083312e+002  2.974924e-005
 6.089500e+002  2.752663e-005
 6.095687e+002  2.718426e-005
 6.101875e+002  2.637786e-005
 6.108062e+002  2.464409e-005
 6.114250e+002  2.566617e-005
 6.120437e+002  2.747631e-005
 6.126625e+002  2.381638e-005
 6.132812e+002  2.482566e-005
 6.139000e+002  2.328791e-005
 6.145187e+002  2.206368e-005
 6.151375e+002  2.222075e-005
 6.157562e+002  2.490535e-005
 6.163750e+002  2.606363e-005
 6.169937e+002  2.687936e-005
 6.176125e+002  2.754822e-005
 6.182312e+002  2.812089e-005
 6.188500e+002  2.609219e-005
 6.194687e+002  2.428430e-005
 6.200875e+002  2.653761e-005
 6.207062e+002  2.853328e-005
 6.213250e+002  2.559604e-005
 6.219437e+002  2.701269e-005
 6.225625e+002  2.746689e-005
 6.231812e+002  2.526965e-005
 6.238000e+002  2.214741e-005
 6.244187e+002  2.473693e-005
 6.250375e+002  2.417056e-005
 6.256562e+002  2.168881e-005
 6.262750e+002  2.517804e-005
 6.268937e+002  2.807362e-005
 6.275125e+002  2.511003e-005
 6.281312e+002  2.653254e-005
 6.287500e+002  2.812630e-005
 6.293687e+002  2.272192e-005
 6.299875e+002  2.633953e-005
 6.306062e+002  2.733886e-005
 6.312250e+002  2.648968e-005
 6.318437e+002  2.711598e-005
 6.324625e+002  2.541582e-005
 6.330812e+002  2.232757e-005
 6.337000e+002  1.840699e-005
 6.343187e+002  2.138672e-005
 6.349375e+002  2.460138e-005
 6.355562e+002  2.613327e-005
 6.361750e+002  2.701022e-005
 6.367937e+002  2.489581e-005
 6.374125e+002  2.553194e-005
 6.380312e+002  2.467466e-005
 6.386500e+002  2.223568e-005
 6.392687e+002  2.383002e-005
 6.398875e+002  2.572578e-005
 6.405062e+002  2.685915e-005
 6.411250e+002  2.585068e-005
 6.417437e+002  2.682130e-005
 6.423625e+002  2.280630e-005
 6.429812e+002  2.573244e-005
 6.436000e+002  2.722171e-005
 6.442187e+002  2.637863e-005
 6.448375e+002  2.372636e-005
 6.454562e+002  2.402440e-005
 6.460750e+002  2.243974e-005
 6.466937e+002  2.359517e-005
 6.473125e+002  2.290301e-005
 6.479312e+002  2.600681e-005
 6.485500e+002  2.673574e-005
 6.491687e+002  2.440510e-005
 6.497875e+002  4.157487e-005
 6.504062e+002  8.262349e-005
 6.510250e+002  5.930181e-005
 6.516437e+002  2.589963e-005
 6.522625e+002  2.359882e-005
 6.528812e+002  2.416426e-005
 6.535000e+002  2.635425e-005
 6.541187e+002  2.479858e-005
 6.547375e+002  2.534931e-005
 6.553562e+002  2.602202e-005
 6.559750e+002  2.570064e-005
 6.565937e+002  2.524623e-005
 6.572125e+002  2.261236e-005
 6.578312e+002  2.536450e-005
 6.584500e+002  2.532426e-005
 6.590687e+002  2.527991e-005
 6.596875e+002  6.521421e-005
 6.603062e+002  1.102196e-004
 6.609250e+002  5.026951e-005
 6.615437e+002  2.333693e-005
 6.621625e+002  2.631841e-005
 6.627812e+002  2.579287e-005
 6.634000e+002  2.248602e-005
 6.640187e+002  2.610793e-005
 6.646375e+002  2.433021e-005
 6.652562e+002  2.384606e-005
 6.658750e+002  2.624070e-005
 6.664937e+002  2.586109e-005
 6.671125e+002  2.507630e-005
 6.677312e+002  2.435478e-005
 6.683500e+002  2.329286e-005
 6.689687e+002  2.348081e-005
 6.695875e+002  2.363660e-005
 6.702062e+002  2.417206e-005
 6.708250e+002  2.433385e-005
 6.714437e+002  2.859304e-005
 6.720625e+002  2.885193e-005
 6.726812e+002  2.639690e-005
 6.733000e+002  2.329709e-005
 6.739187e+002  2.067665e-005
 6.745375e+002  2.282855e-005
 6.751562e+002  2.548938e-005
 6.757750e+002  2.537384e-005
 6.763937e+002  2.410680e-005
 6.770125e+002  2.280228e-005
 6.776312e+002  2.492633e-005
 6.782500e+002  2.769146e-005
 6.788687e+002  2.849361e-005
 6.794875e+002  2.591182e-005
 6.801062e+002  2.557486e-005
 6.807250e+002  2.249636e-005
 6.813437e+002  2.148090e-005
 6.819625e+002  2.367955e-005
 6.825812e+002  2.531782e-005
 6.832000e+002  2.352351e-005
 6.838187e+002  2.643151e-005
 6.844375e+002  2.577593e-005
 6.850562e+002  2.413743e-005
 6.856750e+002  2.759304e-005
 6.862937e+002  2.653505e-005
 6.869125e+002  2.522030e-005
 6.875312e+002  2.346745e-005
 6.881500e+002  2.227246e-005
 6.887687e+002  2.617814e-005
 6.893875e+002  2.715969e-005
 6.900062e+002  2.356333e-005
 6.906250e+002  2.344788e-005
 6.912437e+002  2.181936e-005
 6.918625e+002  2.456920e-005
 6.924812e+002  2.819747e-005
 6.931000e+002  2.803597e-005
 6.937187e+002  2.533246e-005
 6.943375e+002  2.304839e-005
 6.949562e+002  2.400372e-005
 6.955750e+002  2.592114e-005
 6.961937e+002  2.595594e-005
 6.968125e+002  2.700711e-005
 6.974312e+002  2.671241e-005
 6.980500e+002  2.630875e-005
 6.986687e+002  2.678028e-005
 6.992875e+002  2.765386e-005
 6.999062e+002  3.558923e-005
 7.005250e+002  5.168139e-005
 7.011437e+002  3.553364e-005
 7.017625e+002  2.229304e-005
 7.023812e+002  2.385022e-005
 7.030000e+002  2.511859e-005
 7.036187e+002  2.131875e-005
 7.042375e+002  2.324303e-005
 7.048562e+002  2.470908e-005
 7.054750e+002  2.689142e-005
 7.060937e+002  2.388009e-005
 7.067125e+002  2.286108e-005
 7.073312e+002  2.120843e-005
 7.079500e+002  2.499725e-005
 7.085687e+002  2.674067e-005
 7.091875e+002  2.273162e-005
 7.098062e+002  2.311499e-005
 7.104250e+002  2.539942e-005
 7.110437e+002  2.492628e-005
 7.116625e+002  2.559701e-005
 7.122812e+002  2.785524e-005
 7.129000e+002  2.654530e-005
 7.135187e+002  2.387009e-005
 7.141375e+002  2.344879e-005
 7.147562e+002  2.272128e-005
 7.153750e+002  2.306585e-005
 7.159937e+002  2.288136e-005
 7.166125e+002  2.692642e-005
 7.172312e+002  2.346659e-005
 7.178500e+002  2.081849e-005
 7.184687e+002  2.206245e-005
 7.190875e+002  2.285420e-005
 7.197062e+002  5.970440e-005
 7.203250e+002  1.065648e-004
 7.209437e+002  5.441181e-005
 7.215625e+002  2.417306e-005
 7.221812e+002  2.397411e-005
 7.228000e+002  2.405536e-005
 7.234187e+002  2.502599e-005
 7.240375e+002  2.337506e-005
 7.246562e+002  2.418894e-005
 7.252750e+002  2.421588e-005
 7.258937e+002  2.375915e-005
 7.265125e+002  2.385756e-005
 7.271312e+002  2.207952e-005
 7.277500e+002  2.228841e-005
 7.283687e+002  2.341487e-005
 7.289875e+002  2.443392e-005
 7.296062e+002  2.181496e-005
 7.302250e+002  2.231474e-005
 7.308437e+002  2.270711e-005
 7.314625e+002  2.498377e-005
 7.320812e+002  2.218696e-005
 7.327000e+002  2.167810e-005
 7.333187e+002  2.082570e-005
 7.339375e+002  2.027151e-005
 7.345562e+002  2.206311e-005
 7.351750e+002  2.611626e-005
 7.357937e+002  2.437688e-005
 7.364125e+002  2.290702e-005
 7.370312e+002  2.328202e-005
 7.376500e+002  2.249872e-005
 7.382687e+002  2.365816e-005
 7.388875e+002  2.454112e-005
 7.395062e+002  2.435491e-005
 7.401250e+002  2.424881e-005
 7.407437e+002  2.259663e-005
 7.413625e+002  2.008465e-005
 7.419812e+002  1.933528e-005
 7.426000e+002  1.972573e-005
 7.432187e+002  1.959238e-005
 7.438375e+002  2.021718e-005
 7.444562e+002  2.510558e-005
 7.450750e+002  2.390974e-005
 7.456937e+002  2.277398e-005
 7.463125e+002  2.218056e-005
 7.469312e+002  2.336784e-005
 7.475500e+002  2.088280e-005
 7.481687e+002  2.537417e-005
 7.487875e+002  2.561674e-005
 7.494062e+002  2.857176e-005
 7.500250e+002  7.879095e-005
 7.506437e+002  1.168857e-004
 7.512625e+002  5.850491e-005
 7.518812e+002  2.229919e-005
 7.525000e+002  2.333115e-005
 7.531187e+002  2.514926e-005
 7.537375e+002  2.259024e-005
 7.543562e+002  1.947777e-005
 7.549750e+002  2.336476e-005
 7.555937e+002  2.395470e-005
 7.562125e+002  2.342041e-005
 7.568312e+002  2.496079e-005
 7.574500e+002  2.359148e-005
 7.580687e+002  2.431175e-005
 7.586875e+002  2.368650e-005
 7.593062e+002  2.263442e-005
 7.599250e+002  2.200392e-005
 7.605437e+002  2.358062e-005
 7.611625e+002  2.395364e-005
 7.617812e+002  2.009590e-005
 7.624000e+002  2.248629e-005
 7.630187e+002  2.523631e-005
 7.636375e+002  2.643854e-005
 7.642562e+002  2.297102e-005
 7.648750e+002  2.367380e-005
 7.654937e+002  2.395797e-005
 7.661125e+002  2.609164e-005
 7.667312e+002  2.485754e-005
 7.673500e+002  2.292165e-005
 7.679687e+002  2.377786e-005
 7.685875e+002  1.966875e-005
 7.692062e+002  2.191985e-005
 7.698250e+002  2.348308e-005
 7.704437e+002  2.344706e-005
 7.710625e+002  2.355811e-005
 7.716812e+002  2.171905e-005
 7.723000e+002  1.999202e-005
 7.729187e+002  2.095930e-005
 7.735375e+002  2.239101e-005
 7.741562e+002  2.607484e-005
 7.747750e+002  2.417634e-005
 7.753937e+002  2.421218e-005
 7.760125e+002  2.508122e-005
 7.766312e+002  2.427938e-005
 7.772500e+002  2.063929e-005
 7.778687e+002  1.939793e-005
 7.784875e+002  2.207261e-005
 7.791062e+002  2.441789e-005
 7.797250e+002  6.175275e-005
 7.803437e+002  1.044188e-004
 7.809625e+002  5.008462e-005
 7.815812e+002  2.127723e-005
 7.822000e+002  2.254900e-005
 7.828187e+002  2.259447e-005
 7.834375e+002  2.306526e-005
 7.840562e+002  2.455017e-005
 7.846750e+002  2.412303e-005
 7.852937e+002  2.357625e-005
 7.859125e+002  2.146269e-005
 7.865312e+002  2.133725e-005
 7.871500e+002  2.262356e-005
 7.877687e+002  2.403540e-005
 7.883875e+002  2.391538e-005
 7.890062e+002  2.466592e-005
 7.896250e+002  2.251600e-005
 7.902437e+002  2.318917e-005
 7.908625e+002  2.539493e-005
 7.914812e+002  2.491322e-005
 7.921000e+002  2.198714e-005
 7.927187e+002  2.303850e-005
 7.933375e+002  2.334251e-005
 7.939562e+002  2.242728e-005
 7.945750e+002  2.319371e-005
 7.951937e+002  2.245161e-005
 7.958125e+002  2.125930e-005
 7.964312e+002  2.501613e-005
 7.970500e+002  2.253331e-005
 7.976687e+002  2.018504e-005
 7.982875e+002  2.172481e-005
 7.989062e+002  2.151447e-005
 7.995250e+002  2.320193e-005
 8.001437e+002  3.809679e-005
 8.007625e+002  4.587789e-005
 8.013812e+002  3.081639e-005
 8.020000e+002  2.278341e-005
 8.026187e+002  2.103027e-005
 8.032375e+002  2.170590e-005
 8.038562e+002  2.234156e-005
 8.044750e+002  2.161733e-005
 8.050937e+002  2.346605e-005
 8.057125e+002  2.304704e-005
 8.063312e+002  2.366503e-005
 8.069500e+002  2.471098e-005
 8.075687e+002  2.234601e-005
 8.081875e+002  2.537874e-005
 8.088062e+002  2.550152e-005
 8.094250e+002  2.420907e-005
 8.100437e+002  2.283296e-005
 8.106625e+002  2.101992e-005
 8.112812e+002  2.162789e-005
 8.119000e+002  2.235740e-005
 8.125187e+002  2.168607e-005
 8.131375e+002  2.208638e-005
 8.137562e+002  2.177657e-005
 8.143750e+002  2.016786e-005
 8.149937e+002  1.916962e-005
 8.156125e+002  2.024599e-005
 8.162312e+002  2.195564e-005
 8.168500e+002  1.974776e-005
 8.174687e+002  2.391001e-005
 8.180875e+002  2.262799e-005
 8.187062e+002  2.135656e-005
 8.193250e+002  2.146596e-005
 8.199437e+002  1.999326e-005
 8.205625e+002  2.056064e-005
 8.211812e+002  2.091652e-005
 8.218000e+002  2.056974e-005
 8.224187e+002  1.985509e-005
 8.230375e+002  1.982672e-005
 8.236562e+002  2.042218e-005
 8.242750e+002  2.337693e-005
 8.248937e+002  2.278353e-005
 8.255125e+002  2.271669e-005
 8.261312e+002  2.138500e-005
 8.267500e+002  2.163599e-005
 8.273687e+002  2.300781e-005
 8.279875e+002  2.040242e-005
 8.286062e+002  2.188308e-005
 8.292250e+002  2.373762e-005
 8.298437e+002  2.110543e-005
 8.304625e+002  2.038855e-005
 8.310812e+002  2.063736e-005
 8.317000e+002  2.156325e-005
 8.323187e+002  2.283503e-005
 8.329375e+002  2.090239e-005
 8.335562e+002  1.779529e-005
 8.341750e+002  1.946729e-005
 8.347937e+002  2.143293e-005
 8.354125e+002  2.194046e-005
 8.360312e+002  2.458708e-005
 8.366500e+002  2.377214e-005
 8.372687e+002  2.292695e-005
 8.378875e+002  2.336460e-005
 8.385062e+002  2.298030e-005
 8.391250e+002  2.220206e-005
 8.397437e+002  5.652075e-005
 8.403625e+002  1.029246e-004
 8.409812e+002  5.384732e-005
 8.416000e+002  2.447064e-005
 8.422187e+002  2.374721e-005
 8.428375e+002  2.202557e-005
 8.434562e+002  2.046680e-005
 8.440750e+002  2.117619e-005
 8.446937e+002  2.250606e-005
 8.453125e+002  2.059794e-005
 8.459312e+002  2.179405e-005
 8.465500e+002  2.046420e-005
 8.471687e+002  2.088693e-005
 8.477875e+002  2.234798e-005
 8.484062e+002  2.160543e-005
 8.490250e+002  2.134139e-005
 8.496437e+002  2.723575e-005
 8.502625e+002  5.949508e-005
 8.508812e+002  6.992012e-005
 8.515000e+002  3.311545e-005
 8.521187e+002  2.083780e-005
 8.527375e+002  1.790842e-005
 8.533562e+002  1.680637e-005
 8.539750e+002  1.713184e-005
 8.545937e+002  1.921121e-005
 8.552125e+002  2.138678e-005
 8.558312e+002  2.329204e-005
 8.564500e+002  2.270303e-005
 8.570687e+002  2.128313e-005
 8.576875e+002  1.913205e-005
 8.583062e+002  2.133020e-005
 8.589250e+002  2.256871e-005
 8.595437e+002  1.996440e-005
 8.601625e+002  2.121144e-005
 8.607812e+002  1.949713e-005
 8.614000e+002  2.072303e-005
 8.620187e+002  2.174808e-005
 8.626375e+002  1.978139e-005
 8.632562e+002  1.971886e-005
 8.638750e+002  1.953361e-005
 8.644937e+002  1.959005e-005
 8.651125e+002  2.167612e-005
 8.657312e+002  2.244948e-005
 8.663500e+002  2.113049e-005
 8.669687e+002  2.156737e-005
 8.675875e+002  2.166285e-005
 8.682062e+002  2.382040e-005
 8.688250e+002  2.203776e-005
 8.694437e+002  2.259875e-005
 8.700625e+002  2.112901e-005
 8.706812e+002  1.903895e-005
 8.713000e+002  1.884340e-005
 8.719187e+002  1.901937e-005
 8.725375e+002  2.211970e-005
 8.731562e+002  2.623649e-005
 8.737750e+002  2.514591e-005
 8.743937e+002  2.076823e-005
 8.750125e+002  2.077376e-005
 8.756312e+002  2.118774e-005
 8.762500e+002  2.052494e-005
 8.768687e+002  2.170411e-005
 8.774875e+002  2.079621e-005
 8.781062e+002  2.033361e-005
 8.787250e+002  1.765242e-005
 8.793437e+002  1.861309e-005
 8.799625e+002  2.060702e-005
 8.805812e+002  2.334450e-005
 8.812000e+002  2.137969e-005
 8.818187e+002  2.168304e-005
 8.824375e+002  2.162724e-005
 8.830562e+002  2.162923e-005
 8.836750e+002  2.108637e-005
 8.842937e+002  2.350788e-005
 8.849125e+002  2.099467e-005
 8.855312e+002  2.382864e-005
 8.861500e+002  2.192830e-005
 8.867687e+002  2.294516e-005
 8.873875e+002  2.359685e-005
 8.880062e+002  2.124380e-005
 8.886250e+002  2.122795e-005
 8.892437e+002  2.080194e-005
 8.898625e+002  2.121610e-005
 8.904812e+002  2.183170e-005
 8.911000e+002  2.199317e-005
 8.917187e+002  2.461947e-005
 8.923375e+002  2.114103e-005
 8.929562e+002  2.007846e-005
 8.935750e+002  2.226447e-005
 8.941937e+002  2.117598e-005
 8.948125e+002  2.105541e-005
 8.954312e+002  2.227905e-005
 8.960500e+002  2.261325e-005
 8.966687e+002  2.055003e-005
 8.972875e+002  2.009703e-005
 8.979062e+002  2.098899e-005
 8.985250e+002  2.027364e-005
 8.991437e+002  2.271861e-005
 8.997625e+002  5.384300e-005
 9.003812e+002  9.939545e-005
 9.010000e+002  5.821533e-005
 9.016187e+002  2.394978e-005
 9.022375e+002  2.067924e-005
 9.028562e+002  2.186126e-005
 9.034750e+002  2.256790e-005
 9.040937e+002  2.102398e-005
 9.047125e+002  2.079969e-005
 9.053312e+002  2.007667e-005
 9.059500e+002  2.317877e-005
 9.065687e+002  2.130532e-005
 9.071875e+002  1.995947e-005
 9.078062e+002  1.872990e-005
 9.084250e+002  1.834355e-005
 9.090437e+002  1.915140e-005
 9.096625e+002  2.162198e-005
 9.102812e+002  2.190776e-005
 9.109000e+002  1.910788e-005
 9.115187e+002  1.869657e-005
 9.121375e+002  2.061109e-005
 9.127562e+002  2.294884e-005
 9.133750e+002  2.469159e-005
 9.139937e+002  2.480880e-005
 9.146125e+002  2.170300e-005
 9.152312e+002  2.238392e-005
 9.158500e+002  1.950389e-005
 9.164687e+002  2.068624e-005
 9.170875e+002  2.119788e-005
 9.177062e+002  2.128854e-005
 9.183250e+002  2.366193e-005
 9.189437e+002  2.098433e-005
 9.195625e+002  2.136793e-005
 9.201812e+002  2.181424e-005
 9.208000e+002  2.185148e-005
 9.214187e+002  2.323953e-005
 9.220375e+002  2.241509e-005
 9.226562e+002  1.823243e-005
 9.232750e+002  2.081514e-005
 9.238937e+002  2.227083e-005
 9.245125e+002  2.465612e-005
 9.251312e+002  2.456434e-005
 9.257500e+002  2.205247e-005
 9.263687e+002  2.025327e-005
 9.269875e+002  2.057651e-005
 9.276062e+002  2.151513e-005
 9.282250e+002  2.009032e-005
 9.288437e+002  1.982799e-005
 9.294625e+002  2.104784e-005
 9.300812e+002  2.142565e-005
 9.307000e+002  2.124646e-005
 9.313187e+002  2.057854e-005
 9.319375e+002  2.117759e-005
 9.325562e+002  2.216723e-005
 9.331750e+002  2.074229e-005
 9.337937e+002  2.117316e-005
 9.344125e+002  2.065750e-005
 9.350312e+002  2.013983e-005
 9.356500e+002  1.844470e-005
 9.362687e+002  1.996814e-005
 9.368875e+002  2.111568e-005
 9.375062e+002  2.103606e-005
 9.381250e+002  2.033724e-005
 9.387437e+002  2.157646e-005
 9.393625e+002  2.266661e-005
 9.399812e+002  2.248532e-005
 9.406000e+002  2.239846e-005
 9.412187e+002  2.284722e-005
 9.418375e+002  2.064560e-005
 9.424562e+002  1.891941e-005
 9.430750e+002  1.808169e-005
 9.436937e+002  1.829367e-005
 9.443125e+002  1.799877e-005
 9.449312e+002  1.728673e-005
 9.455500e+002  2.130763e-005
 9.461687e+002  2.135981e-005
 9.467875e+002  2.047824e-005
 9.474062e+002  2.187892e-005
 9.480250e+002  2.304390e-005
 9.486437e+002  2.157231e-005
 9.492625e+002  2.208444e-005
 9.498812e+002  2.857663e-005
 9.505000e+002  4.107856e-005
 9.511187e+002  3.672492e-005
 9.517375e+002  2.256815e-005
 9.523562e+002  2.136032e-005
 9.529750e+002  1.964272e-005
 9.535937e+002  2.130286e-005
 9.542125e+002  2.106979e-005
 9.548312e+002  2.158378e-005
 9.554500e+002  1.888657e-005
 9.560687e+002  1.721852e-005
 9.566875e+002  2.020414e-005
 9.573062e+002  2.095599e-005
 9.579250e+002  2.061893e-005
 9.585437e+002  1.974323e-005
 9.591625e+002  1.869060e-005
 9.597812e+002  5.011368e-005
 9.604000e+002  9.600429e-005
 9.610187e+002  5.181384e-005
 9.616375e+002  2.132643e-005
 9.622562e+002  1.892735e-005
 9.628750e+002  1.973318e-005
 9.634937e+002  2.079247e-005
 9.641125e+002  2.170202e-005
 9.647312e+002  2.019293e-005
 9.653500e+002  1.969417e-005
 9.659687e+002  2.045844e-005
 9.665875e+002  1.964792e-005
 9.672062e+002  1.874483e-005
 9.678250e+002  1.946423e-005
 9.684437e+002  1.986962e-005
 9.690625e+002  1.986711e-005
 9.696812e+002  1.939473e-005
 9.703000e+002  2.150556e-005
 9.709187e+002  2.219655e-005
 9.715375e+002  2.020384e-005
 9.721562e+002  1.909374e-005
 9.727750e+002  1.879239e-005
 9.733937e+002  2.059490e-005
 9.740125e+002  1.998729e-005
 9.746312e+002  1.944465e-005
 9.752500e+002  1.977620e-005
 9.758687e+002  1.943640e-005
 9.764875e+002  1.918085e-005
 9.771062e+002  2.211038e-005
 9.777250e+002  2.013205e-005
 9.783437e+002  1.847776e-005
 9.789625e+002  1.922349e-005
 9.795812e+002  2.083070e-005
 9.802000e+002  2.040969e-005
 9.808187e+002  2.088011e-005
 9.814375e+002  2.165716e-005
 9.820562e+002  2.019477e-005
 9.826750e+002  2.114887e-005
 9.832937e+002  2.184144e-005
 9.839125e+002  2.122561e-005
 9.845312e+002  1.951547e-005
 9.851500e+002  2.040035e-005
 9.857687e+002  2.174855e-005
 9.863875e+002  2.198749e-005
 9.870062e+002  2.150439e-005
 9.876250e+002  2.210754e-005
 9.882437e+002  2.225186e-005
 9.888625e+002  2.174505e-005
 9.894812e+002  2.067030e-005
 9.901000e+002  2.014979e-005
 9.907187e+002  1.964913e-005
 9.913375e+002  2.149093e-005
 9.919562e+002  2.246986e-005
 9.925750e+002  2.212679e-005
 9.931937e+002  2.070647e-005
 9.938125e+002  2.174675e-005
 9.944312e+002  2.371431e-005
 9.950500e+002  2.074144e-005
 9.956687e+002  2.202080e-005
 9.962875e+002  2.240647e-005
 9.969062e+002  2.087201e-005
 9.975250e+002  1.959500e-005
 9.981437e+002  1.999091e-005
 9.987625e+002  2.206729e-005
 9.993812e+002  2.219539e-005
 1.000000e+003  2.490654e-005
