 1.000000e+001  6.180466e-004
 1.061875e+001  7.135734e-004
 1.123750e+001  6.168742e-004
 1.185625e+001  6.567974e-004
 1.247500e+001  6.885641e-004
 1.309375e+001  6.465521e-004
 1.371250e+001  7.177119e-004
 1.433125e+001  7.005237e-004
 1.495000e+001  7.671127e-004
 1.556875e+001  8.619725e-004
 1.618750e+001  7.935752e-004
 1.680625e+001  7.687099e-004
 1.742500e+001  9.351228e-004
 1.804375e+001  1.061755e-003
 1.866250e+001  8.111643e-004
 1.928125e+001  7.066035e-004
 1.990000e+001  7.541413e-004
 2.051875e+001  8.320382e-004
 2.113750e+001  7.710700e-004
 2.175625e+001  7.199314e-004
 2.237500e+001  7.416483e-004
 2.299375e+001  7.609171e-004
 2.361250e+001  6.933257e-004
 2.423125e+001  7.783622e-004
 2.485000e+001  7.390032e-004
 2.546875e+001  6.346682e-004
 2.608750e+001  7.687298e-004
 2.670625e+001  7.239427e-004
 2.732500e+001  8.621085e-004
 2.794375e+001  9.328238e-004
 2.856250e+001  7.105624e-004
 2.918125e+001  7.485157e-004
 2.980000e+001  6.610999e-004
 3.041875e+001  6.199174e-004
 3.103750e+001  5.526798e-004
 3.165625e+001  6.271573e-004
 3.227500e+001  5.623152e-004
 3.289375e+001  6.004891e-004
 3.351250e+001  6.630655e-004
 3.413125e+001  6.216548e-004
 3.475000e+001  6.230227e-004
 3.536875e+001  9.188669e-004
 3.598750e+001  8.247985e-004
 3.660625e+001  5.843234e-004
 3.722500e+001  5.308234e-004
 3.784375e+001  4.999349e-004
 3.846250e+001  4.969427e-004
 3.908125e+001  5.032646e-004
 3.970000e+001  5.329223e-004
 4.031875e+001  5.002710e-004
 4.093750e+001  4.605515e-004
 4.155625e+001  4.457206e-004
 4.217500e+001  4.466169e-004
 4.279375e+001  4.511605e-004
 4.341250e+001  4.099817e-004
 4.403125e+001  4.126346e-004
 4.465000e+001  4.467772e-004
 4.526875e+001  4.424203e-004
 4.588750e+001  4.044044e-004
 4.650625e+001  4.338564e-004
 4.712500e+001  4.389300e-004
 4.774375e+001  5.025764e-004
 4.836250e+001  5.616222e-004
 4.898125e+001  1.736857e-003
 4.960000e+001  1.069798e-002
 5.021875e+001  1.229053e-002
 5.083750e+001  3.155512e-003
 5.145625e+001  4.519477e-004
 5.207500e+001  4.600128e-004
 5.269375e+001  4.477702e-004
 5.331250e+001  4.726259e-004
 5.393125e+001  3.904472e-004
 5.455000e+001  3.367245e-004
 5.516875e+001  3.692309e-004
 5.578750e+001  3.602887e-004
 5.640625e+001  3.093530e-004
 5.702500e+001  3.662495e-004
 5.764375e+001  3.536813e-004
 5.826250e+001  3.134869e-004
 5.888125e+001  3.125926e-004
 5.950000e+001  3.271957e-004
 6.011875e+001  3.009886e-004
 6.073750e+001  2.636060e-004
 6.135625e+001  2.547879e-004
 6.197500e+001  2.231036e-004
 6.259375e+001  2.312206e-004
 6.321250e+001  2.674640e-004
 6.383125e+001  2.945762e-004
 6.445000e+001  3.003942e-004
 6.506875e+001  3.030839e-004
 6.568750e+001  2.443858e-004
 6.630625e+001  2.218623e-004
 6.692500e+001  1.913053e-004
 6.754375e+001  2.471674e-004
 6.816250e+001  2.563823e-004
 6.878125e+001  2.535616e-004
 6.940000e+001  2.412653e-004
 7.001875e+001  2.371935e-004
 7.063750e+001  2.515457e-004
 7.125625e+001  2.682070e-004
 7.187500e+001  2.679569e-004
 7.249375e+001  2.385855e-004
 7.311250e+001  2.068286e-004
 7.373125e+001  2.228867e-004
 7.435000e+001  2.006366e-004
 7.496875e+001  1.770522e-004
 7.558750e+001  2.145367e-004
 7.620625e+001  2.151898e-004
 7.682500e+001  2.072771e-004
 7.744375e+001  2.109804e-004
 7.806250e+001  1.871717e-004
 7.868125e+001  1.836168e-004
 7.930000e+001  2.141363e-004
 7.991875e+001  2.245077e-004
 8.053750e+001  2.202304e-004
 8.115625e+001  2.009323e-004
 8.177500e+001  2.150305e-004
 8.239375e+001  1.907263e-004
 8.301250e+001  1.652820e-004
 8.363125e+001  1.720804e-004
 8.425000e+001  1.748868e-004
 8.486875e+001  1.515228e-004
 8.548750e+001  1.546684e-004
 8.610625e+001  1.550828e-004
 8.672500e+001  1.703980e-004
 8.734375e+001  1.589219e-004
 8.796250e+001  1.890047e-004
 8.858125e+001  2.189072e-004
 8.920000e+001  2.845400e-004
 8.981875e+001  1.943284e-004
 9.043750e+001  1.789278e-004
 9.105625e+001  1.637331e-004
 9.167500e+001  1.593422e-004
 9.229375e+001  1.389260e-004
 9.291250e+001  1.481647e-004
 9.353125e+001  1.594535e-004
 9.415000e+001  1.462928e-004
 9.476875e+001  1.438895e-004
 9.538750e+001  1.248973e-004
 9.600625e+001  1.404253e-004
 9.662500e+001  1.425671e-004
 9.724375e+001  1.502214e-004
 9.786250e+001  1.385919e-004
 9.848125e+001  1.371742e-004
 9.910000e+001  1.451629e-004
 9.971875e+001  2.815980e-004
 1.003375e+002  2.451096e-004
 1.009563e+002  1.356841e-004
 1.015750e+002  1.353374e-004
 1.021938e+002  1.300259e-004
 1.028125e+002  1.439620e-004
 1.034313e+002  1.302694e-004
 1.040500e+002  1.344856e-004
 1.046688e+002  1.490736e-004
 1.052875e+002  1.685946e-004
 1.059063e+002  1.554252e-004
 1.065250e+002  1.248029e-004
 1.071438e+002  1.267073e-004
 1.077625e+002  1.438623e-004
 1.083813e+002  1.308813e-004
 1.090000e+002  1.220234e-004
 1.096188e+002  1.240978e-004
 1.102375e+002  1.210346e-004
 1.108563e+002  1.328231e-004
 1.114750e+002  1.190368e-004
 1.120938e+002  1.215651e-004
 1.127125e+002  1.111604e-004
 1.133313e+002  1.346504e-004
 1.139500e+002  1.275832e-004
 1.145688e+002  1.264661e-004
 1.151875e+002  1.272074e-004
 1.158063e+002  9.995352e-005
 1.164250e+002  1.118560e-004
 1.170438e+002  1.007907e-004
 1.176625e+002  8.809955e-005
 1.182813e+002  8.880952e-005
 1.189000e+002  9.478435e-005
 1.195188e+002  1.614898e-004
 1.201375e+002  2.334578e-004
 1.207563e+002  1.482145e-004
 1.213750e+002  1.042421e-004
 1.219938e+002  1.168739e-004
 1.226125e+002  1.163339e-004
 1.232313e+002  1.183264e-004
 1.238500e+002  1.034612e-004
 1.244688e+002  1.044138e-004
 1.250875e+002  1.168262e-004
 1.257063e+002  1.080338e-004
 1.263250e+002  1.163506e-004
 1.269438e+002  9.971238e-005
 1.275625e+002  8.896689e-005
 1.281813e+002  9.369076e-005
 1.288000e+002  1.036289e-004
 1.294188e+002  9.274445e-005
 1.300375e+002  1.067396e-004
 1.306563e+002  1.015030e-004
 1.312750e+002  8.729146e-005
 1.318938e+002  9.798691e-005
 1.325125e+002  1.144638e-004
 1.331313e+002  9.828179e-005
 1.337500e+002  9.916215e-005
 1.343688e+002  9.801474e-005
 1.349875e+002  8.875608e-005
 1.356063e+002  9.573453e-005
 1.362250e+002  9.099725e-005
 1.368438e+002  1.128104e-004
 1.374625e+002  1.078965e-004
 1.380813e+002  9.223571e-005
 1.387000e+002  9.856499e-005
 1.393188e+002  9.362263e-005
 1.399375e+002  8.781702e-005
 1.405563e+002  9.099647e-005
 1.411750e+002  9.010822e-005
 1.417938e+002  7.138824e-005
 1.424125e+002  7.133444e-005
 1.430313e+002  9.081726e-005
 1.436500e+002  9.113086e-005
 1.442688e+002  9.048492e-005
 1.448875e+002  9.235520e-005
 1.455063e+002  1.105492e-004
 1.461250e+002  9.874668e-005
 1.467438e+002  7.283528e-005
 1.473625e+002  9.575711e-005
 1.479813e+002  9.889529e-005
 1.486000e+002  1.218229e-004
 1.492188e+002  1.762036e-003
 1.498375e+002  4.361603e-003
 1.504563e+002  2.675637e-003
 1.510750e+002  1.545946e-004
 1.516938e+002  9.285615e-005
 1.523125e+002  8.707503e-005
 1.529313e+002  9.833984e-005
 1.535500e+002  9.805036e-005
 1.541688e+002  7.622619e-005
 1.547875e+002  7.189190e-005
 1.554063e+002  6.844986e-005
 1.560250e+002  8.533550e-005
 1.566438e+002  9.634959e-005
 1.572625e+002  7.757386e-005
 1.578813e+002  7.296403e-005
 1.585000e+002  8.494811e-005
 1.591188e+002  8.070108e-005
 1.597375e+002  8.665327e-005
 1.603563e+002  9.325114e-005
 1.609750e+002  9.635688e-005
 1.615938e+002  8.527502e-005
 1.622125e+002  7.877795e-005
 1.628313e+002  7.791820e-005
 1.634500e+002  7.465661e-005
 1.640688e+002  7.863947e-005
 1.646875e+002  8.332941e-005
 1.653063e+002  7.931774e-005
 1.659250e+002  8.049514e-005
 1.665438e+002  8.474132e-005
 1.671625e+002  8.151717e-005
 1.677813e+002  8.583927e-005
 1.684000e+002  6.394727e-005
 1.690188e+002  7.647504e-005
 1.696375e+002  6.975650e-005
 1.702563e+002  7.727488e-005
 1.708750e+002  7.788122e-005
 1.714938e+002  7.453677e-005
 1.721125e+002  8.158905e-005
 1.727313e+002  7.616278e-005
 1.733500e+002  7.287508e-005
 1.739688e+002  7.672891e-005
 1.745875e+002  7.836246e-005
 1.752063e+002  7.449113e-005
 1.758250e+002  6.728417e-005
 1.764438e+002  6.645675e-005
 1.770625e+002  8.478399e-005
 1.776813e+002  7.826513e-005
 1.783000e+002  6.823231e-005
 1.789188e+002  6.941689e-005
 1.795375e+002  1.277610e-004
 1.801563e+002  1.863527e-004
 1.807750e+002  9.787238e-005
 1.813938e+002  7.281226e-005
 1.820125e+002  7.331509e-005
 1.826313e+002  7.645489e-005
 1.832500e+002  8.185167e-005
 1.838688e+002  7.387220e-005
 1.844875e+002  7.067898e-005
 1.851063e+002  6.964787e-005
 1.857250e+002  6.658135e-005
 1.863438e+002  6.471968e-005
 1.869625e+002  6.265295e-005
 1.875813e+002  5.891365e-005
 1.882000e+002  5.657073e-005
 1.888188e+002  6.023213e-005
 1.894375e+002  6.029553e-005
 1.900563e+002  7.020106e-005
 1.906750e+002  7.897219e-005
 1.912938e+002  7.234278e-005
 1.919125e+002  7.130947e-005
 1.925313e+002  6.632938e-005
 1.931500e+002  6.305146e-005
 1.937688e+002  6.000778e-005
 1.943875e+002  6.430539e-005
 1.950063e+002  6.236767e-005
 1.956250e+002  6.503979e-005
 1.962438e+002  6.740208e-005
 1.968625e+002  6.401355e-005
 1.974813e+002  5.838769e-005
 1.981000e+002  5.323726e-005
 1.987188e+002  5.082296e-005
 1.993375e+002  1.896017e-004
 1.999563e+002  3.280378e-004
 2.005750e+002  1.593681e-004
 2.011938e+002  5.264160e-005
 2.018125e+002  6.360244e-005
 2.024313e+002  5.099097e-005
 2.030500e+002  4.956735e-005
 2.036688e+002  6.094414e-005
 2.042875e+002  6.208106e-005
 2.049063e+002  5.557953e-005
 2.055250e+002  5.530887e-005
 2.061438e+002  6.033853e-005
 2.067625e+002  5.279268e-005
 2.073813e+002  5.382497e-005
 2.080000e+002  6.095757e-005
 2.086188e+002  5.698194e-005
 2.092375e+002  5.798049e-005
 2.098563e+002  5.801170e-005
 2.104750e+002  6.340682e-005
 2.110938e+002  6.399197e-005
 2.117125e+002  6.278674e-005
 2.123313e+002  5.501537e-005
 2.129500e+002  5.977208e-005
 2.135688e+002  6.995794e-005
 2.141875e+002  7.290512e-005
 2.148063e+002  5.849537e-005
 2.154250e+002  6.367461e-005
 2.160438e+002  6.305143e-005
 2.166625e+002  5.900874e-005
 2.172813e+002  5.419516e-005
 2.179000e+002  5.392456e-005
 2.185188e+002  6.083328e-005
 2.191375e+002  6.270836e-005
 2.197563e+002  6.102186e-005
 2.203750e+002  6.774607e-005
 2.209938e+002  7.007397e-005
 2.216125e+002  7.587209e-005
 2.222313e+002  6.292057e-005
 2.228500e+002  6.474204e-005
 2.234688e+002  6.607394e-005
 2.240875e+002  6.378528e-005
 2.247063e+002  5.936693e-005
 2.253250e+002  6.068112e-005
 2.259438e+002  5.740990e-005
 2.265625e+002  5.652224e-005
 2.271813e+002  6.357852e-005
 2.278000e+002  5.319649e-005
 2.284188e+002  5.343470e-005
 2.290375e+002  5.062146e-005
 2.296563e+002  5.650867e-005
 2.302750e+002  5.946461e-005
 2.308938e+002  5.526678e-005
 2.315125e+002  5.336285e-005
 2.321313e+002  5.389422e-005
 2.327500e+002  4.925731e-005
 2.333688e+002  5.304333e-005
 2.339875e+002  5.350214e-005
 2.346063e+002  5.016714e-005
 2.352250e+002  5.471454e-005
 2.358438e+002  5.653592e-005
 2.364625e+002  5.174716e-005
 2.370813e+002  5.722937e-005
 2.377000e+002  5.777496e-005
 2.383188e+002  5.345501e-005
 2.389375e+002  5.614539e-005
 2.395563e+002  1.087383e-004
 2.401750e+002  1.717232e-004
 2.407938e+002  8.433591e-005
 2.414125e+002  5.026270e-005
 2.420313e+002  5.828730e-005
 2.426500e+002  5.611791e-005
 2.432688e+002  5.850041e-005
 2.438875e+002  5.660743e-005
 2.445063e+002  6.057365e-005
 2.451250e+002  5.284364e-005
 2.457438e+002  5.498822e-005
 2.463625e+002  6.348097e-005
 2.469813e+002  5.429187e-005
 2.476000e+002  5.401519e-005
 2.482188e+002  5.571465e-005
 2.488375e+002  1.667227e-004
 2.494563e+002  1.245563e-003
 2.500750e+002  1.566618e-003
 2.506938e+002  4.679513e-004
 2.513125e+002  6.972626e-005
 2.519313e+002  5.031014e-005
 2.525500e+002  4.844447e-005
 2.531688e+002  5.479384e-005
 2.537875e+002  5.314347e-005
 2.544063e+002  4.182799e-005
 2.550250e+002  4.385007e-005
 2.556438e+002  4.674935e-005
 2.562625e+002  5.670794e-005
 2.568813e+002  5.647092e-005
 2.575000e+002  5.323838e-005
 2.581188e+002  4.701505e-005
 2.587375e+002  5.025967e-005
 2.593563e+002  5.134934e-005
 2.599750e+002  6.007086e-005
 2.605938e+002  6.433196e-005
 2.612125e+002  5.694859e-005
 2.618313e+002  4.484744e-005
 2.624500e+002  4.186173e-005
 2.630688e+002  5.011408e-005
 2.636875e+002  4.907271e-005
 2.643063e+002  5.087120e-005
 2.649250e+002  5.046980e-005
 2.655438e+002  4.298910e-005
 2.661625e+002  4.937558e-005
 2.667813e+002  5.236810e-005
 2.674000e+002  4.791826e-005
 2.680188e+002  5.014469e-005
 2.686375e+002  4.642552e-005
 2.692563e+002  5.023709e-005
 2.698750e+002  5.038529e-005
 2.704938e+002  5.241409e-005
 2.711125e+002  4.908639e-005
 2.717313e+002  4.636254e-005
 2.723500e+002  5.128231e-005
 2.729688e+002  5.186036e-005
 2.735875e+002  4.336048e-005
 2.742063e+002  4.102584e-005
 2.748250e+002  3.868304e-005
 2.754438e+002  4.463644e-005
 2.760625e+002  4.884174e-005
 2.766813e+002  4.771652e-005
 2.773000e+002  4.641256e-005
 2.779188e+002  4.506969e-005
 2.785375e+002  4.139103e-005
 2.791563e+002  4.342814e-005
 2.797750e+002  4.043694e-005
 2.803938e+002  4.253916e-005
 2.810125e+002  4.389724e-005
 2.816313e+002  4.554254e-005
 2.822500e+002  4.868115e-005
 2.828688e+002  4.785575e-005
 2.834875e+002  4.764357e-005
 2.841063e+002  4.851207e-005
 2.847250e+002  3.972798e-005
 2.853438e+002  4.481048e-005
 2.859625e+002  5.097410e-005
 2.865813e+002  4.518013e-005
 2.872000e+002  4.073711e-005
 2.878188e+002  4.518685e-005
 2.884375e+002  4.058010e-005
 2.890563e+002  3.791932e-005
 2.896750e+002  4.346413e-005
 2.902938e+002  4.607045e-005
 2.909125e+002  3.806076e-005
 2.915313e+002  4.050942e-005
 2.921500e+002  4.138178e-005
 2.927688e+002  4.522962e-005
 2.933875e+002  4.753566e-005
 2.940063e+002  4.791111e-005
 2.946250e+002  4.643784e-005
 2.952438e+002  4.780248e-005
 2.958625e+002  4.826841e-005
 2.964813e+002  3.934922e-005
 2.971000e+002  4.428183e-005
 2.977188e+002  4.780884e-005
 2.983375e+002  4.594751e-005
 2.989563e+002  4.844834e-005
 2.995750e+002  1.174861e-004
 3.001938e+002  1.583225e-004
 3.008125e+002  7.107368e-005
 3.014313e+002  4.155850e-005
 3.020500e+002  5.042491e-005
 3.026688e+002  3.308641e-004
 3.032875e+002  4.656017e-004
 3.039063e+002  1.570841e-004
 3.045250e+002  4.455794e-005
 3.051438e+002  4.080730e-005
 3.057625e+002  4.226843e-005
 3.063813e+002  4.123447e-005
 3.070000e+002  4.307588e-005
 3.076188e+002  4.339728e-005
 3.082375e+002  3.952643e-005
 3.088563e+002  4.042382e-005
 3.094750e+002  3.989557e-005
 3.100938e+002  3.378365e-005
 3.107125e+002  3.764140e-005
 3.113313e+002  3.898538e-005
 3.119500e+002  3.846836e-005
 3.125688e+002  4.156231e-005
 3.131875e+002  4.002757e-005
 3.138063e+002  3.707170e-005
 3.144250e+002  4.153866e-005
 3.150437e+002  4.500799e-005
 3.156625e+002  4.231959e-005
 3.162812e+002  4.056418e-005
 3.169000e+002  4.125638e-005
 3.175187e+002  4.010815e-005
 3.181375e+002  4.204725e-005
 3.187562e+002  4.176199e-005
 3.193750e+002  4.014693e-005
 3.199937e+002  4.439160e-005
 3.206125e+002  4.884514e-005
 3.212312e+002  3.925530e-005
 3.218500e+002  3.744219e-005
 3.224687e+002  3.682300e-005
 3.230875e+002  3.626755e-005
 3.237062e+002  3.688757e-005
 3.243250e+002  3.851463e-005
 3.249437e+002  4.025864e-005
 3.255625e+002  3.938455e-005
 3.261812e+002  4.516616e-005
 3.268000e+002  3.812110e-005
 3.274187e+002  3.851353e-005
 3.280375e+002  3.556609e-005
 3.286562e+002  3.479651e-005
 3.292750e+002  3.474967e-005
 3.298937e+002  3.522188e-005
 3.305125e+002  4.347148e-005
 3.311312e+002  4.197789e-005
 3.317500e+002  3.631103e-005
 3.323687e+002  3.926347e-005
 3.329875e+002  3.229495e-005
 3.336062e+002  3.657723e-005
 3.342250e+002  4.188751e-005
 3.348437e+002  3.912265e-005
 3.354625e+002  4.474205e-005
 3.360812e+002  4.279228e-005
 3.367000e+002  4.163085e-005
 3.373187e+002  4.301963e-005
 3.379375e+002  4.417342e-005
 3.385562e+002  4.100450e-005
 3.391750e+002  3.569547e-005
 3.397937e+002  3.776418e-005
 3.404125e+002  3.815394e-005
 3.410312e+002  3.857477e-005
 3.416500e+002  3.658880e-005
 3.422687e+002  3.397062e-005
 3.428875e+002  3.686107e-005
 3.435062e+002  4.105592e-005
 3.441250e+002  4.200863e-005
 3.447437e+002  4.620782e-005
 3.453625e+002  4.163366e-005
 3.459812e+002  4.019360e-005
 3.466000e+002  3.677590e-005
 3.472187e+002  3.544203e-005
 3.478375e+002  3.464629e-005
 3.484562e+002  4.676707e-005
 3.490750e+002  4.267706e-004
 3.496937e+002  1.165036e-003
 3.503125e+002  7.819662e-004
 3.509312e+002  7.164085e-005
 3.515500e+002  3.665137e-005
 3.521687e+002  3.708213e-005
 3.527875e+002  3.982997e-005
 3.534062e+002  3.647540e-005
 3.540250e+002  3.151896e-005
 3.546437e+002  3.632882e-005
 3.552625e+002  4.131075e-005
 3.558812e+002  3.879058e-005
 3.565000e+002  3.455584e-005
 3.571187e+002  3.016503e-005
 3.577375e+002  3.317382e-005
 3.583562e+002  3.851278e-005
 3.589750e+002  3.946929e-005
 3.595937e+002  8.956020e-005
 3.602125e+002  1.369745e-004
 3.608312e+002  6.635482e-005
 3.614500e+002  3.472539e-005
 3.620687e+002  3.890586e-005
 3.626875e+002  4.073245e-005
 3.633062e+002  3.666594e-005
 3.639250e+002  3.494718e-005
 3.645437e+002  3.786782e-005
 3.651625e+002  3.972424e-005
 3.657812e+002  4.026758e-005
 3.664000e+002  4.251444e-005
 3.670187e+002  3.609389e-005
 3.676375e+002  3.442799e-005
 3.682562e+002  3.695776e-005
 3.688750e+002  4.043808e-005
 3.694937e+002  3.284536e-005
 3.701125e+002  3.536912e-005
 3.707312e+002  3.588927e-005
 3.713500e+002  3.534693e-005
 3.719687e+002  3.339312e-005
 3.725875e+002  3.298339e-005
 3.732062e+002  3.443710e-005
 3.738250e+002  3.384784e-005
 3.744437e+002  3.549101e-005
 3.750625e+002  3.844107e-005
 3.756812e+002  4.013261e-005
 3.763000e+002  3.522493e-005
 3.769187e+002  3.171388e-005
 3.775375e+002  3.221980e-005
 3.781562e+002  3.544635e-005
 3.787750e+002  3.444438e-005
 3.793937e+002  3.273820e-005
 3.800125e+002  3.178765e-005
 3.806312e+002  3.273527e-005
 3.812500e+002  3.388609e-005
 3.818687e+002  3.310693e-005
 3.824875e+002  3.748678e-005
 3.831062e+002  3.698914e-005
 3.837250e+002  3.225546e-005
 3.843437e+002  3.150381e-005
 3.849625e+002  3.096137e-005
 3.855812e+002  3.168936e-005
 3.862000e+002  3.209660e-005
 3.868187e+002  3.980551e-005
 3.874375e+002  3.432328e-005
 3.880562e+002  2.924682e-005
 3.886750e+002  3.350506e-005
 3.892937e+002  3.019749e-005
 3.899125e+002  3.379468e-005
 3.905312e+002  3.699060e-005
 3.911500e+002  3.080194e-005
 3.917687e+002  3.242977e-005
 3.923875e+002  3.766331e-005
 3.930062e+002  3.608955e-005
 3.936250e+002  3.785579e-005
 3.942437e+002  3.325808e-005
 3.948625e+002  3.569803e-005
 3.954812e+002  3.643586e-005
 3.961000e+002  3.577211e-005
 3.967187e+002  3.481710e-005
 3.973375e+002  3.369031e-005
 3.979562e+002  3.300678e-005
 3.985750e+002  3.155187e-005
 3.991937e+002  4.844922e-005
 3.998125e+002  8.735229e-005
 4.004312e+002  5.030800e-005
 4.010500e+002  3.195654e-005
 4.016687e+002  3.784988e-005
 4.022875e+002  3.521340e-005
 4.029062e+002  3.002678e-005
 4.035250e+002  2.969890e-005
 4.041437e+002  3.065583e-005
 4.047625e+002  3.474323e-005
 4.053812e+002  3.548238e-005
 4.060000e+002  3.101819e-005
 4.066187e+002  3.427549e-005
 4.072375e+002  3.409827e-005
 4.078562e+002  2.603751e-005
 4.084750e+002  2.958201e-005
 4.090937e+002  3.098076e-005
 4.097125e+002  3.121316e-005
 4.103312e+002  2.988178e-005
 4.109500e+002  3.183768e-005
 4.115687e+002  3.691218e-005
 4.121875e+002  3.843229e-005
 4.128062e+002  3.453746e-005
 4.134250e+002  3.432649e-005
 4.140437e+002  3.045565e-005
 4.146625e+002  3.292849e-005
 4.152812e+002  3.378495e-005
 4.159000e+002  3.370864e-005
 4.165187e+002  3.340167e-005
 4.171375e+002  3.316394e-005
 4.177562e+002  3.204120e-005
 4.183750e+002  2.690055e-005
 4.189937e+002  3.186507e-005
 4.196125e+002  7.534925e-005
 4.202312e+002  1.219489e-004
 4.208500e+002  5.680320e-005
 4.214687e+002  2.782929e-005
 4.220875e+002  3.040114e-005
 4.227062e+002  3.484927e-005
 4.233250e+002  3.645722e-005
 4.239437e+002  3.189036e-005
 4.245625e+002  3.312732e-005
 4.251812e+002  3.032960e-005
 4.258000e+002  3.280792e-005
 4.264187e+002  3.172393e-005
 4.270375e+002  2.754385e-005
 4.276562e+002  3.048491e-005
 4.282750e+002  2.707631e-005
 4.288937e+002  3.196349e-005
 4.295125e+002  2.875035e-005
 4.301312e+002  3.348055e-005
 4.307500e+002  3.285209e-005
 4.313687e+002  2.951660e-005
 4.319875e+002  3.244759e-005
 4.326062e+002  3.359607e-005
 4.332250e+002  3.179067e-005
 4.338437e+002  3.056705e-005
 4.344625e+002  3.229341e-005
 4.350812e+002  3.325163e-005
 4.357000e+002  2.937363e-005
 4.363187e+002  3.199654e-005
 4.369375e+002  3.086038e-005
 4.375562e+002  3.108938e-005
 4.381750e+002  2.973041e-005
 4.387937e+002  3.091476e-005
 4.394125e+002  2.885392e-005
 4.400312e+002  2.694665e-005
 4.406500e+002  2.610111e-005
 4.412687e+002  2.886411e-005
 4.418875e+002  2.664874e-005
 4.425062e+002  3.227995e-005
 4.431250e+002  3.765500e-005
 4.437437e+002  3.335984e-005
 4.443625e+002  3.066062e-005
 4.449812e+002  3.350521e-005
 4.456000e+002  3.123463e-005
 4.462187e+002  2.934163e-005
 4.468375e+002  2.777902e-005
 4.474562e+002  2.532133e-005
 4.480750e+002  3.173505e-005
 4.486937e+002  6.064514e-005
 4.493125e+002  5.169183e-004
 4.499312e+002  6.978694e-004
 4.505500e+002  2.293312e-004
 4.511687e+002  3.105867e-005
 4.517875e+002  2.201613e-005
 4.524062e+002  2.548820e-005
 4.530250e+002  3.308595e-005
 4.536437e+002  2.894784e-005
 4.542625e+002  2.770591e-005
 4.548812e+002  2.941306e-005
 4.555000e+002  2.821397e-005
 4.561187e+002  3.008279e-005
 4.567375e+002  3.182645e-005
 4.573562e+002  2.717047e-005
 4.579750e+002  2.819807e-005
 4.585937e+002  3.028856e-005
 4.592125e+002  3.089580e-005
 4.598312e+002  3.166896e-005
 4.604500e+002  3.051487e-005
 4.610687e+002  2.928766e-005
 4.616875e+002  2.698521e-005
 4.623062e+002  2.399198e-005
 4.629250e+002  2.319893e-005
 4.635437e+002  2.850526e-005
 4.641625e+002  3.237436e-005
 4.647812e+002  2.801801e-005
 4.654000e+002  2.926823e-005
 4.660187e+002  3.046225e-005
 4.666375e+002  2.996609e-005
 4.672562e+002  2.821714e-005
 4.678750e+002  2.910421e-005
 4.684937e+002  3.022570e-005
 4.691125e+002  2.923703e-005
 4.697312e+002  2.666764e-005
 4.703500e+002  2.920473e-005
 4.709687e+002  2.993374e-005
 4.715875e+002  2.652097e-005
 4.722062e+002  2.770426e-005
 4.728250e+002  2.637863e-005
 4.734437e+002  2.598973e-005
 4.740625e+002  2.396333e-005
 4.746812e+002  2.236995e-005
 4.753000e+002  2.559175e-005
 4.759187e+002  2.568581e-005
 4.765375e+002  2.689043e-005
 4.771562e+002  2.484791e-005
 4.777750e+002  2.299600e-005
 4.783937e+002  2.625874e-005
 4.790125e+002  2.840282e-005
 4.796312e+002  7.129025e-005
 4.802500e+002  1.201375e-004
 4.808687e+002  6.097733e-005
 4.814875e+002  2.384919e-005
 4.821062e+002  2.804439e-005
 4.827250e+002  2.770040e-005
 4.833437e+002  2.080060e-005
 4.839625e+002  3.013559e-005
 4.845812e+002  3.237841e-005
 4.852000e+002  3.001648e-005
 4.858187e+002  2.827511e-005
 4.864375e+002  2.703708e-005
 4.870562e+002  2.837338e-005
 4.876750e+002  2.846432e-005
 4.882937e+002  2.971764e-005
 4.889125e+002  2.683587e-005
 4.895312e+002  2.730130e-005
 4.901500e+002  2.952979e-005
 4.907687e+002  2.774146e-005
 4.913875e+002  3.049267e-005
 4.920062e+002  3.139744e-005
 4.926250e+002  2.775609e-005
 4.932437e+002  2.644103e-005
 4.938625e+002  2.678562e-005
 4.944812e+002  2.908160e-005
 4.951000e+002  2.637441e-005
 4.957187e+002  2.534356e-005
 4.963375e+002  2.587637e-005
 4.969562e+002  2.999499e-005
 4.975750e+002  2.982536e-005
 4.981937e+002  2.870094e-005
 4.988125e+002  2.605251e-005
 4.994312e+002  4.315577e-005
 5.000500e+002  4.195809e-005
 5.006687e+002  2.377797e-005
 5.012875e+002  2.817343e-005
 5.019062e+002  2.653993e-005
 5.025250e+002  2.633938e-005
 5.031437e+002  2.604176e-005
 5.037625e+002  2.510455e-005
 5.043812e+002  2.752894e-005
 5.050000e+002  2.906628e-005
 5.056187e+002  2.714667e-005
 5.062375e+002  2.498279e-005
 5.068562e+002  2.743020e-005
 5.074750e+002  2.773502e-005
 5.080937e+002  2.687574e-005
 5.087125e+002  2.429315e-005
 5.093312e+002  1.967353e-005
 5.099500e+002  2.071070e-005
 5.105687e+002  2.320385e-005
 5.111875e+002  2.413659e-005
 5.118062e+002  2.362633e-005
 5.124250e+002  2.696669e-005
 5.130437e+002  2.299335e-005
 5.136625e+002  2.600577e-005
 5.142812e+002  2.518298e-005
 5.149000e+002  2.445601e-005
 5.155187e+002  2.459102e-005
 5.161375e+002  2.769988e-005
 5.167562e+002  2.947341e-005
 5.173750e+002  2.849146e-005
 5.179937e+002  2.957801e-005
 5.186125e+002  2.900401e-005
 5.192312e+002  2.548798e-005
 5.198500e+002  2.618894e-005
 5.204687e+002  2.675625e-005
 5.210875e+002  2.473222e-005
 5.217062e+002  2.323867e-005
 5.223250e+002  2.433440e-005
 5.229437e+002  2.529474e-005
 5.235625e+002  2.772161e-005
 5.241812e+002  2.637828e-005
 5.248000e+002  2.789905e-005
 5.254187e+002  3.188749e-005
 5.260375e+002  2.802900e-005
 5.266562e+002  2.329197e-005
 5.272750e+002  2.364291e-005
 5.278937e+002  2.902025e-005
 5.285125e+002  3.045852e-005
 5.291312e+002  2.750903e-005
 5.297500e+002  2.556268e-005
 5.303687e+002  2.998993e-005
 5.309875e+002  2.743537e-005
 5.316062e+002  2.661985e-005
 5.322250e+002  2.516249e-005
 5.328437e+002  2.575730e-005
 5.334625e+002  2.493611e-005
 5.340812e+002  2.261047e-005
 5.347000e+002  2.084075e-005
 5.353187e+002  2.571327e-005
 5.359375e+002  2.647775e-005
 5.365562e+002  2.397066e-005
 5.371750e+002  2.826739e-005
 5.377937e+002  3.244394e-005
 5.384125e+002  3.032383e-005
 5.390312e+002  2.502767e-005
 5.396500e+002  6.913675e-005
 5.402687e+002  1.158763e-004
 5.408875e+002  5.293440e-005
 5.415062e+002  2.483543e-005
 5.421250e+002  2.332635e-005
 5.427437e+002  2.453527e-005
 5.433625e+002  2.226274e-005
 5.439812e+002  2.375363e-005
 5.446000e+002  2.401992e-005
 5.452187e+002  2.408132e-005
 5.458375e+002  2.662595e-005
 5.464562e+002  2.565032e-005
 5.470750e+002  2.403075e-005
 5.476937e+002  2.278190e-005
 5.483125e+002  2.081800e-005
 5.489312e+002  2.451309e-005
 5.495500e+002  4.494232e-005
 5.501687e+002  3.725030e-005
 5.507875e+002  2.433221e-005
 5.514062e+002  2.604587e-005
 5.520250e+002  2.522423e-005
 5.526437e+002  2.628359e-005
 5.532625e+002  2.930203e-005
 5.538812e+002  2.634180e-005
 5.545000e+002  2.655116e-005
 5.551187e+002  2.596365e-005
 5.557375e+002  2.446062e-005
 5.563562e+002  2.548613e-005
 5.569750e+002  2.758165e-005
 5.575937e+002  2.573505e-005
 5.582125e+002  2.899266e-005
 5.588312e+002  2.778108e-005
 5.594500e+002  2.471223e-005
 5.600687e+002  2.635326e-005
 5.606875e+002  2.739842e-005
 5.613062e+002  2.592900e-005
 5.619250e+002  2.217252e-005
 5.625437e+002  2.407048e-005
 5.631625e+002  2.098296e-005
 5.637812e+002  2.423136e-005
 5.644000e+002  2.317630e-005
 5.650187e+002  2.163678e-005
 5.656375e+002  2.370104e-005
 5.662562e+002  2.444370e-005
 5.668750e+002  2.487023e-005
 5.674937e+002  2.858407e-005
 5.681125e+002  2.912253e-005
 5.687312e+002  2.489984e-005
 5.693500e+002  2.476432e-005
 5.699687e+002  2.277607e-005
 5.705875e+002  2.257430e-005
 5.712062e+002  2.045515e-005
 5.718250e+002  2.212530e-005
 5.724437e+002  1.936654e-005
 5.730625e+002  1.795215e-005
 5.736812e+002  2.170782e-005
 5.743000e+002  2.431833e-005
 5.749187e+002  2.613735e-005
 5.755375e+002  2.484046e-005
 5.761562e+002  2.136898e-005
 5.767750e+002  2.090573e-005
 5.773937e+002  2.463594e-005
 5.780125e+002  2.443698e-005
 5.786312e+002  2.246442e-005
 5.792500e+002  2.230143e-005
 5.798687e+002  2.222303e-005
 5.804875e+002  2.303968e-005
 5.811062e+002  2.391320e-005
 5.817250e+002  2.553935e-005
 5.823437e+002  2.337513e-005
 5.829625e+002  2.202427e-005
 5.835812e+002  2.170128e-005
 5.842000e+002  2.125191e-005
 5.848187e+002  1.747775e-005
 5.854375e+002  2.356062e-005
 5.860562e+002  2.375291e-005
 5.866750e+002  1.819585e-005
 5.872937e+002  2.204288e-005
 5.879125e+002  2.380332e-005
 5.885312e+002  2.296277e-005
 5.891500e+002  2.191013e-005
 5.897687e+002  2.326991e-005
 5.903875e+002  2.061967e-005
 5.910062e+002  2.081561e-005
 5.916250e+002  2.170079e-005
 5.922437e+002  2.228071e-005
 5.928625e+002  2.121851e-005
 5.934812e+002  2.090481e-005
 5.941000e+002  2.079007e-005
 5.947187e+002  2.308012e-005
 5.953375e+002  2.466886e-005
 5.959562e+002  2.064435e-005
 5.965750e+002  2.093543e-005
 5.971937e+002  2.337505e-005
 5.978125e+002  2.275665e-005
 5.984312e+002  2.397498e-005
 5.990500e+002  2.794674e-005
 5.996687e+002  6.638558e-005
 6.002875e+002  1.110410e-004
 6.009062e+002  5.224968e-005
 6.015250e+002  2.111565e-005
 6.021437e+002  2.303218e-005
 6.027625e+002  2.238779e-005
 6.033812e+002  2.334355e-005
 6.040000e+002  2.150424e-005
 6.046187e+002  2.173326e-005
 6.052375e+002  2.860199e-005
 6.058562e+002  1.664809e-004
 6.064750e+002  2.083506e-004
 6.070937e+002  6.348806e-005
 6.077125e+002  2.391277e-005
 6.083312e+002  2.130374e-005
 6.089500e+002  2.433826e-005
 6.095687e+002  2.485904e-005
 6.101875e+002  2.265256e-005
 6.108062e+002  2.393633e-005
 6.114250e+002  1.981038e-005
 6.120437e+002  2.211669e-005
 6.126625e+002  2.263124e-005
 6.132812e+002  1.959591e-005
 6.139000e+002  2.076105e-005
 6.145187e+002  2.570218e-005
 6.151375e+002  2.665382e-005
 6.157562e+002  2.344941e-005
 6.163750e+002  2.294440e-005
 6.169937e+002  2.297704e-005
 6.176125e+002  2.077071e-005
 6.182312e+002  1.920143e-005
 6.188500e+002  2.271731e-005
 6.194687e+002  2.102113e-005
 6.200875e+002  2.069436e-005
 6.207062e+002  1.962611e-005
 6.213250e+002  2.230657e-005
 6.219437e+002  2.466619e-005
 6.225625e+002  2.055474e-005
 6.231812e+002  1.900612e-005
 6.238000e+002  2.474994e-005
 6.244187e+002  2.579097e-005
 6.250375e+002  2.737368e-005
 6.256562e+002  2.500307e-005
 6.262750e+002  2.369800e-005
 6.268937e+002  1.895692e-005
 6.275125e+002  1.808502e-005
 6.281312e+002  2.209245e-005
 6.287500e+002  2.542868e-005
 6.293687e+002  2.229139e-005
 6.299875e+002  2.230373e-005
 6.306062e+002  2.280916e-005
 6.312250e+002  2.233063e-005
 6.318437e+002  2.310638e-005
 6.324625e+002  2.029774e-005
 6.330812e+002  2.510399e-005
 6.337000e+002  2.472786e-005
 6.343187e+002  2.076771e-005
 6.349375e+002  2.256107e-005
 6.355562e+002  2.230984e-005
 6.361750e+002  2.211080e-005
 6.367937e+002  2.178426e-005
 6.374125e+002  2.108664e-005
 6.380312e+002  2.212017e-005
 6.386500e+002  2.036210e-005
 6.392687e+002  2.337699e-005
 6.398875e+002  2.594913e-005
 6.405062e+002  2.048565e-005
 6.411250e+002  2.057589e-005
 6.417437e+002  2.140232e-005
 6.423625e+002  2.180316e-005
 6.429812e+002  2.234344e-005
 6.436000e+002  2.333976e-005
 6.442187e+002  2.321569e-005
 6.448375e+002  2.383638e-005
 6.454562e+002  2.195545e-005
 6.460750e+002  2.020885e-005
 6.466937e+002  2.390580e-005
 6.473125e+002  2.097533e-005
 6.479312e+002  1.832725e-005
 6.485500e+002  2.690967e-005
 6.491687e+002  1.316202e-004
 6.497875e+002  1.884397e-004
 6.504062e+002  7.251035e-005
 6.510250e+002  1.896827e-005
 6.516437e+002  1.553712e-005
 6.522625e+002  1.990388e-005
 6.528812e+002  2.164740e-005
 6.535000e+002  2.141016e-005
 6.541187e+002  2.013582e-005
 6.547375e+002  2.238525e-005
 6.553562e+002  2.119149e-005
 6.559750e+002  2.051838e-005
 6.565937e+002  1.965168e-005
 6.572125e+002  2.213767e-005
 6.578312e+002  2.357116e-005
 6.584500e+002  2.071573e-005
 6.590687e+002  1.850829e-005
 6.596875e+002  6.045897e-005
 6.603062e+002  1.056108e-004
 6.609250e+002  4.601319e-005
 6.615437e+002  2.066666e-005
 6.621625e+002  2.045198e-005
 6.627812e+002  2.128402e-005
 6.634000e+002  2.028903e-005
 6.640187e+002  2.049615e-005
 6.646375e+002  2.009977e-005
 6.652562e+002  1.985699e-005
 6.658750e+002  2.133606e-005
 6.664937e+002  2.341884e-005
 6.671125e+002  2.318654e-005
 6.677312e+002  2.526135e-005
 6.683500e+002  2.104042e-005
 6.689687e+002  2.078763e-005
 6.695875e+002  1.950185e-005
 6.702062e+002  1.858564e-005
 6.708250e+002  1.920609e-005
 6.714437e+002  1.982124e-005
 6.720625e+002  1.859549e-005
 6.726812e+002  2.003235e-005
 6.733000e+002  2.111662e-005
 6.739187e+002  2.301045e-005
 6.745375e+002  2.026847e-005
 6.751562e+002  2.125236e-005
 6.757750e+002  1.872911e-005
 6.763937e+002  1.740597e-005
 6.770125e+002  1.574643e-005
 6.776312e+002  1.669336e-005
 6.782500e+002  1.602684e-005
 6.788687e+002  1.818642e-005
 6.794875e+002  1.938159e-005
 6.801062e+002  2.044818e-005
 6.807250e+002  1.957117e-005
 6.813437e+002  1.692928e-005
 6.819625e+002  1.720072e-005
 6.825812e+002  1.959916e-005
 6.832000e+002  2.024073e-005
 6.838187e+002  2.084816e-005
 6.844375e+002  2.266372e-005
 6.850562e+002  2.297026e-005
 6.856750e+002  2.357174e-005
 6.862937e+002  2.045776e-005
 6.869125e+002  1.921046e-005
 6.875312e+002  1.837213e-005
 6.881500e+002  1.952800e-005
 6.887687e+002  1.693613e-005
 6.893875e+002  1.869604e-005
 6.900062e+002  1.774725e-005
 6.906250e+002  1.776669e-005
 6.912437e+002  1.920244e-005
 6.918625e+002  1.840742e-005
 6.924812e+002  1.942594e-005
 6.931000e+002  2.101119e-005
 6.937187e+002  2.206150e-005
 6.943375e+002  2.006481e-005
 6.949562e+002  2.083567e-005
 6.955750e+002  2.150761e-005
 6.961937e+002  2.086585e-005
 6.968125e+002  2.026936e-005
 6.974312e+002  2.116322e-005
 6.980500e+002  1.853624e-005
 6.986687e+002  2.077708e-005
 6.992875e+002  2.070997e-005
 6.999062e+002  1.834967e-005
 7.005250e+002  1.790574e-005
 7.011437e+002  1.970235e-005
 7.017625e+002  1.651567e-005
 7.023812e+002  2.006930e-005
 7.030000e+002  2.250343e-005
 7.036187e+002  2.194725e-005
 7.042375e+002  1.965809e-005
 7.048562e+002  1.592163e-005
 7.054750e+002  1.695866e-005
 7.060937e+002  1.846694e-005
 7.067125e+002  2.002062e-005
 7.073312e+002  2.146596e-005
 7.079500e+002  1.872300e-005
 7.085687e+002  1.770692e-005
 7.091875e+002  1.797692e-005
 7.098062e+002  1.611452e-005
 7.104250e+002  1.756416e-005
 7.110437e+002  1.952117e-005
 7.116625e+002  2.033110e-005
 7.122812e+002  1.986706e-005
 7.129000e+002  2.012865e-005
 7.135187e+002  1.924046e-005
 7.141375e+002  1.953822e-005
 7.147562e+002  1.561970e-005
 7.153750e+002  1.731942e-005
 7.159937e+002  1.789303e-005
 7.166125e+002  1.767025e-005
 7.172312e+002  1.972228e-005
 7.178500e+002  2.085521e-005
 7.184687e+002  2.004831e-005
 7.190875e+002  1.790300e-005
 7.197062e+002  5.822710e-005
 7.203250e+002  1.043984e-004
 7.209437e+002  5.259395e-005
 7.215625e+002  1.844086e-005
 7.221812e+002  1.752608e-005
 7.228000e+002  1.818584e-005
 7.234187e+002  1.923053e-005
 7.240375e+002  1.791800e-005
 7.246562e+002  1.875387e-005
 7.252750e+002  1.857761e-005
 7.258937e+002  1.723051e-005
 7.265125e+002  1.784121e-005
 7.271312e+002  1.767935e-005
 7.277500e+002  1.682876e-005
 7.283687e+002  1.863295e-005
 7.289875e+002  1.560042e-005
 7.296062e+002  1.648363e-005
 7.302250e+002  1.896408e-005
 7.308437e+002  1.789270e-005
 7.314625e+002  1.863772e-005
 7.320812e+002  1.884368e-005
 7.327000e+002  1.957823e-005
 7.333187e+002  2.321431e-005
 7.339375e+002  1.948622e-005
 7.345562e+002  1.940840e-005
 7.351750e+002  1.811859e-005
 7.357937e+002  1.674900e-005
 7.364125e+002  2.043441e-005
 7.370312e+002  1.698063e-005
 7.376500e+002  1.969709e-005
 7.382687e+002  2.013694e-005
 7.388875e+002  1.797350e-005
 7.395062e+002  1.809151e-005
 7.401250e+002  1.792492e-005
 7.407437e+002  1.800459e-005
 7.413625e+002  1.910381e-005
 7.419812e+002  1.775891e-005
 7.426000e+002  1.645799e-005
 7.432187e+002  2.003809e-005
 7.438375e+002  1.806841e-005
 7.444562e+002  1.858433e-005
 7.450750e+002  1.776034e-005
 7.456937e+002  1.903240e-005
 7.463125e+002  1.903143e-005
 7.469312e+002  2.037894e-005
 7.475500e+002  2.022659e-005
 7.481687e+002  1.849626e-005
 7.487875e+002  4.298350e-005
 7.494062e+002  1.390916e-004
 7.500250e+002  1.137372e-004
 7.506437e+002  2.300261e-005
 7.512625e+002  1.874039e-005
 7.518812e+002  1.935307e-005
 7.525000e+002  1.665228e-005
 7.531187e+002  1.787762e-005
 7.537375e+002  1.961042e-005
 7.543562e+002  1.796489e-005
 7.549750e+002  1.717756e-005
 7.555937e+002  1.804121e-005
 7.562125e+002  1.657022e-005
 7.568312e+002  1.845779e-005
 7.574500e+002  1.772242e-005
 7.580687e+002  1.647185e-005
 7.586875e+002  1.877416e-005
 7.593062e+002  1.703667e-005
 7.599250e+002  1.731650e-005
 7.605437e+002  1.643389e-005
 7.611625e+002  1.508821e-005
 7.617812e+002  1.385147e-005
 7.624000e+002  1.704882e-005
 7.630187e+002  1.822905e-005
 7.636375e+002  1.911415e-005
 7.642562e+002  1.731928e-005
 7.648750e+002  1.824506e-005
 7.654937e+002  1.782627e-005
 7.661125e+002  1.919849e-005
 7.667312e+002  2.001790e-005
 7.673500e+002  1.933906e-005
 7.679687e+002  1.875221e-005
 7.685875e+002  1.770399e-005
 7.692062e+002  1.773632e-005
 7.698250e+002  1.948006e-005
 7.704437e+002  2.179260e-005
 7.710625e+002  2.065294e-005
 7.716812e+002  1.976744e-005
 7.723000e+002  2.101718e-005
 7.729187e+002  1.791691e-005
 7.735375e+002  1.420601e-005
 7.741562e+002  1.590276e-005
 7.747750e+002  1.917317e-005
 7.753937e+002  1.837870e-005
 7.760125e+002  1.689720e-005
 7.766312e+002  2.062177e-005
 7.772500e+002  2.311288e-005
 7.778687e+002  2.067657e-005
 7.784875e+002  1.767789e-005
 7.791062e+002  1.485268e-005
 7.797250e+002  5.454755e-005
 7.803437e+002  9.666630e-005
 7.809625e+002  4.385785e-005
 7.815812e+002  1.821807e-005
 7.822000e+002  1.773364e-005
 7.828187e+002  2.025376e-005
 7.834375e+002  2.031022e-005
 7.840562e+002  1.787039e-005
 7.846750e+002  1.740405e-005
 7.852937e+002  1.735777e-005
 7.859125e+002  1.844055e-005
 7.865312e+002  1.836303e-005
 7.871500e+002  1.729371e-005
 7.877687e+002  1.893749e-005
 7.883875e+002  1.909115e-005
 7.890062e+002  1.835092e-005
 7.896250e+002  1.675530e-005
 7.902437e+002  1.682337e-005
 7.908625e+002  1.483866e-005
 7.914812e+002  1.677072e-005
 7.921000e+002  2.236871e-005
 7.927187e+002  2.076315e-005
 7.933375e+002  1.888310e-005
 7.939562e+002  1.712015e-005
 7.945750e+002  1.802069e-005
 7.951937e+002  1.662463e-005
 7.958125e+002  1.690890e-005
 7.964312e+002  1.577088e-005
 7.970500e+002  1.846466e-005
 7.976687e+002  2.046529e-005
 7.982875e+002  2.060037e-005
 7.989062e+002  1.973356e-005
 7.995250e+002  2.136782e-005
 8.001437e+002  1.850351e-005
 8.007625e+002  1.644133e-005
 8.013812e+002  1.608282e-005
 8.020000e+002  2.020794e-005
 8.026187e+002  1.955722e-005
 8.032375e+002  1.872715e-005
 8.038562e+002  1.908558e-005
 8.044750e+002  2.038504e-005
 8.050937e+002  1.716839e-005
 8.057125e+002  1.787392e-005
 8.063312e+002  1.730960e-005
 8.069500e+002  1.649525e-005
 8.075687e+002  1.570115e-005
 8.081875e+002  1.655871e-005
 8.088062e+002  1.429450e-005
 8.094250e+002  1.405462e-005
 8.100437e+002  1.929375e-005
 8.106625e+002  1.915691e-005
 8.112812e+002  1.478075e-005
 8.119000e+002  1.684441e-005
 8.125187e+002  1.837755e-005
 8.131375e+002  1.746175e-005
 8.137562e+002  1.732193e-005
 8.143750e+002  1.565078e-005
 8.149937e+002  1.591348e-005
 8.156125e+002  1.802024e-005
 8.162312e+002  1.780844e-005
 8.168500e+002  1.703929e-005
 8.174687e+002  1.676339e-005
 8.180875e+002  1.562207e-005
 8.187062e+002  1.723468e-005
 8.193250e+002  1.738174e-005
 8.199437e+002  1.886751e-005
 8.205625e+002  1.866422e-005
 8.211812e+002  1.861758e-005
 8.218000e+002  1.911723e-005
 8.224187e+002  1.770600e-005
 8.230375e+002  1.527727e-005
 8.236562e+002  1.510993e-005
 8.242750e+002  1.733495e-005
 8.248937e+002  1.833400e-005
 8.255125e+002  1.833969e-005
 8.261312e+002  1.613467e-005
 8.267500e+002  1.594748e-005
 8.273687e+002  1.775331e-005
 8.279875e+002  1.613716e-005
 8.286062e+002  1.572112e-005
 8.292250e+002  1.580851e-005
 8.298437e+002  1.583363e-005
 8.304625e+002  1.602695e-005
 8.310812e+002  1.585411e-005
 8.317000e+002  1.585436e-005
 8.323187e+002  1.325003e-005
 8.329375e+002  1.642734e-005
 8.335562e+002  1.754045e-005
 8.341750e+002  1.649925e-005
 8.347937e+002  1.599044e-005
 8.354125e+002  1.478242e-005
 8.360312e+002  1.627630e-005
 8.366500e+002  1.712473e-005
 8.372687e+002  1.528757e-005
 8.378875e+002  1.677940e-005
 8.385062e+002  1.457366e-005
 8.391250e+002  1.531006e-005
 8.397437e+002  5.295987e-005
 8.403625e+002  9.756767e-005
 8.409812e+002  4.851005e-005
 8.416000e+002  1.514972e-005
 8.422187e+002  1.552989e-005
 8.428375e+002  1.467545e-005
 8.434562e+002  1.349288e-005
 8.440750e+002  1.670537e-005
 8.446937e+002  1.954995e-005
 8.453125e+002  1.868069e-005
 8.459312e+002  1.767078e-005
 8.465500e+002  1.548959e-005
 8.471687e+002  1.543994e-005
 8.477875e+002  1.748852e-005
 8.484062e+002  1.872503e-005
 8.490250e+002  7.527600e-005
 8.496437e+002  1.211727e-004
 8.502625e+002  5.264965e-005
 8.508812e+002  1.558481e-005
 8.515000e+002  1.580605e-005
 8.521187e+002  1.524576e-005
 8.527375e+002  1.687984e-005
 8.533562e+002  1.623026e-005
 8.539750e+002  1.889443e-005
 8.545937e+002  1.804454e-005
 8.552125e+002  1.695274e-005
 8.558312e+002  1.842655e-005
 8.564500e+002  1.688928e-005
 8.570687e+002  1.745298e-005
 8.576875e+002  1.742446e-005
 8.583062e+002  1.780325e-005
 8.589250e+002  1.669813e-005
 8.595437e+002  1.630027e-005
 8.601625e+002  1.391769e-005
 8.607812e+002  1.695036e-005
 8.614000e+002  1.552272e-005
 8.620187e+002  1.360490e-005
 8.626375e+002  1.665259e-005
 8.632562e+002  1.680906e-005
 8.638750e+002  1.652679e-005
 8.644937e+002  1.891190e-005
 8.651125e+002  1.679650e-005
 8.657312e+002  1.608624e-005
 8.663500e+002  1.512516e-005
 8.669687e+002  1.597581e-005
 8.675875e+002  1.827355e-005
 8.682062e+002  1.646296e-005
 8.688250e+002  1.460571e-005
 8.694437e+002  1.664021e-005
 8.700625e+002  1.646503e-005
 8.706812e+002  1.505126e-005
 8.713000e+002  1.473031e-005
 8.719187e+002  1.698695e-005
 8.725375e+002  1.623880e-005
 8.731562e+002  1.777870e-005
 8.737750e+002  1.679855e-005
 8.743937e+002  1.712166e-005
 8.750125e+002  1.651200e-005
 8.756312e+002  1.494436e-005
 8.762500e+002  1.533290e-005
 8.768687e+002  1.626271e-005
 8.774875e+002  1.680632e-005
 8.781062e+002  1.708125e-005
 8.787250e+002  1.605156e-005
 8.793437e+002  1.547458e-005
 8.799625e+002  1.324664e-005
 8.805812e+002  1.677583e-005
 8.812000e+002  1.580377e-005
 8.818187e+002  1.557937e-005
 8.824375e+002  1.564504e-005
 8.830562e+002  1.688469e-005
 8.836750e+002  1.679134e-005
 8.842937e+002  1.616167e-005
 8.849125e+002  1.547027e-005
 8.855312e+002  1.721828e-005
 8.861500e+002  1.797849e-005
 8.867687e+002  1.518267e-005
 8.873875e+002  1.503579e-005
 8.880062e+002  1.377835e-005
 8.886250e+002  1.306658e-005
 8.892437e+002  1.282229e-005
 8.898625e+002  1.352516e-005
 8.904812e+002  1.530237e-005
 8.911000e+002  1.380999e-005
 8.917187e+002  1.551657e-005
 8.923375e+002  1.676284e-005
 8.929562e+002  1.511457e-005
 8.935750e+002  1.451465e-005
 8.941937e+002  1.491582e-005
 8.948125e+002  1.689893e-005
 8.954312e+002  1.653174e-005
 8.960500e+002  1.601169e-005
 8.966687e+002  1.223765e-005
 8.972875e+002  1.359191e-005
 8.979062e+002  1.463179e-005
 8.985250e+002  1.571269e-005
 8.991437e+002  1.445246e-005
 8.997625e+002  5.205670e-005
 9.003812e+002  9.416850e-005
 9.010000e+002  4.825542e-005
 9.016187e+002  1.600665e-005
 9.022375e+002  1.743303e-005
 9.028562e+002  1.903566e-005
 9.034750e+002  1.704325e-005
 9.040937e+002  1.534520e-005
 9.047125e+002  1.559922e-005
 9.053312e+002  1.507235e-005
 9.059500e+002  1.591613e-005
 9.065687e+002  1.648909e-005
 9.071875e+002  1.543978e-005
 9.078062e+002  1.649443e-005
 9.084250e+002  2.043402e-005
 9.090437e+002  8.384935e-005
 9.096625e+002  9.466306e-005
 9.102812e+002  3.058982e-005
 9.109000e+002  1.730472e-005
 9.115187e+002  1.806498e-005
 9.121375e+002  1.798641e-005
 9.127562e+002  1.625710e-005
 9.133750e+002  1.474526e-005
 9.139937e+002  1.546967e-005
 9.146125e+002  1.464182e-005
 9.152312e+002  1.421796e-005
 9.158500e+002  1.481497e-005
 9.164687e+002  1.642204e-005
 9.170875e+002  1.850220e-005
 9.177062e+002  1.940406e-005
 9.183250e+002  1.671866e-005
 9.189437e+002  1.573850e-005
 9.195625e+002  1.581767e-005
 9.201812e+002  1.537169e-005
 9.208000e+002  1.250784e-005
 9.214187e+002  1.498372e-005
 9.220375e+002  1.881458e-005
 9.226562e+002  1.852065e-005
 9.232750e+002  1.827463e-005
 9.238937e+002  1.761796e-005
 9.245125e+002  1.550134e-005
 9.251312e+002  1.742492e-005
 9.257500e+002  1.756223e-005
 9.263687e+002  1.675145e-005
 9.269875e+002  1.592144e-005
 9.276062e+002  1.691615e-005
 9.282250e+002  1.611562e-005
 9.288437e+002  1.492092e-005
 9.294625e+002  1.520538e-005
 9.300812e+002  1.643555e-005
 9.307000e+002  1.615079e-005
 9.313187e+002  1.373111e-005
 9.319375e+002  1.328860e-005
 9.325562e+002  1.431183e-005
 9.331750e+002  1.529538e-005
 9.337937e+002  1.736972e-005
 9.344125e+002  1.610270e-005
 9.350312e+002  1.397128e-005
 9.356500e+002  1.400373e-005
 9.362687e+002  1.512563e-005
 9.368875e+002  1.469384e-005
 9.375062e+002  1.515352e-005
 9.381250e+002  1.485071e-005
 9.387437e+002  1.322658e-005
 9.393625e+002  1.248202e-005
 9.399812e+002  1.378234e-005
 9.406000e+002  1.486179e-005
 9.412187e+002  1.285511e-005
 9.418375e+002  1.325539e-005
 9.424562e+002  1.499546e-005
 9.430750e+002  1.620918e-005
 9.436937e+002  1.633785e-005
 9.443125e+002  1.356847e-005
 9.449312e+002  1.384146e-005
 9.455500e+002  1.566321e-005
 9.461687e+002  1.770210e-005
 9.467875e+002  1.500904e-005
 9.474062e+002  1.527389e-005
 9.480250e+002  1.542111e-005
 9.486437e+002  2.608348e-005
 9.492625e+002  7.560850e-005
 9.498812e+002  6.602990e-005
 9.505000e+002  1.962779e-005
 9.511187e+002  1.439966e-005
 9.517375e+002  1.630462e-005
 9.523562e+002  1.436132e-005
 9.529750e+002  1.531928e-005
 9.535937e+002  1.560467e-005
 9.542125e+002  1.271683e-005
 9.548312e+002  1.282783e-005
 9.554500e+002  1.519194e-005
 9.560687e+002  1.668514e-005
 9.566875e+002  1.452905e-005
 9.573062e+002  1.641235e-005
 9.579250e+002  1.624889e-005
 9.585437e+002  1.682839e-005
 9.591625e+002  1.580881e-005
 9.597812e+002  4.908094e-005
 9.604000e+002  8.870228e-005
 9.610187e+002  4.372599e-005
 9.616375e+002  1.578805e-005
 9.622562e+002  1.516838e-005
 9.628750e+002  1.442658e-005
 9.634937e+002  1.584953e-005
 9.641125e+002  1.508817e-005
 9.647312e+002  1.443416e-005
 9.653500e+002  1.419891e-005
 9.659687e+002  1.453198e-005
 9.665875e+002  1.315523e-005
 9.672062e+002  1.246117e-005
 9.678250e+002  1.366166e-005
 9.684437e+002  1.343932e-005
 9.690625e+002  1.377512e-005
 9.696812e+002  1.268290e-005
 9.703000e+002  1.366946e-005
 9.709187e+002  1.661814e-005
 9.715375e+002  1.590335e-005
 9.721562e+002  1.166026e-005
 9.727750e+002  1.418410e-005
 9.733937e+002  1.596303e-005
 9.740125e+002  1.340094e-005
 9.746312e+002  1.242429e-005
 9.752500e+002  1.436406e-005
 9.758687e+002  1.679414e-005
 9.764875e+002  1.588980e-005
 9.771062e+002  1.432025e-005
 9.777250e+002  1.339338e-005
 9.783437e+002  1.485421e-005
 9.789625e+002  1.493520e-005
 9.795812e+002  1.421208e-005
 9.802000e+002  1.288599e-005
 9.808187e+002  1.519972e-005
 9.814375e+002  1.416571e-005
 9.820562e+002  1.306998e-005
 9.826750e+002  1.362591e-005
 9.832937e+002  1.329104e-005
 9.839125e+002  1.456527e-005
 9.845312e+002  1.328999e-005
 9.851500e+002  1.063664e-005
 9.857687e+002  1.178859e-005
 9.863875e+002  1.364454e-005
 9.870062e+002  1.390701e-005
 9.876250e+002  1.321790e-005
 9.882437e+002  1.576429e-005
 9.888625e+002  1.622965e-005
 9.894812e+002  1.577489e-005
 9.901000e+002  1.236936e-005
 9.907187e+002  1.487629e-005
 9.913375e+002  1.705540e-005
 9.919562e+002  1.488170e-005
 9.925750e+002  1.134450e-005
 9.931937e+002  1.395338e-005
 9.938125e+002  1.372609e-005
 9.944312e+002  1.496582e-005
 9.950500e+002  1.637561e-005
 9.956687e+002  1.523026e-005
 9.962875e+002  1.349595e-005
 9.969062e+002  1.194799e-005
 9.975250e+002  1.297310e-005
 9.981437e+002  1.414530e-005
 9.987625e+002  1.555697e-005
 9.993812e+002  5.216375e-005
 1.000000e+003  1.083092e-004
