 1.000000e+000  2.071302e-004
 1.247500e+000  2.369750e-004
 1.495000e+000  2.146642e-004
 1.742500e+000  2.203828e-004
 1.990000e+000  2.390813e-004
 2.237500e+000  2.558243e-004
 2.485000e+000  2.369311e-004
 2.732500e+000  2.328293e-004
 2.980000e+000  2.996595e-004
 3.227500e+000  2.748707e-004
 3.475000e+000  3.450938e-004
 3.722500e+000  2.833128e-004
 3.970000e+000  2.482332e-004
 4.217500e+000  3.046281e-004
 4.465000e+000  3.401550e-004
 4.712500e+000  3.306864e-004
 4.960000e+000  3.759288e-004
 5.207500e+000  3.627625e-004
 5.455000e+000  3.781153e-004
 5.702500e+000  3.757852e-004
 5.950000e+000  4.238475e-004
 6.197500e+000  4.164834e-004
 6.445000e+000  4.825984e-004
 6.692500e+000  4.514330e-004
 6.940000e+000  4.521084e-004
 7.187500e+000  5.017964e-004
 7.435000e+000  4.772398e-004
 7.682500e+000  5.689769e-004
 7.930000e+000  5.963333e-004
 8.177500e+000  4.628113e-004
 8.425000e+000  5.194304e-004
 8.672500e+000  5.772437e-004
 8.920000e+000  5.601571e-004
 9.167500e+000  7.872470e-004
 9.415000e+000  7.315966e-004
 9.662500e+000  6.463565e-004
 9.910000e+000  7.243907e-004
 1.015750e+001  6.698095e-004
 1.040500e+001  5.396362e-004
 1.065250e+001  6.098653e-004
 1.090000e+001  7.074044e-004
 1.114750e+001  5.704592e-004
 1.139500e+001  5.964680e-004
 1.164250e+001  6.304900e-004
 1.189000e+001  7.387258e-004
 1.213750e+001  1.074756e-003
 1.238500e+001  8.342736e-004
 1.263250e+001  7.039019e-004
 1.288000e+001  7.819650e-004
 1.312750e+001  6.217623e-004
 1.337500e+001  6.184013e-004
 1.362250e+001  5.238643e-004
 1.387000e+001  7.345122e-004
 1.411750e+001  7.244216e-004
 1.436500e+001  7.205715e-004
 1.461250e+001  8.572417e-004
 1.486000e+001  8.066260e-004
 1.510750e+001  6.573822e-004
 1.535500e+001  8.183337e-004
 1.560250e+001  1.130998e-003
 1.585000e+001  9.887906e-004
 1.609750e+001  6.779957e-004
 1.634500e+001  7.877716e-004
 1.659250e+001  7.807366e-004
 1.684000e+001  9.513456e-004
 1.708750e+001  9.719070e-004
 1.733500e+001  7.272886e-004
 1.758250e+001  9.679386e-004
 1.783000e+001  1.224926e-003
 1.807750e+001  8.647207e-004
 1.832500e+001  6.949866e-004
 1.857250e+001  9.585038e-004
 1.882000e+001  8.577382e-004
 1.906750e+001  6.515684e-004
 1.931500e+001  6.541435e-004
 1.956250e+001  7.724830e-004
 1.981000e+001  8.815997e-004
 2.005750e+001  7.979942e-004
 2.030500e+001  6.972645e-004
 2.055250e+001  8.314848e-004
 2.080000e+001  7.281723e-004
 2.104750e+001  5.921367e-004
 2.129500e+001  6.934788e-004
 2.154250e+001  6.127670e-004
 2.179000e+001  6.176059e-004
 2.203750e+001  7.240032e-004
 2.228500e+001  6.534153e-004
 2.253250e+001  6.075679e-004
 2.278000e+001  8.194789e-004
 2.302750e+001  9.043054e-004
 2.327500e+001  7.135057e-004
 2.352250e+001  7.735617e-004
 2.377000e+001  7.147191e-004
 2.401750e+001  6.863497e-004
 2.426500e+001  9.946318e-004
 2.451250e+001  8.302318e-004
 2.476000e+001  5.705774e-004
 2.500750e+001  6.457982e-004
 2.525500e+001  5.792861e-004
 2.550250e+001  7.437955e-004
 2.575000e+001  8.916484e-004
 2.599750e+001  6.507918e-004
 2.624500e+001  6.099522e-004
 2.649250e+001  7.198841e-004
 2.674000e+001  7.023223e-004
 2.698750e+001  4.968640e-004
 2.723500e+001  6.236974e-004
 2.748250e+001  8.421715e-004
 2.773000e+001  1.178014e-003
 2.797750e+001  8.610234e-004
 2.822500e+001  5.612685e-004
 2.847250e+001  5.086655e-004
 2.872000e+001  5.277869e-004
 2.896750e+001  7.015794e-004
 2.921500e+001  1.022805e-003
 2.946250e+001  9.407225e-004
 2.971000e+001  8.303183e-004
 2.995750e+001  7.165094e-004
 3.020500e+001  7.810802e-004
 3.045250e+001  6.969024e-004
 3.070000e+001  6.678144e-004
 3.094750e+001  6.247815e-004
 3.119500e+001  6.720039e-004
 3.144250e+001  7.148462e-004
 3.169000e+001  6.851662e-004
 3.193750e+001  6.468576e-004
 3.218500e+001  8.349336e-004
 3.243250e+001  5.827544e-004
 3.268000e+001  5.315604e-004
 3.292750e+001  5.844291e-004
 3.317500e+001  6.167828e-004
 3.342250e+001  6.570595e-004
 3.367000e+001  5.805379e-004
 3.391750e+001  5.069722e-004
 3.416500e+001  5.273161e-004
 3.441250e+001  4.457801e-004
 3.466000e+001  4.723252e-004
 3.490750e+001  5.936764e-004
 3.515500e+001  5.839818e-004
 3.540250e+001  8.065766e-004
 3.565000e+001  1.310785e-003
 3.589750e+001  8.193433e-004
 3.614500e+001  5.635622e-004
 3.639250e+001  5.314888e-004
 3.664000e+001  5.266253e-004
 3.688750e+001  5.828624e-004
 3.713500e+001  6.460664e-004
 3.738250e+001  6.591022e-004
 3.763000e+001  5.959208e-004
 3.787750e+001  5.683365e-004
 3.812500e+001  5.761272e-004
 3.837250e+001  4.589666e-004
 3.862000e+001  4.904238e-004
 3.886750e+001  5.201655e-004
 3.911500e+001  5.825699e-004
 3.936250e+001  5.257218e-004
 3.961000e+001  4.874750e-004
 3.985750e+001  4.733120e-004
 4.010500e+001  4.916588e-004
 4.035250e+001  4.506211e-004
 4.060000e+001  4.292621e-004
 4.084750e+001  4.527458e-004
 4.109500e+001  3.983054e-004
 4.134250e+001  4.290827e-004
 4.159000e+001  4.213788e-004
 4.183750e+001  3.223261e-004
 4.208500e+001  4.077014e-004
 4.233250e+001  4.824879e-004
 4.258000e+001  4.821449e-004
 4.282750e+001  5.286871e-004
 4.307500e+001  4.229196e-004
 4.332250e+001  5.293019e-004
 4.357000e+001  4.429953e-004
 4.381750e+001  4.235669e-004
 4.406500e+001  4.315425e-004
 4.431250e+001  4.372947e-004
 4.456000e+001  3.715036e-004
 4.480750e+001  3.957095e-004
 4.505500e+001  4.556329e-004
 4.530250e+001  4.948227e-004
 4.555000e+001  4.425721e-004
 4.579750e+001  4.379770e-004
 4.604500e+001  4.233046e-004
 4.629250e+001  4.565188e-004
 4.654000e+001  4.202974e-004
 4.678750e+001  3.678059e-004
 4.703500e+001  2.865728e-004
 4.728250e+001  3.612903e-004
 4.753000e+001  4.387359e-004
 4.777750e+001  5.243243e-004
 4.802500e+001  3.944365e-004
 4.827250e+001  3.754317e-004
 4.852000e+001  4.059927e-004
 4.876750e+001  4.204503e-004
 4.901500e+001  5.491410e-004
 4.926250e+001  5.967433e-004
 4.951000e+001  6.829544e-004
 4.975750e+001  1.348635e-002
 5.000500e+001  2.283647e-002
 5.025250e+001  9.559674e-003
 5.050000e+001  6.780087e-004
 5.074750e+001  4.729341e-004
 5.099500e+001  4.110985e-004
 5.124250e+001  4.011971e-004
 5.149000e+001  3.239636e-004
 5.173750e+001  3.528017e-004
 5.198500e+001  4.061576e-004
 5.223250e+001  3.837311e-004
 5.248000e+001  3.037354e-004
 5.272750e+001  3.328650e-004
 5.297500e+001  3.934570e-004
 5.322250e+001  4.347878e-004
 5.347000e+001  4.994911e-004
 5.371750e+001  3.987543e-004
 5.396500e+001  3.417736e-004
 5.421250e+001  2.875647e-004
 5.446000e+001  2.960866e-004
 5.470750e+001  2.928601e-004
 5.495500e+001  3.776874e-004
 5.520250e+001  3.445720e-004
 5.545000e+001  3.324680e-004
 5.569750e+001  3.907918e-004
 5.594500e+001  3.679043e-004
 5.619250e+001  2.801262e-004
 5.644000e+001  3.086836e-004
 5.668750e+001  2.906262e-004
 5.693500e+001  3.485656e-004
 5.718250e+001  4.391028e-004
 5.743000e+001  4.163960e-004
 5.767750e+001  3.273580e-004
 5.792500e+001  2.431986e-004
 5.817250e+001  3.089092e-004
 5.842000e+001  3.129479e-004
 5.866750e+001  3.314643e-004
 5.891500e+001  2.740508e-004
 5.916250e+001  3.274262e-004
 5.941000e+001  3.062180e-004
 5.965750e+001  3.241575e-004
 5.990500e+001  5.592486e-004
 6.015250e+001  4.586440e-004
 6.040000e+001  3.181064e-004
 6.064750e+001  3.022023e-004
 6.089500e+001  2.296998e-004
 6.114250e+001  2.721188e-004
 6.139000e+001  2.973603e-004
 6.163750e+001  2.772058e-004
 6.188500e+001  2.802405e-004
 6.213250e+001  2.614139e-004
 6.238000e+001  2.792334e-004
 6.262750e+001  2.796831e-004
 6.287500e+001  2.593359e-004
 6.312250e+001  2.382728e-004
 6.337000e+001  2.784973e-004
 6.361750e+001  2.557088e-004
 6.386500e+001  3.061934e-004
 6.411250e+001  3.103086e-004
 6.436000e+001  2.903699e-004
 6.460750e+001  2.538711e-004
 6.485500e+001  2.911628e-004
 6.510250e+001  2.476089e-004
 6.535000e+001  2.375464e-004
 6.559750e+001  2.416349e-004
 6.584500e+001  2.463524e-004
 6.609250e+001  2.926901e-004
 6.634000e+001  2.576226e-004
 6.658750e+001  2.021461e-004
 6.683500e+001  1.841065e-004
 6.708250e+001  2.084193e-004
 6.733000e+001  2.407747e-004
 6.757750e+001  2.880249e-004
 6.782500e+001  3.494823e-004
 6.807250e+001  3.032439e-004
 6.832000e+001  2.631952e-004
 6.856750e+001  2.248803e-004
 6.881500e+001  1.787692e-004
 6.906250e+001  3.126986e-004
 6.931000e+001  3.052680e-004
 6.955750e+001  2.381102e-004
 6.980500e+001  2.361849e-004
 7.005250e+001  2.069048e-004
 7.030000e+001  2.130576e-004
 7.054750e+001  2.068794e-004
 7.079500e+001  1.857216e-004
 7.104250e+001  2.277521e-004
 7.129000e+001  3.277277e-004
 7.153750e+001  3.066238e-004
 7.178500e+001  2.368123e-004
 7.203250e+001  2.133905e-004
 7.228000e+001  2.013238e-004
 7.252750e+001  2.012260e-004
 7.277500e+001  2.092292e-004
 7.302250e+001  2.113031e-004
 7.327000e+001  2.105009e-004
 7.351750e+001  1.446621e-004
 7.376500e+001  1.731485e-004
 7.401250e+001  2.181133e-004
 7.426000e+001  1.985651e-004
 7.450750e+001  2.122614e-004
 7.475500e+001  2.254102e-004
 7.500250e+001  2.001570e-004
 7.525000e+001  1.859941e-004
 7.549750e+001  2.330174e-004
 7.574500e+001  2.562911e-004
 7.599250e+001  1.880002e-004
 7.624000e+001  1.478398e-004
 7.648750e+001  1.599449e-004
 7.673500e+001  2.131666e-004
 7.698250e+001  2.289222e-004
 7.723000e+001  1.859823e-004
 7.747750e+001  2.069617e-004
 7.772500e+001  2.146680e-004
 7.797250e+001  2.114234e-004
 7.822000e+001  1.850356e-004
 7.846750e+001  2.210104e-004
 7.871500e+001  1.874301e-004
 7.896250e+001  1.578700e-004
 7.921000e+001  1.530991e-004
 7.945750e+001  2.107231e-004
 7.970500e+001  2.434411e-004
 7.995250e+001  2.458126e-004
 8.020000e+001  2.249459e-004
 8.044750e+001  2.187751e-004
 8.069500e+001  1.899049e-004
 8.094250e+001  1.767283e-004
 8.119000e+001  1.560406e-004
 8.143750e+001  1.942665e-004
 8.168500e+001  1.994479e-004
 8.193250e+001  1.803296e-004
 8.218000e+001  1.844312e-004
 8.242750e+001  1.695752e-004
 8.267500e+001  1.202693e-004
 8.292250e+001  1.347907e-004
 8.317000e+001  1.526988e-004
 8.341750e+001  1.876778e-004
 8.366500e+001  1.821685e-004
 8.391250e+001  1.847668e-004
 8.416000e+001  1.882485e-004
 8.440750e+001  1.582212e-004
 8.465500e+001  1.752841e-004
 8.490250e+001  1.887492e-004
 8.515000e+001  1.974470e-004
 8.539750e+001  2.105731e-004
 8.564500e+001  1.588778e-004
 8.589250e+001  1.434431e-004
 8.614000e+001  1.649379e-004
 8.638750e+001  1.592289e-004
 8.663500e+001  1.538656e-004
 8.688250e+001  1.219894e-004
 8.713000e+001  1.369197e-004
 8.737750e+001  1.563255e-004
 8.762500e+001  1.976682e-004
 8.787250e+001  2.078136e-004
 8.812000e+001  1.421116e-004
 8.836750e+001  1.567527e-004
 8.861500e+001  1.464848e-004
 8.886250e+001  1.879624e-004
 8.911000e+001  3.897962e-004
 8.935750e+001  3.049665e-004
 8.960500e+001  1.835772e-004
 8.985250e+001  1.504024e-004
 9.010000e+001  1.419616e-004
 9.034750e+001  1.689992e-004
 9.059500e+001  1.918863e-004
 9.084250e+001  1.992034e-004
 9.109000e+001  1.971049e-004
 9.133750e+001  2.130192e-004
 9.158500e+001  1.812502e-004
 9.183250e+001  1.614879e-004
 9.208000e+001  1.531312e-004
 9.232750e+001  1.130690e-004
 9.257500e+001  1.262747e-004
 9.282250e+001  1.361609e-004
 9.307000e+001  1.142126e-004
 9.331750e+001  1.589838e-004
 9.356500e+001  1.571086e-004
 9.381250e+001  1.614273e-004
 9.406000e+001  1.875211e-004
 9.430750e+001  1.359954e-004
 9.455500e+001  1.064905e-004
 9.480250e+001  1.438520e-004
 9.505000e+001  1.580609e-004
 9.529750e+001  1.681005e-004
 9.554500e+001  1.427484e-004
 9.579250e+001  1.462539e-004
 9.604000e+001  1.579019e-004
 9.628750e+001  1.573820e-004
 9.653500e+001  1.486838e-004
 9.678250e+001  1.351578e-004
 9.703000e+001  1.422937e-004
 9.727750e+001  1.108786e-004
 9.752500e+001  1.438042e-004
 9.777250e+001  1.766537e-004
 9.802000e+001  1.596020e-004
 9.826750e+001  1.826872e-004
 9.851500e+001  1.558224e-004
 9.876250e+001  1.204111e-004
 9.901000e+001  1.435427e-004
 9.925750e+001  1.619522e-004
 9.950500e+001  1.366005e-004
 9.975250e+001  2.500264e-004
 1.000000e+002  3.982624e-004
