 1.000000e-001  6.369978e-004
 1.247500e-001  5.948362e-004
 1.495000e-001  3.600815e-004
 1.742500e-001  4.874678e-004
 1.990000e-001  5.755857e-004
 2.237500e-001  5.036022e-004
 2.485000e-001  4.404765e-004
 2.732500e-001  4.087719e-004
 2.980000e-001  4.162149e-004
 3.227500e-001  3.387153e-004
 3.475000e-001  2.465529e-004
 3.722500e-001  3.714715e-004
 3.970000e-001  4.214551e-004
 4.217500e-001  3.590700e-004
 4.465000e-001  2.115294e-004
 4.712500e-001  2.578795e-004
 4.960000e-001  2.571978e-004
 5.207500e-001  2.419611e-004
 5.455000e-001  2.282491e-004
 5.702500e-001  3.357525e-004
 5.950000e-001  1.971353e-004
 6.197500e-001  2.510830e-004
 6.445000e-001  3.426823e-004
 6.692500e-001  2.394534e-004
 6.940000e-001  2.553361e-004
 7.187500e-001  2.845763e-004
 7.435000e-001  3.126826e-004
 7.682500e-001  3.467442e-004
 7.930000e-001  2.820570e-004
 8.177500e-001  2.372923e-004
 8.425000e-001  2.431876e-004
 8.672500e-001  2.036789e-004
 8.920000e-001  1.988077e-004
 9.167500e-001  2.263334e-004
 9.415000e-001  2.140167e-004
 9.662500e-001  1.977540e-004
 9.910000e-001  1.636942e-004
 1.015750e+000  1.456684e-004
 1.040500e+000  1.936423e-004
 1.065250e+000  2.364449e-004
 1.090000e+000  1.336555e-004
 1.114750e+000  2.070450e-004
 1.139500e+000  2.437675e-004
 1.164250e+000  1.542323e-004
 1.189000e+000  1.672364e-004
 1.213750e+000  1.755218e-004
 1.238500e+000  2.740077e-004
 1.263250e+000  2.805758e-004
 1.288000e+000  2.423119e-004
 1.312750e+000  2.101592e-004
 1.337500e+000  9.027934e-005
 1.362250e+000  1.620231e-004
 1.387000e+000  1.980251e-004
 1.411750e+000  2.117126e-004
 1.436500e+000  1.615973e-004
 1.461250e+000  2.309658e-004
 1.486000e+000  2.560487e-004
 1.510750e+000  1.226002e-004
 1.535500e+000  1.215086e-004
 1.560250e+000  1.505706e-004
 1.585000e+000  2.039271e-004
 1.609750e+000  1.715512e-004
 1.634500e+000  2.248859e-004
 1.659250e+000  2.684525e-004
 1.684000e+000  2.512119e-004
 1.708750e+000  1.940373e-004
 1.733500e+000  1.986434e-004
 1.758250e+000  2.210701e-004
 1.783000e+000  1.647075e-004
 1.807750e+000  2.213124e-004
 1.832500e+000  2.910665e-004
 1.857250e+000  2.263135e-004
 1.882000e+000  2.516672e-004
 1.906750e+000  2.172533e-004
 1.931500e+000  2.145428e-004
 1.956250e+000  1.465725e-004
 1.981000e+000  1.741792e-004
 2.005750e+000  2.678500e-004
 2.030500e+000  2.743046e-004
 2.055250e+000  1.184785e-004
 2.080000e+000  2.059196e-004
 2.104750e+000  2.772288e-004
 2.129500e+000  3.244058e-004
 2.154250e+000  2.951059e-004
 2.179000e+000  2.831163e-004
 2.203750e+000  2.463660e-004
 2.228500e+000  3.088782e-004
 2.253250e+000  2.274632e-004
 2.278000e+000  1.260447e-004
 2.302750e+000  1.700033e-004
 2.327500e+000  2.358235e-004
 2.352250e+000  2.354291e-004
 2.377000e+000  3.041888e-004
 2.401750e+000  3.192355e-004
 2.426500e+000  2.647454e-004
 2.451250e+000  2.605335e-004
 2.476000e+000  2.234353e-004
 2.500750e+000  2.394961e-004
 2.525500e+000  2.065764e-004
 2.550250e+000  1.960955e-004
 2.575000e+000  2.221591e-004
 2.599750e+000  2.316506e-004
 2.624500e+000  1.631659e-004
 2.649250e+000  1.211032e-004
 2.674000e+000  1.153897e-004
 2.698750e+000  1.458335e-004
 2.723500e+000  1.792654e-004
 2.748250e+000  2.492692e-004
 2.773000e+000  3.408151e-004
 2.797750e+000  3.047407e-004
 2.822500e+000  4.274802e-004
 2.847250e+000  4.430227e-004
 2.872000e+000  2.878512e-004
 2.896750e+000  1.135821e-004
 2.921500e+000  3.850448e-004
 2.946250e+000  4.913321e-004
 2.971000e+000  2.374616e-004
 2.995750e+000  1.829754e-004
 3.020500e+000  2.674549e-004
 3.045250e+000  2.370048e-004
 3.070000e+000  2.542122e-004
 3.094750e+000  2.485866e-004
 3.119500e+000  2.962403e-004
 3.144250e+000  2.524973e-004
 3.169000e+000  3.359782e-004
 3.193750e+000  3.739030e-004
 3.218500e+000  3.537568e-004
 3.243250e+000  2.256406e-004
 3.268000e+000  2.679302e-004
 3.292750e+000  3.222384e-004
 3.317500e+000  3.431492e-004
 3.342250e+000  3.074687e-004
 3.367000e+000  1.982040e-004
 3.391750e+000  2.437125e-004
 3.416500e+000  2.203607e-004
 3.441250e+000  2.738506e-004
 3.466000e+000  2.209409e-004
 3.490750e+000  2.476091e-004
 3.515500e+000  3.437231e-004
 3.540250e+000  4.180740e-004
 3.565000e+000  2.355757e-004
 3.589750e+000  3.924113e-004
 3.614500e+000  3.918914e-004
 3.639250e+000  1.828467e-004
 3.664000e+000  2.287641e-004
 3.688750e+000  1.532998e-004
 3.713500e+000  2.419942e-004
 3.738250e+000  3.282304e-004
 3.763000e+000  3.760169e-004
 3.787750e+000  3.641964e-004
 3.812500e+000  3.515165e-004
 3.837250e+000  3.031726e-004
 3.862000e+000  2.115942e-004
 3.886750e+000  2.024578e-004
 3.911500e+000  2.119104e-004
 3.936250e+000  3.616478e-004
 3.961000e+000  2.573296e-004
 3.985750e+000  2.212266e-004
 4.010500e+000  3.706164e-004
 4.035250e+000  3.179988e-004
 4.060000e+000  3.671609e-004
 4.084750e+000  4.352693e-004
 4.109500e+000  3.166027e-004
 4.134250e+000  2.848600e-004
 4.159000e+000  2.458918e-004
 4.183750e+000  3.395599e-004
 4.208500e+000  4.293492e-004
 4.233250e+000  4.528360e-004
 4.258000e+000  5.487541e-004
 4.282750e+000  4.584665e-004
 4.307500e+000  4.972930e-004
 4.332250e+000  2.869029e-004
 4.357000e+000  1.653060e-004
 4.381750e+000  2.677630e-004
 4.406500e+000  3.488777e-004
 4.431250e+000  3.152764e-004
 4.456000e+000  2.069126e-004
 4.480750e+000  2.884521e-004
 4.505500e+000  3.202356e-004
 4.530250e+000  2.758550e-004
 4.555000e+000  4.686345e-004
 4.579750e+000  3.011214e-004
 4.604500e+000  2.845269e-004
 4.629250e+000  3.570100e-004
 4.654000e+000  3.245620e-004
 4.678750e+000  2.908691e-004
 4.703500e+000  3.733697e-004
 4.728250e+000  5.214351e-004
 4.753000e+000  6.168052e-004
 4.777750e+000  5.429733e-004
 4.802500e+000  3.640714e-004
 4.827250e+000  5.449509e-004
 4.852000e+000  5.813779e-004
 4.876750e+000  4.491332e-004
 4.901500e+000  4.359339e-004
 4.926250e+000  6.582166e-004
 4.951000e+000  4.740049e-004
 4.975750e+000  2.180636e-004
 5.000500e+000  3.108415e-004
 5.025250e+000  2.019625e-004
 5.050000e+000  1.994272e-004
 5.074750e+000  3.115887e-004
 5.099500e+000  4.135904e-004
 5.124250e+000  5.429164e-004
 5.149000e+000  4.026630e-004
 5.173750e+000  3.513992e-004
 5.198500e+000  4.411137e-004
 5.223250e+000  4.823764e-004
 5.248000e+000  5.799258e-004
 5.272750e+000  4.461824e-004
 5.297500e+000  2.525153e-004
 5.322250e+000  3.198289e-004
 5.347000e+000  4.143702e-004
 5.371750e+000  4.340411e-004
 5.396500e+000  4.910922e-004
 5.421250e+000  4.404443e-004
 5.446000e+000  4.332700e-004
 5.470750e+000  2.449540e-004
 5.495500e+000  3.949441e-004
 5.520250e+000  3.364145e-004
 5.545000e+000  5.332694e-004
 5.569750e+000  5.450816e-004
 5.594500e+000  3.690153e-004
 5.619250e+000  4.038014e-004
 5.644000e+000  4.392199e-004
 5.668750e+000  3.706129e-004
 5.693500e+000  2.418839e-004
 5.718250e+000  3.294828e-004
 5.743000e+000  3.413691e-004
 5.767750e+000  3.793713e-004
 5.792500e+000  3.897790e-004
 5.817250e+000  4.102307e-004
 5.842000e+000  2.682693e-004
 5.866750e+000  2.031898e-004
 5.891500e+000  4.522816e-004
 5.916250e+000  4.451450e-004
 5.941000e+000  4.742791e-004
 5.965750e+000  4.269974e-004
 5.990500e+000  2.744483e-004
 6.015250e+000  3.419513e-004
 6.040000e+000  4.724709e-004
 6.064750e+000  5.544254e-004
 6.089500e+000  3.626559e-004
 6.114250e+000  3.921631e-004
 6.139000e+000  3.457390e-004
 6.163750e+000  4.940360e-004
 6.188500e+000  4.290696e-004
 6.213250e+000  2.407562e-004
 6.238000e+000  1.930287e-004
 6.262750e+000  2.656497e-004
 6.287500e+000  4.547839e-004
 6.312250e+000  4.498916e-004
 6.337000e+000  3.733289e-004
 6.361750e+000  2.440745e-004
 6.386500e+000  2.757762e-004
 6.411250e+000  2.763727e-004
 6.436000e+000  4.278654e-004
 6.460750e+000  7.370194e-004
 6.485500e+000  5.256286e-004
 6.510250e+000  4.295138e-004
 6.535000e+000  3.677619e-004
 6.559750e+000  2.173938e-004
 6.584500e+000  5.527556e-004
 6.609250e+000  4.630437e-004
 6.634000e+000  4.452438e-004
 6.658750e+000  7.292228e-004
 6.683500e+000  6.999449e-004
 6.708250e+000  6.600461e-004
 6.733000e+000  4.326110e-004
 6.757750e+000  2.313090e-004
 6.782500e+000  2.744099e-004
 6.807250e+000  6.053451e-004
 6.832000e+000  6.131835e-004
 6.856750e+000  4.816262e-004
 6.881500e+000  4.550643e-004
 6.906250e+000  5.153515e-004
 6.931000e+000  5.002757e-004
 6.955750e+000  3.271984e-004
 6.980500e+000  4.028901e-004
 7.005250e+000  3.485398e-004
 7.030000e+000  3.817469e-004
 7.054750e+000  4.977124e-004
 7.079500e+000  5.366640e-004
 7.104250e+000  5.169309e-004
 7.129000e+000  2.642549e-004
 7.153750e+000  4.163853e-004
 7.178500e+000  4.891082e-004
 7.203250e+000  5.637941e-004
 7.228000e+000  3.484319e-004
 7.252750e+000  2.751840e-004
 7.277500e+000  4.006056e-004
 7.302250e+000  7.176058e-004
 7.327000e+000  7.003471e-004
 7.351750e+000  3.821946e-004
 7.376500e+000  3.483538e-004
 7.401250e+000  3.748935e-004
 7.426000e+000  3.816989e-004
 7.450750e+000  3.102784e-004
 7.475500e+000  4.285484e-004
 7.500250e+000  4.199960e-004
 7.525000e+000  4.794113e-004
 7.549750e+000  2.727239e-004
 7.574500e+000  5.188326e-004
 7.599250e+000  5.878027e-004
 7.624000e+000  4.655927e-004
 7.648750e+000  5.187749e-004
 7.673500e+000  5.679415e-004
 7.698250e+000  3.024738e-004
 7.723000e+000  4.413698e-004
 7.747750e+000  5.300716e-004
 7.772500e+000  5.094151e-004
 7.797250e+000  4.191171e-004
 7.822000e+000  1.340012e-003
 7.846750e+000  1.522372e-003
 7.871500e+000  7.773440e-004
 7.896250e+000  9.145768e-004
 7.921000e+000  5.529627e-004
 7.945750e+000  4.508421e-004
 7.970500e+000  3.599967e-004
 7.995250e+000  5.080751e-004
 8.020000e+000  7.948083e-004
 8.044750e+000  7.955494e-004
 8.069500e+000  3.981442e-004
 8.094250e+000  7.273275e-004
 8.119000e+000  6.986742e-004
 8.143750e+000  4.841447e-004
 8.168500e+000  4.086367e-004
 8.193250e+000  4.601605e-004
 8.218000e+000  6.269154e-004
 8.242750e+000  5.009311e-004
 8.267500e+000  5.264339e-004
 8.292250e+000  4.260546e-004
 8.317000e+000  5.109941e-004
 8.341750e+000  6.145321e-004
 8.366500e+000  6.988007e-004
 8.391250e+000  6.375916e-004
 8.416000e+000  4.090037e-004
 8.440750e+000  5.798731e-004
 8.465500e+000  5.063345e-004
 8.490250e+000  5.885397e-004
 8.515000e+000  3.958537e-004
 8.539750e+000  8.894751e-004
 8.564500e+000  6.482270e-004
 8.589250e+000  4.807743e-004
 8.614000e+000  5.600114e-004
 8.638750e+000  3.930141e-004
 8.663500e+000  3.505708e-004
 8.688250e+000  3.735341e-004
 8.713000e+000  6.797211e-004
 8.737750e+000  7.809988e-004
 8.762500e+000  5.887078e-004
 8.787250e+000  5.588334e-004
 8.812000e+000  2.640454e-004
 8.836750e+000  3.022025e-004
 8.861500e+000  5.558704e-004
 8.886250e+000  4.548273e-004
 8.911000e+000  5.302200e-004
 8.935750e+000  6.622005e-004
 8.960500e+000  6.116658e-004
 8.985250e+000  5.703332e-004
 9.010000e+000  5.186786e-004
 9.034750e+000  4.542269e-004
 9.059500e+000  3.782234e-004
 9.084250e+000  4.318240e-004
 9.109000e+000  6.609232e-004
 9.133750e+000  7.213766e-004
 9.158500e+000  6.007199e-004
 9.183250e+000  8.148055e-004
 9.208000e+000  1.838565e-003
 9.232750e+000  1.126528e-003
 9.257500e+000  4.035215e-004
 9.282250e+000  3.883320e-004
 9.307000e+000  4.737696e-004
 9.331750e+000  4.353689e-004
 9.356500e+000  3.891794e-004
 9.381250e+000  5.571114e-004
 9.406000e+000  5.644860e-004
 9.430750e+000  4.085097e-004
 9.455500e+000  4.918874e-004
 9.480250e+000  7.586481e-004
 9.505000e+000  4.828620e-004
 9.529750e+000  6.044863e-004
 9.554500e+000  6.540826e-004
 9.579250e+000  5.420710e-004
 9.604000e+000  5.708287e-004
 9.628750e+000  4.293357e-004
 9.653500e+000  5.110331e-004
 9.678250e+000  4.951929e-004
 9.703000e+000  5.785156e-004
 9.727750e+000  4.069850e-004
 9.752500e+000  5.574097e-004
 9.777250e+000  6.567993e-004
 9.802000e+000  4.203646e-004
 9.826750e+000  5.599595e-004
 9.851500e+000  1.111344e-003
 9.876250e+000  1.018847e-003
 9.901000e+000  9.068412e-004
 9.925750e+000  8.405116e-004
 9.950500e+000  8.545947e-004
 9.975250e+000  5.081878e-004
 1.000000e+001  7.451900e-004
