 1.000000e+000  2.395633e-004
 1.247500e+000  2.217999e-004
 1.495000e+000  1.933289e-004
 1.742500e+000  2.233537e-004
 1.990000e+000  2.672511e-004
 2.237500e+000  2.851225e-004
 2.485000e+000  2.457508e-004
 2.732500e+000  2.355113e-004
 2.980000e+000  2.250904e-004
 3.227500e+000  2.839958e-004
 3.475000e+000  3.172028e-004
 3.722500e+000  2.932484e-004
 3.970000e+000  3.451822e-004
 4.217500e+000  3.799358e-004
 4.465000e+000  4.170987e-004
 4.712500e+000  3.726904e-004
 4.960000e+000  3.950402e-004
 5.207500e+000  3.424289e-004
 5.455000e+000  3.476206e-004
 5.702500e+000  3.858668e-004
 5.950000e+000  3.887044e-004
 6.197500e+000  4.436278e-004
 6.445000e+000  5.357609e-004
 6.692500e+000  4.852202e-004
 6.940000e+000  5.431163e-004
 7.187500e+000  5.170117e-004
 7.435000e+000  4.453223e-004
 7.682500e+000  6.178986e-004
 7.930000e+000  7.451197e-004
 8.177500e+000  4.726656e-004
 8.425000e+000  4.680134e-004
 8.672500e+000  5.058669e-004
 8.920000e+000  5.688266e-004
 9.167500e+000  8.327099e-004
 9.415000e+000  7.487488e-004
 9.662500e+000  7.463133e-004
 9.910000e+000  6.842147e-004
 1.015750e+001  6.813526e-004
 1.040500e+001  6.103960e-004
 1.065250e+001  6.676862e-004
 1.090000e+001  6.660789e-004
 1.114750e+001  5.898765e-004
 1.139500e+001  5.209205e-004
 1.164250e+001  5.827391e-004
 1.189000e+001  6.047629e-004
 1.213750e+001  7.665035e-004
 1.238500e+001  8.466158e-004
 1.263250e+001  6.893565e-004
 1.288000e+001  5.879838e-004
 1.312750e+001  5.414485e-004
 1.337500e+001  6.451810e-004
 1.362250e+001  8.637357e-004
 1.387000e+001  7.803487e-004
 1.411750e+001  7.519000e-004
 1.436500e+001  7.476383e-004
 1.461250e+001  6.837232e-004
 1.486000e+001  6.875374e-004
 1.510750e+001  7.547883e-004
 1.535500e+001  7.293342e-004
 1.560250e+001  7.607669e-004
 1.585000e+001  6.546833e-004
 1.609750e+001  6.430676e-004
 1.634500e+001  6.772591e-004
 1.659250e+001  7.097398e-004
 1.684000e+001  7.366829e-004
 1.708750e+001  8.252248e-004
 1.733500e+001  7.515430e-004
 1.758250e+001  8.582379e-004
 1.783000e+001  1.109066e-003
 1.807750e+001  8.074297e-004
 1.832500e+001  7.432147e-004
 1.857250e+001  9.469077e-004
 1.882000e+001  9.914110e-004
 1.906750e+001  8.384696e-004
 1.931500e+001  7.655441e-004
 1.956250e+001  7.003777e-004
 1.981000e+001  7.230862e-004
 2.005750e+001  7.525836e-004
 2.030500e+001  6.728263e-004
 2.055250e+001  7.655366e-004
 2.080000e+001  7.015287e-004
 2.104750e+001  7.973045e-004
 2.129500e+001  6.561882e-004
 2.154250e+001  5.321882e-004
 2.179000e+001  6.695135e-004
 2.203750e+001  5.888355e-004
 2.228500e+001  6.669759e-004
 2.253250e+001  8.107185e-004
 2.278000e+001  7.775773e-004
 2.302750e+001  7.784655e-004
 2.327500e+001  6.586952e-004
 2.352250e+001  7.586316e-004
 2.377000e+001  6.952380e-004
 2.401750e+001  6.717686e-004
 2.426500e+001  8.472383e-004
 2.451250e+001  8.236323e-004
 2.476000e+001  7.467405e-004
 2.500750e+001  5.988582e-004
 2.525500e+001  6.845165e-004
 2.550250e+001  7.356730e-004
 2.575000e+001  7.260875e-004
 2.599750e+001  7.729884e-004
 2.624500e+001  7.538041e-004
 2.649250e+001  7.931487e-004
 2.674000e+001  7.657071e-004
 2.698750e+001  7.368045e-004
 2.723500e+001  7.581718e-004
 2.748250e+001  7.691816e-004
 2.773000e+001  1.088149e-003
 2.797750e+001  9.615671e-004
 2.822500e+001  6.682220e-004
 2.847250e+001  7.095200e-004
 2.872000e+001  5.993594e-004
 2.896750e+001  6.167685e-004
 2.921500e+001  7.480810e-004
 2.946250e+001  7.175949e-004
 2.971000e+001  6.699944e-004
 2.995750e+001  5.630738e-004
 3.020500e+001  6.527448e-004
 3.045250e+001  5.507687e-004
 3.070000e+001  6.548365e-004
 3.094750e+001  6.468131e-004
 3.119500e+001  5.925625e-004
 3.144250e+001  4.882763e-004
 3.169000e+001  5.896019e-004
 3.193750e+001  9.121327e-004
 3.218500e+001  1.066536e-003
 3.243250e+001  5.239219e-004
 3.268000e+001  5.783678e-004
 3.292750e+001  6.295526e-004
 3.317500e+001  6.199175e-004
 3.342250e+001  7.099960e-004
 3.367000e+001  6.991588e-004
 3.391750e+001  6.332893e-004
 3.416500e+001  6.480590e-004
 3.441250e+001  5.773960e-004
 3.466000e+001  5.181072e-004
 3.490750e+001  5.716033e-004
 3.515500e+001  6.079064e-004
 3.540250e+001  8.093807e-004
 3.565000e+001  1.185809e-003
 3.589750e+001  6.303117e-004
 3.614500e+001  4.949769e-004
 3.639250e+001  4.841457e-004
 3.664000e+001  5.305183e-004
 3.688750e+001  7.343532e-004
 3.713500e+001  6.951676e-004
 3.738250e+001  4.574483e-004
 3.763000e+001  5.322619e-004
 3.787750e+001  4.749950e-004
 3.812500e+001  4.541280e-004
 3.837250e+001  4.847897e-004
 3.862000e+001  4.298489e-004
 3.886750e+001  5.908170e-004
 3.911500e+001  4.175348e-004
 3.936250e+001  4.425415e-004
 3.961000e+001  5.729415e-004
 3.985750e+001  6.102467e-004
 4.010500e+001  5.865006e-004
 4.035250e+001  4.462400e-004
 4.060000e+001  4.271868e-004
 4.084750e+001  4.131786e-004
 4.109500e+001  4.030118e-004
 4.134250e+001  4.080642e-004
 4.159000e+001  4.944467e-004
 4.183750e+001  5.018093e-004
 4.208500e+001  5.015228e-004
 4.233250e+001  4.231396e-004
 4.258000e+001  4.581605e-004
 4.282750e+001  5.314100e-004
 4.307500e+001  5.331056e-004
 4.332250e+001  4.654418e-004
 4.357000e+001  4.394914e-004
 4.381750e+001  4.352490e-004
 4.406500e+001  3.937268e-004
 4.431250e+001  4.862872e-004
 4.456000e+001  3.942207e-004
 4.480750e+001  4.387332e-004
 4.505500e+001  4.462585e-004
 4.530250e+001  4.848674e-004
 4.555000e+001  5.058046e-004
 4.579750e+001  4.475132e-004
 4.604500e+001  4.535270e-004
 4.629250e+001  4.654368e-004
 4.654000e+001  4.847379e-004
 4.678750e+001  4.533025e-004
 4.703500e+001  4.727359e-004
 4.728250e+001  3.867564e-004
 4.753000e+001  3.821724e-004
 4.777750e+001  6.349101e-004
 4.802500e+001  5.003317e-004
 4.827250e+001  3.843076e-004
 4.852000e+001  4.612376e-004
 4.876750e+001  4.109767e-004
 4.901500e+001  5.498883e-004
 4.926250e+001  6.495137e-004
 4.951000e+001  8.608784e-004
 4.975750e+001  1.326577e-002
 5.000500e+001  2.317516e-002
 5.025250e+001  1.015378e-002
 5.050000e+001  6.768032e-004
 5.074750e+001  4.727650e-004
 5.099500e+001  3.691500e-004
 5.124250e+001  4.363887e-004
 5.149000e+001  4.175347e-004
 5.173750e+001  3.819510e-004
 5.198500e+001  3.582193e-004
 5.223250e+001  3.947310e-004
 5.248000e+001  4.013044e-004
 5.272750e+001  3.994583e-004
 5.297500e+001  3.720852e-004
 5.322250e+001  3.920702e-004
 5.347000e+001  6.312299e-004
 5.371750e+001  5.318166e-004
 5.396500e+001  4.138233e-004
 5.421250e+001  3.646139e-004
 5.446000e+001  3.766930e-004
 5.470750e+001  3.853572e-004
 5.495500e+001  3.755424e-004
 5.520250e+001  2.571881e-004
 5.545000e+001  3.175626e-004
 5.569750e+001  3.759140e-004
 5.594500e+001  3.394579e-004
 5.619250e+001  2.718310e-004
 5.644000e+001  2.604161e-004
 5.668750e+001  2.963865e-004
 5.693500e+001  3.603300e-004
 5.718250e+001  3.745292e-004
 5.743000e+001  2.828808e-004
 5.767750e+001  3.090145e-004
 5.792500e+001  3.123258e-004
 5.817250e+001  2.827579e-004
 5.842000e+001  3.299083e-004
 5.866750e+001  3.517698e-004
 5.891500e+001  2.942799e-004
 5.916250e+001  2.910163e-004
 5.941000e+001  2.704495e-004
 5.965750e+001  2.769030e-004
 5.990500e+001  3.625157e-004
 6.015250e+001  3.006698e-004
 6.040000e+001  3.266277e-004
 6.064750e+001  3.292840e-004
 6.089500e+001  2.489362e-004
 6.114250e+001  2.912936e-004
 6.139000e+001  2.972505e-004
 6.163750e+001  2.641323e-004
 6.188500e+001  2.916703e-004
 6.213250e+001  3.081889e-004
 6.238000e+001  3.058587e-004
 6.262750e+001  2.572938e-004
 6.287500e+001  2.360703e-004
 6.312250e+001  2.876894e-004
 6.337000e+001  2.987520e-004
 6.361750e+001  2.556553e-004
 6.386500e+001  2.506922e-004
 6.411250e+001  2.907491e-004
 6.436000e+001  3.143201e-004
 6.460750e+001  2.644083e-004
 6.485500e+001  2.910545e-004
 6.510250e+001  2.874682e-004
 6.535000e+001  2.432710e-004
 6.559750e+001  3.027370e-004
 6.584500e+001  2.775267e-004
 6.609250e+001  2.756555e-004
 6.634000e+001  2.863662e-004
 6.658750e+001  2.052052e-004
 6.683500e+001  2.690533e-004
 6.708250e+001  2.515553e-004
 6.733000e+001  2.447194e-004
 6.757750e+001  2.488914e-004
 6.782500e+001  3.633001e-004
 6.807250e+001  2.795230e-004
 6.832000e+001  2.096036e-004
 6.856750e+001  2.662296e-004
 6.881500e+001  2.673634e-004
 6.906250e+001  2.837749e-004
 6.931000e+001  3.192770e-004
 6.955750e+001  2.589416e-004
 6.980500e+001  2.223920e-004
 7.005250e+001  2.069522e-004
 7.030000e+001  2.099373e-004
 7.054750e+001  2.466881e-004
 7.079500e+001  2.140397e-004
 7.104250e+001  2.044577e-004
 7.129000e+001  2.663749e-004
 7.153750e+001  2.675466e-004
 7.178500e+001  2.320804e-004
 7.203250e+001  2.698122e-004
 7.228000e+001  2.317598e-004
 7.252750e+001  2.197707e-004
 7.277500e+001  2.287077e-004
 7.302250e+001  2.000717e-004
 7.327000e+001  2.141781e-004
 7.351750e+001  2.178720e-004
 7.376500e+001  1.767380e-004
 7.401250e+001  1.757751e-004
 7.426000e+001  1.595521e-004
 7.450750e+001  1.870156e-004
 7.475500e+001  1.814788e-004
 7.500250e+001  2.252126e-004
 7.525000e+001  2.500412e-004
 7.549750e+001  2.621204e-004
 7.574500e+001  2.346174e-004
 7.599250e+001  2.179238e-004
 7.624000e+001  2.581250e-004
 7.648750e+001  2.224385e-004
 7.673500e+001  1.696790e-004
 7.698250e+001  2.145176e-004
 7.723000e+001  2.171346e-004
 7.747750e+001  1.932357e-004
 7.772500e+001  1.934062e-004
 7.797250e+001  2.326677e-004
 7.822000e+001  2.374547e-004
 7.846750e+001  2.134357e-004
 7.871500e+001  1.644152e-004
 7.896250e+001  1.597137e-004
 7.921000e+001  1.774974e-004
 7.945750e+001  2.217031e-004
 7.970500e+001  1.911711e-004
 7.995250e+001  2.021856e-004
 8.020000e+001  1.926491e-004
 8.044750e+001  1.587524e-004
 8.069500e+001  1.509897e-004
 8.094250e+001  1.640034e-004
 8.119000e+001  1.718461e-004
 8.143750e+001  1.697588e-004
 8.168500e+001  1.855381e-004
 8.193250e+001  1.803766e-004
 8.218000e+001  1.756354e-004
 8.242750e+001  1.495958e-004
 8.267500e+001  1.574749e-004
 8.292250e+001  1.755075e-004
 8.317000e+001  1.681457e-004
 8.341750e+001  1.599492e-004
 8.366500e+001  1.642935e-004
 8.391250e+001  1.702416e-004
 8.416000e+001  2.111522e-004
 8.440750e+001  2.103397e-004
 8.465500e+001  1.675576e-004
 8.490250e+001  1.798451e-004
 8.515000e+001  1.557385e-004
 8.539750e+001  1.328826e-004
 8.564500e+001  1.723146e-004
 8.589250e+001  1.776482e-004
 8.614000e+001  1.641882e-004
 8.638750e+001  1.811204e-004
 8.663500e+001  1.725018e-004
 8.688250e+001  1.616383e-004
 8.713000e+001  1.411691e-004
 8.737750e+001  1.355451e-004
 8.762500e+001  2.230788e-004
 8.787250e+001  2.451394e-004
 8.812000e+001  1.888874e-004
 8.836750e+001  1.670811e-004
 8.861500e+001  1.513415e-004
 8.886250e+001  2.232604e-004
 8.911000e+001  3.871402e-004
 8.935750e+001  2.681944e-004
 8.960500e+001  1.568058e-004
 8.985250e+001  1.356460e-004
 9.010000e+001  1.409327e-004
 9.034750e+001  1.503850e-004
 9.059500e+001  1.429739e-004
 9.084250e+001  1.344478e-004
 9.109000e+001  1.203757e-004
 9.133750e+001  1.351074e-004
 9.158500e+001  1.449523e-004
 9.183250e+001  1.548925e-004
 9.208000e+001  1.308611e-004
 9.232750e+001  1.146324e-004
 9.257500e+001  1.546615e-004
 9.282250e+001  1.639399e-004
 9.307000e+001  1.591242e-004
 9.331750e+001  1.573851e-004
 9.356500e+001  1.631562e-004
 9.381250e+001  1.852970e-004
 9.406000e+001  1.757241e-004
 9.430750e+001  1.441188e-004
 9.455500e+001  1.274082e-004
 9.480250e+001  1.338910e-004
 9.505000e+001  1.556103e-004
 9.529750e+001  1.773079e-004
 9.554500e+001  1.505149e-004
 9.579250e+001  1.644367e-004
 9.604000e+001  1.491507e-004
 9.628750e+001  1.669613e-004
 9.653500e+001  1.546551e-004
 9.678250e+001  1.723575e-004
 9.703000e+001  1.755708e-004
 9.727750e+001  1.622106e-004
 9.752500e+001  1.589191e-004
 9.777250e+001  1.314981e-004
 9.802000e+001  1.284112e-004
 9.826750e+001  2.081453e-004
 9.851500e+001  2.553863e-004
 9.876250e+001  1.588248e-004
 9.901000e+001  1.194309e-004
 9.925750e+001  1.333389e-004
 9.950500e+001  1.276969e-004
 9.975250e+001  2.641589e-004
 1.000000e+002  4.119368e-004
