 1.000000e-001  3.365244e-001
 1.247500e-001  2.980398e-001
 1.495000e-001  1.934638e-001
 1.742500e-001  1.049130e-001
 1.990000e-001  1.439827e-001
 2.237500e-001  1.653228e-001
 2.485000e-001  1.265148e-001
 2.732500e-001  7.068552e-002
 2.980000e-001  7.313074e-002
 3.227500e-001  1.005300e-001
 3.475000e-001  9.649132e-002
 3.722500e-001  6.362822e-002
 3.970000e-001  4.094413e-002
 4.217500e-001  5.944240e-002
 4.465000e-001  6.973273e-002
 4.712500e-001  5.560787e-002
 4.960000e-001  2.971506e-002
 5.207500e-001  3.426449e-002
 5.455000e-001  5.071287e-002
 5.702500e-001  4.902633e-002
 5.950000e-001  3.116698e-002
 6.197500e-001  1.824120e-002
 6.445000e-001  3.097534e-002
 6.692500e-001  3.790102e-002
 6.940000e-001  3.007747e-002
 7.187500e-001  1.473444e-002
 7.435000e-001  1.648852e-002
 7.682500e-001  2.617180e-002
 7.930000e-001  2.576884e-002
 8.177500e-001  1.568856e-002
 8.425000e-001  7.719855e-003
 8.672500e-001  1.610941e-002
 8.920000e-001  2.011540e-002
 9.167500e-001  1.571206e-002
 9.415000e-001  6.573766e-003
 9.662500e-001  8.033346e-003
 9.910000e-001  1.389420e-002
 1.015750e+000  1.344544e-002
 1.040500e+000  7.261694e-003
 1.065250e+000  2.552369e-003
 1.090000e+000  8.532302e-003
 1.114750e+000  1.053386e-002
 1.139500e+000  7.646640e-003
 1.164250e+000  1.687737e-003
 1.189000e+000  4.257543e-003
 1.213750e+000  7.362423e-003
 1.238500e+000  6.703227e-003
 1.263250e+000  3.102460e-003
 1.288000e+000  1.605232e-003
 1.312750e+000  4.484590e-003
 1.337500e+000  4.979934e-003
 1.362250e+000  3.254627e-003
 1.387000e+000  1.288630e-003
 1.411750e+000  2.700498e-003
 1.436500e+000  3.545636e-003
 1.461250e+000  2.855840e-003
 1.486000e+000  1.638942e-003
 1.510750e+000  2.096077e-003
 1.535500e+000  2.589328e-003
 1.560250e+000  2.143390e-003
 1.585000e+000  1.379942e-003
 1.609750e+000  1.657059e-003
 1.634500e+000  2.175323e-003
 1.659250e+000  1.858910e-003
 1.684000e+000  1.176058e-003
 1.708750e+000  1.456792e-003
 1.733500e+000  1.696451e-003
 1.758250e+000  1.548068e-003
 1.783000e+000  1.087768e-003
 1.807750e+000  1.023138e-003
 1.832500e+000  1.415350e-003
 1.857250e+000  1.341242e-003
 1.882000e+000  8.309654e-004
 1.906750e+000  7.258079e-004
 1.931500e+000  9.820318e-004
 1.956250e+000  9.570985e-004
 1.981000e+000  6.225537e-004
 2.005750e+000  4.872328e-004
 2.030500e+000  7.025891e-004
 2.055250e+000  7.555590e-004
 2.080000e+000  3.992926e-004
 2.104750e+000  5.049348e-004
 2.129500e+000  1.014339e-003
 2.154250e+000  1.050324e-003
 2.179000e+000  6.990688e-004
 2.203750e+000  2.566574e-004
 2.228500e+000  6.192741e-004
 2.253250e+000  7.935888e-004
 2.278000e+000  5.597013e-004
 2.302750e+000  4.253164e-004
 2.327500e+000  6.994154e-004
 2.352250e+000  8.597205e-004
 2.377000e+000  7.546048e-004
 2.401750e+000  5.445750e-004
 2.426500e+000  6.319844e-004
 2.451250e+000  8.252393e-004
 2.476000e+000  8.201768e-004
 2.500750e+000  7.660349e-004
 2.525500e+000  9.208001e-004
 2.550250e+000  1.143779e-003
 2.575000e+000  1.112178e-003
 2.599750e+000  9.828177e-004
 2.624500e+000  1.098297e-003
 2.649250e+000  1.236556e-003
 2.674000e+000  1.160970e-003
 2.698750e+000  9.978204e-004
 2.723500e+000  1.095686e-003
 2.748250e+000  1.248022e-003
 2.773000e+000  1.207876e-003
 2.797750e+000  1.035601e-003
 2.822500e+000  9.901465e-004
 2.847250e+000  1.158234e-003
 2.872000e+000  1.233413e-003
 2.896750e+000  1.050218e-003
 2.921500e+000  9.463727e-004
 2.946250e+000  1.182024e-003
 2.971000e+000  1.409333e-003
 2.995750e+000  1.334418e-003
 3.020500e+000  1.029519e-003
 3.045250e+000  9.983712e-004
 3.070000e+000  1.178781e-003
 3.094750e+000  1.173579e-003
 3.119500e+000  9.384425e-004
 3.144250e+000  7.736675e-004
 3.169000e+000  9.039141e-004
 3.193750e+000  1.082654e-003
 3.218500e+000  1.022481e-003
 3.243250e+000  7.656823e-004
 3.268000e+000  8.128895e-004
 3.292750e+000  1.064370e-003
 3.317500e+000  1.001963e-003
 3.342250e+000  7.129430e-004
 3.367000e+000  7.064026e-004
 3.391750e+000  9.762226e-004
 3.416500e+000  1.058620e-003
 3.441250e+000  8.251821e-004
 3.466000e+000  5.290653e-004
 3.490750e+000  5.879445e-004
 3.515500e+000  6.979098e-004
 3.540250e+000  5.174856e-004
 3.565000e+000  2.460668e-004
 3.589750e+000  5.238985e-004
 3.614500e+000  7.516093e-004
 3.639250e+000  7.024125e-004
 3.664000e+000  6.087712e-004
 3.688750e+000  6.481779e-004
 3.713500e+000  8.069065e-004
 3.738250e+000  7.970724e-004
 3.763000e+000  6.421377e-004
 3.787750e+000  5.767675e-004
 3.812500e+000  8.149713e-004
 3.837250e+000  9.178291e-004
 3.862000e+000  7.464291e-004
 3.886750e+000  6.566758e-004
 3.911500e+000  9.960886e-004
 3.936250e+000  1.125019e-003
 3.961000e+000  9.958600e-004
 3.985750e+000  8.380014e-004
 4.010500e+000  1.056667e-003
 4.035250e+000  1.258110e-003
 4.060000e+000  1.206217e-003
 4.084750e+000  1.150945e-003
 4.109500e+000  1.240254e-003
 4.134250e+000  1.378414e-003
 4.159000e+000  1.450230e-003
 4.183750e+000  1.381801e-003
 4.208500e+000  1.175105e-003
 4.233250e+000  1.129880e-003
 4.258000e+000  1.249634e-003
 4.282750e+000  1.237659e-003
 4.307500e+000  1.205851e-003
 4.332250e+000  1.188093e-003
 4.357000e+000  1.516012e-003
 4.381750e+000  1.752683e-003
 4.406500e+000  1.588104e-003
 4.431250e+000  1.406470e-003
 4.456000e+000  1.516884e-003
 4.480750e+000  1.669609e-003
 4.505500e+000  1.677905e-003
 4.530250e+000  1.579118e-003
 4.555000e+000  1.622856e-003
 4.579750e+000  1.708418e-003
 4.604500e+000  1.716012e-003
 4.629250e+000  1.650003e-003
 4.654000e+000  1.629351e-003
 4.678750e+000  1.711710e-003
 4.703500e+000  1.728662e-003
 4.728250e+000  1.533011e-003
 4.753000e+000  1.385571e-003
 4.777750e+000  1.489770e-003
 4.802500e+000  1.574379e-003
 4.827250e+000  1.592777e-003
 4.852000e+000  1.594957e-003
 4.876750e+000  1.565315e-003
 4.901500e+000  1.557968e-003
 4.926250e+000  1.515456e-003
 4.951000e+000  1.507430e-003
 4.975750e+000  1.400699e-003
 5.000500e+000  1.311647e-003
 5.025250e+000  1.370819e-003
 5.050000e+000  1.425674e-003
 5.074750e+000  1.305355e-003
 5.099500e+000  1.165483e-003
 5.124250e+000  1.066479e-003
 5.149000e+000  1.039108e-003
 5.173750e+000  9.754149e-004
 5.198500e+000  6.692537e-004
 5.223250e+000  5.294734e-004
 5.248000e+000  6.396336e-004
 5.272750e+000  6.599838e-004
 5.297500e+000  5.449754e-004
 5.322250e+000  4.721118e-004
 5.347000e+000  6.437878e-004
 5.371750e+000  7.092856e-004
 5.396500e+000  5.378123e-004
 5.421250e+000  3.913859e-004
 5.446000e+000  3.339687e-004
 5.470750e+000  3.419904e-004
 5.495500e+000  3.525915e-004
 5.520250e+000  2.834746e-004
 5.545000e+000  5.085143e-004
 5.569750e+000  5.790242e-004
 5.594500e+000  6.305901e-004
 5.619250e+000  5.362151e-004
 5.644000e+000  5.391076e-004
 5.668750e+000  4.476435e-004
 5.693500e+000  6.354031e-004
 5.718250e+000  7.492494e-004
 5.743000e+000  7.682362e-004
 5.767750e+000  8.069424e-004
 5.792500e+000  8.507063e-004
 5.817250e+000  8.040306e-004
 5.842000e+000  7.255583e-004
 5.866750e+000  7.709660e-004
 5.891500e+000  9.897848e-004
 5.916250e+000  1.043691e-003
 5.941000e+000  7.980525e-004
 5.965750e+000  8.949814e-004
 5.990500e+000  1.199929e-003
 6.015250e+000  1.236937e-003
 6.040000e+000  1.085183e-003
 6.064750e+000  9.348969e-004
 6.089500e+000  1.115069e-003
 6.114250e+000  1.417670e-003
 6.139000e+000  1.427142e-003
 6.163750e+000  1.297035e-003
 6.188500e+000  1.258633e-003
 6.213250e+000  1.404427e-003
 6.238000e+000  1.628049e-003
 6.262750e+000  1.612518e-003
 6.287500e+000  1.386960e-003
 6.312250e+000  1.329636e-003
 6.337000e+000  1.381207e-003
 6.361750e+000  1.343563e-003
 6.386500e+000  1.201204e-003
 6.411250e+000  1.069357e-003
 6.436000e+000  1.221198e-003
 6.460750e+000  1.555047e-003
 6.485500e+000  1.564558e-003
 6.510250e+000  1.372752e-003
 6.535000e+000  1.272068e-003
 6.559750e+000  1.287935e-003
 6.584500e+000  1.301089e-003
 6.609250e+000  1.204492e-003
 6.634000e+000  1.092552e-003
 6.658750e+000  1.364901e-003
 6.683500e+000  1.581078e-003
 6.708250e+000  1.479968e-003
 6.733000e+000  1.271087e-003
 6.757750e+000  1.124793e-003
 6.782500e+000  1.332087e-003
 6.807250e+000  1.385074e-003
 6.832000e+000  1.092337e-003
 6.856750e+000  7.214768e-004
 6.881500e+000  5.337679e-004
 6.906250e+000  7.435022e-004
 6.931000e+000  8.071248e-004
 6.955750e+000  5.980411e-004
 6.980500e+000  4.224850e-004
 7.005250e+000  4.888202e-004
 7.030000e+000  5.668830e-004
 7.054750e+000  6.025639e-004
 7.079500e+000  4.536129e-004
 7.104250e+000  4.941708e-004
 7.129000e+000  6.384748e-004
 7.153750e+000  5.259077e-004
 7.178500e+000  4.543077e-004
 7.203250e+000  6.644260e-004
 7.228000e+000  7.413714e-004
 7.252750e+000  6.068690e-004
 7.277500e+000  5.956164e-004
 7.302250e+000  8.442281e-004
 7.327000e+000  1.019934e-003
 7.351750e+000  6.804376e-004
 7.376500e+000  4.016730e-004
 7.401250e+000  5.727801e-004
 7.426000e+000  7.811399e-004
 7.450750e+000  5.808602e-004
 7.475500e+000  3.929851e-004
 7.500250e+000  4.466608e-004
 7.525000e+000  9.008909e-004
 7.549750e+000  1.218610e-003
 7.574500e+000  1.084916e-003
 7.599250e+000  7.557173e-004
 7.624000e+000  9.419233e-004
 7.648750e+000  1.203603e-003
 7.673500e+000  1.083359e-003
 7.698250e+000  7.383224e-004
 7.723000e+000  6.477848e-004
 7.747750e+000  9.582012e-004
 7.772500e+000  1.356438e-003
 7.797250e+000  1.212176e-003
 7.822000e+000  1.524765e-003
 7.846750e+000  1.700190e-003
 7.871500e+000  1.351463e-003
 7.896250e+000  1.536087e-003
 7.921000e+000  1.338383e-003
 7.945750e+000  1.330293e-003
 7.970500e+000  1.576552e-003
 7.995250e+000  1.693228e-003
 8.020000e+000  1.424435e-003
 8.044750e+000  1.202820e-003
 8.069500e+000  1.718174e-003
 8.094250e+000  2.257345e-003
 8.119000e+000  2.209767e-003
 8.143750e+000  1.693743e-003
 8.168500e+000  1.497759e-003
 8.193250e+000  1.822029e-003
 8.218000e+000  2.096224e-003
 8.242750e+000  1.938413e-003
 8.267500e+000  1.453082e-003
 8.292250e+000  1.328966e-003
 8.317000e+000  1.608347e-003
 8.341750e+000  1.752212e-003
 8.366500e+000  1.575188e-003
 8.391250e+000  1.273618e-003
 8.416000e+000  1.545663e-003
 8.440750e+000  1.854025e-003
 8.465500e+000  1.709867e-003
 8.490250e+000  1.591901e-003
 8.515000e+000  1.516089e-003
 8.539750e+000  1.549359e-003
 8.564500e+000  1.514211e-003
 8.589250e+000  1.379467e-003
 8.614000e+000  1.138073e-003
 8.638750e+000  1.345865e-003
 8.663500e+000  1.722797e-003
 8.688250e+000  1.684637e-003
 8.713000e+000  1.316567e-003
 8.737750e+000  1.227004e-003
 8.762500e+000  1.502822e-003
 8.787250e+000  1.691822e-003
 8.812000e+000  1.292183e-003
 8.836750e+000  6.959833e-004
 8.861500e+000  7.983319e-004
 8.886250e+000  1.018529e-003
 8.911000e+000  8.682007e-004
 8.935750e+000  5.396697e-004
 8.960500e+000  6.547236e-004
 8.985250e+000  1.179339e-003
 9.010000e+000  1.406781e-003
 9.034750e+000  1.059173e-003
 9.059500e+000  6.072207e-004
 9.084250e+000  8.890605e-004
 9.109000e+000  1.235550e-003
 9.133750e+000  1.037129e-003
 9.158500e+000  7.440483e-004
 9.183250e+000  1.123066e-003
 9.208000e+000  1.953604e-003
 9.232750e+000  1.520779e-003
 9.257500e+000  7.258867e-004
 9.282250e+000  6.626428e-004
 9.307000e+000  6.132070e-004
 9.331750e+000  4.031647e-004
 9.356500e+000  3.396359e-004
 9.381250e+000  6.145338e-004
 9.406000e+000  1.052642e-003
 9.430750e+000  1.117704e-003
 9.455500e+000  8.253363e-004
 9.480250e+000  5.920630e-004
 9.505000e+000  8.122325e-004
 9.529750e+000  9.087460e-004
 9.554500e+000  1.258606e-003
 9.579250e+000  1.032199e-003
 9.604000e+000  7.641064e-004
 9.628750e+000  9.120091e-004
 9.653500e+000  9.881693e-004
 9.678250e+000  1.025271e-003
 9.703000e+000  1.011716e-003
 9.727750e+000  6.794550e-004
 9.752500e+000  8.200298e-004
 9.777250e+000  9.953922e-004
 9.802000e+000  1.064064e-003
 9.826750e+000  1.114384e-003
 9.851500e+000  1.067204e-003
 9.876250e+000  1.069897e-003
 9.901000e+000  8.393607e-004
 9.925750e+000  6.501857e-004
 9.950500e+000  8.898622e-004
 9.975250e+000  1.160433e-003
 1.000000e+001  9.810300e-004
