 1.000000e+000  2.531993e-004
 1.247500e+000  2.143241e-004
 1.495000e+000  2.132916e-004
 1.742500e+000  2.136426e-004
 1.990000e+000  2.404010e-004
 2.237500e+000  2.662534e-004
 2.485000e+000  2.453874e-004
 2.732500e+000  2.708658e-004
 2.980000e+000  3.071553e-004
 3.227500e+000  2.877877e-004
 3.475000e+000  2.676257e-004
 3.722500e+000  3.050439e-004
 3.970000e+000  3.288986e-004
 4.217500e+000  4.149557e-004
 4.465000e+000  4.011567e-004
 4.712500e+000  3.554672e-004
 4.960000e+000  3.740515e-004
 5.207500e+000  3.348058e-004
 5.455000e+000  3.743916e-004
 5.702500e+000  3.237714e-004
 5.950000e+000  3.058800e-004
 6.197500e+000  3.920749e-004
 6.445000e+000  4.463086e-004
 6.692500e+000  4.924867e-004
 6.940000e+000  5.607964e-004
 7.187500e+000  5.154756e-004
 7.435000e+000  4.173083e-004
 7.682500e+000  6.863279e-004
 7.930000e+000  8.813741e-004
 8.177500e+000  5.976742e-004
 8.425000e+000  5.157505e-004
 8.672500e+000  5.561779e-004
 8.920000e+000  6.331019e-004
 9.167500e+000  8.257692e-004
 9.415000e+000  7.126285e-004
 9.662500e+000  5.888778e-004
 9.910000e+000  6.618391e-004
 1.015750e+001  6.431264e-004
 1.040500e+001  6.318569e-004
 1.065250e+001  6.365437e-004
 1.090000e+001  6.396756e-004
 1.114750e+001  6.161786e-004
 1.139500e+001  6.402787e-004
 1.164250e+001  7.391292e-004
 1.189000e+001  8.315374e-004
 1.213750e+001  1.017045e-003
 1.238500e+001  6.210832e-004
 1.263250e+001  6.786313e-004
 1.288000e+001  7.267812e-004
 1.312750e+001  7.037675e-004
 1.337500e+001  7.679996e-004
 1.362250e+001  7.826607e-004
 1.387000e+001  6.754298e-004
 1.411750e+001  7.028092e-004
 1.436500e+001  6.950944e-004
 1.461250e+001  6.838566e-004
 1.486000e+001  6.506600e-004
 1.510750e+001  6.805893e-004
 1.535500e+001  7.414419e-004
 1.560250e+001  7.802582e-004
 1.585000e+001  7.618168e-004
 1.609750e+001  6.325554e-004
 1.634500e+001  6.704051e-004
 1.659250e+001  8.318049e-004
 1.684000e+001  9.389304e-004
 1.708750e+001  8.321962e-004
 1.733500e+001  8.037049e-004
 1.758250e+001  8.573511e-004
 1.783000e+001  1.187545e-003
 1.807750e+001  7.962432e-004
 1.832500e+001  7.598472e-004
 1.857250e+001  8.298104e-004
 1.882000e+001  7.453120e-004
 1.906750e+001  7.055891e-004
 1.931500e+001  7.406645e-004
 1.956250e+001  6.678878e-004
 1.981000e+001  6.982747e-004
 2.005750e+001  7.179795e-004
 2.030500e+001  7.186178e-004
 2.055250e+001  6.773310e-004
 2.080000e+001  5.584557e-004
 2.104750e+001  5.411827e-004
 2.129500e+001  6.598715e-004
 2.154250e+001  6.884314e-004
 2.179000e+001  6.987485e-004
 2.203750e+001  6.469162e-004
 2.228500e+001  7.063242e-004
 2.253250e+001  7.076092e-004
 2.278000e+001  6.800972e-004
 2.302750e+001  6.707819e-004
 2.327500e+001  7.113310e-004
 2.352250e+001  7.687510e-004
 2.377000e+001  7.727672e-004
 2.401750e+001  8.521599e-004
 2.426500e+001  8.100698e-004
 2.451250e+001  7.808115e-004
 2.476000e+001  8.348415e-004
 2.500750e+001  7.867468e-004
 2.525500e+001  5.402502e-004
 2.550250e+001  4.585578e-004
 2.575000e+001  6.842405e-004
 2.599750e+001  6.642492e-004
 2.624500e+001  6.513590e-004
 2.649250e+001  7.453310e-004
 2.674000e+001  6.975398e-004
 2.698750e+001  6.144855e-004
 2.723500e+001  5.464215e-004
 2.748250e+001  6.226042e-004
 2.773000e+001  1.165792e-003
 2.797750e+001  1.132817e-003
 2.822500e+001  6.402255e-004
 2.847250e+001  6.556273e-004
 2.872000e+001  7.136411e-004
 2.896750e+001  8.493419e-004
 2.921500e+001  9.417968e-004
 2.946250e+001  6.282974e-004
 2.971000e+001  6.437356e-004
 2.995750e+001  7.578010e-004
 3.020500e+001  7.004051e-004
 3.045250e+001  5.890887e-004
 3.070000e+001  6.813168e-004
 3.094750e+001  6.172649e-004
 3.119500e+001  5.670843e-004
 3.144250e+001  5.730591e-004
 3.169000e+001  5.487692e-004
 3.193750e+001  5.613760e-004
 3.218500e+001  8.123128e-004
 3.243250e+001  6.609993e-004
 3.268000e+001  5.931659e-004
 3.292750e+001  5.860571e-004
 3.317500e+001  5.543839e-004
 3.342250e+001  5.953690e-004
 3.367000e+001  6.332621e-004
 3.391750e+001  6.161382e-004
 3.416500e+001  5.608925e-004
 3.441250e+001  5.249598e-004
 3.466000e+001  5.585496e-004
 3.490750e+001  5.242696e-004
 3.515500e+001  5.274045e-004
 3.540250e+001  6.050259e-004
 3.565000e+001  1.066448e-003
 3.589750e+001  8.418127e-004
 3.614500e+001  6.007073e-004
 3.639250e+001  6.316340e-004
 3.664000e+001  5.770926e-004
 3.688750e+001  7.636630e-004
 3.713500e+001  7.527768e-004
 3.738250e+001  5.220662e-004
 3.763000e+001  5.044237e-004
 3.787750e+001  4.695944e-004
 3.812500e+001  4.756375e-004
 3.837250e+001  4.537589e-004
 3.862000e+001  5.275247e-004
 3.886750e+001  5.297063e-004
 3.911500e+001  4.025452e-004
 3.936250e+001  4.142034e-004
 3.961000e+001  4.469557e-004
 3.985750e+001  5.463697e-004
 4.010500e+001  5.218467e-004
 4.035250e+001  4.702136e-004
 4.060000e+001  6.119673e-004
 4.084750e+001  5.159625e-004
 4.109500e+001  4.976539e-004
 4.134250e+001  4.726397e-004
 4.159000e+001  4.246189e-004
 4.183750e+001  4.452491e-004
 4.208500e+001  4.128960e-004
 4.233250e+001  3.903280e-004
 4.258000e+001  3.570623e-004
 4.282750e+001  4.230721e-004
 4.307500e+001  4.315163e-004
 4.332250e+001  4.143861e-004
 4.357000e+001  4.030740e-004
 4.381750e+001  4.518058e-004
 4.406500e+001  4.481306e-004
 4.431250e+001  4.668961e-004
 4.456000e+001  4.799276e-004
 4.480750e+001  4.794561e-004
 4.505500e+001  3.928892e-004
 4.530250e+001  4.552943e-004
 4.555000e+001  5.168173e-004
 4.579750e+001  4.280674e-004
 4.604500e+001  3.714113e-004
 4.629250e+001  3.681001e-004
 4.654000e+001  4.496055e-004
 4.678750e+001  3.990185e-004
 4.703500e+001  3.749892e-004
 4.728250e+001  3.636172e-004
 4.753000e+001  4.186917e-004
 4.777750e+001  5.763986e-004
 4.802500e+001  4.284011e-004
 4.827250e+001  3.273582e-004
 4.852000e+001  3.720564e-004
 4.876750e+001  4.135052e-004
 4.901500e+001  5.503294e-004
 4.926250e+001  6.269283e-004
 4.951000e+001  9.544495e-004
 4.975750e+001  1.399061e-002
 5.000500e+001  2.373827e-002
 5.025250e+001  1.015765e-002
 5.050000e+001  7.083248e-004
 5.074750e+001  4.737514e-004
 5.099500e+001  4.034745e-004
 5.124250e+001  3.914528e-004
 5.149000e+001  4.509643e-004
 5.173750e+001  4.077462e-004
 5.198500e+001  4.463730e-004
 5.223250e+001  4.200316e-004
 5.248000e+001  3.028323e-004
 5.272750e+001  3.274154e-004
 5.297500e+001  3.411494e-004
 5.322250e+001  4.376001e-004
 5.347000e+001  6.408110e-004
 5.371750e+001  4.451899e-004
 5.396500e+001  4.465211e-004
 5.421250e+001  4.009997e-004
 5.446000e+001  3.551287e-004
 5.470750e+001  3.072407e-004
 5.495500e+001  3.420875e-004
 5.520250e+001  2.804157e-004
 5.545000e+001  3.450694e-004
 5.569750e+001  3.633228e-004
 5.594500e+001  3.425208e-004
 5.619250e+001  3.350393e-004
 5.644000e+001  2.636145e-004
 5.668750e+001  2.937973e-004
 5.693500e+001  3.357847e-004
 5.718250e+001  3.220634e-004
 5.743000e+001  3.145389e-004
 5.767750e+001  2.849602e-004
 5.792500e+001  2.786954e-004
 5.817250e+001  2.510109e-004
 5.842000e+001  2.990351e-004
 5.866750e+001  3.170835e-004
 5.891500e+001  2.481859e-004
 5.916250e+001  2.768620e-004
 5.941000e+001  2.988093e-004
 5.965750e+001  2.650942e-004
 5.990500e+001  2.733030e-004
 6.015250e+001  2.787360e-004
 6.040000e+001  2.972426e-004
 6.064750e+001  3.228781e-004
 6.089500e+001  2.970587e-004
 6.114250e+001  2.483592e-004
 6.139000e+001  2.980065e-004
 6.163750e+001  2.602869e-004
 6.188500e+001  2.315725e-004
 6.213250e+001  2.766481e-004
 6.238000e+001  2.914072e-004
 6.262750e+001  3.454605e-004
 6.287500e+001  3.031443e-004
 6.312250e+001  2.973356e-004
 6.337000e+001  3.551695e-004
 6.361750e+001  3.137466e-004
 6.386500e+001  2.281006e-004
 6.411250e+001  2.622045e-004
 6.436000e+001  2.991187e-004
 6.460750e+001  2.813100e-004
 6.485500e+001  2.383152e-004
 6.510250e+001  2.192144e-004
 6.535000e+001  2.403091e-004
 6.559750e+001  2.735713e-004
 6.584500e+001  2.361853e-004
 6.609250e+001  2.717247e-004
 6.634000e+001  2.577445e-004
 6.658750e+001  2.051888e-004
 6.683500e+001  1.932707e-004
 6.708250e+001  2.141912e-004
 6.733000e+001  2.290584e-004
 6.757750e+001  2.495695e-004
 6.782500e+001  3.500372e-004
 6.807250e+001  2.707782e-004
 6.832000e+001  2.293153e-004
 6.856750e+001  2.007716e-004
 6.881500e+001  2.044938e-004
 6.906250e+001  3.676358e-004
 6.931000e+001  3.308605e-004
 6.955750e+001  2.199681e-004
 6.980500e+001  2.330095e-004
 7.005250e+001  2.286923e-004
 7.030000e+001  2.270854e-004
 7.054750e+001  2.197318e-004
 7.079500e+001  2.068575e-004
 7.104250e+001  2.263659e-004
 7.129000e+001  3.246992e-004
 7.153750e+001  2.910216e-004
 7.178500e+001  2.448337e-004
 7.203250e+001  2.734774e-004
 7.228000e+001  2.390093e-004
 7.252750e+001  2.145990e-004
 7.277500e+001  2.545140e-004
 7.302250e+001  2.215771e-004
 7.327000e+001  1.917155e-004
 7.351750e+001  2.039489e-004
 7.376500e+001  2.105648e-004
 7.401250e+001  2.219956e-004
 7.426000e+001  1.826058e-004
 7.450750e+001  1.769127e-004
 7.475500e+001  2.037755e-004
 7.500250e+001  2.243994e-004
 7.525000e+001  2.646268e-004
 7.549750e+001  2.431074e-004
 7.574500e+001  2.652438e-004
 7.599250e+001  2.117315e-004
 7.624000e+001  1.773748e-004
 7.648750e+001  1.966763e-004
 7.673500e+001  2.045233e-004
 7.698250e+001  2.409718e-004
 7.723000e+001  2.056328e-004
 7.747750e+001  1.938630e-004
 7.772500e+001  1.912910e-004
 7.797250e+001  1.984188e-004
 7.822000e+001  2.182592e-004
 7.846750e+001  2.221252e-004
 7.871500e+001  2.040275e-004
 7.896250e+001  2.080597e-004
 7.921000e+001  1.957667e-004
 7.945750e+001  2.050217e-004
 7.970500e+001  1.976473e-004
 7.995250e+001  2.105610e-004
 8.020000e+001  2.337601e-004
 8.044750e+001  2.016928e-004
 8.069500e+001  1.974550e-004
 8.094250e+001  2.189980e-004
 8.119000e+001  2.274498e-004
 8.143750e+001  1.787659e-004
 8.168500e+001  1.878391e-004
 8.193250e+001  1.972964e-004
 8.218000e+001  1.853426e-004
 8.242750e+001  1.834478e-004
 8.267500e+001  1.657439e-004
 8.292250e+001  1.667568e-004
 8.317000e+001  1.786879e-004
 8.341750e+001  1.874017e-004
 8.366500e+001  1.660227e-004
 8.391250e+001  1.806925e-004
 8.416000e+001  2.092208e-004
 8.440750e+001  1.709083e-004
 8.465500e+001  1.411794e-004
 8.490250e+001  1.859898e-004
 8.515000e+001  1.822552e-004
 8.539750e+001  1.606489e-004
 8.564500e+001  1.557392e-004
 8.589250e+001  1.512288e-004
 8.614000e+001  1.512380e-004
 8.638750e+001  1.877321e-004
 8.663500e+001  1.929160e-004
 8.688250e+001  1.740076e-004
 8.713000e+001  1.954169e-004
 8.737750e+001  1.747845e-004
 8.762500e+001  2.226314e-004
 8.787250e+001  2.023956e-004
 8.812000e+001  1.522533e-004
 8.836750e+001  1.601700e-004
 8.861500e+001  1.569438e-004
 8.886250e+001  2.019423e-004
 8.911000e+001  4.053653e-004
 8.935750e+001  3.350730e-004
 8.960500e+001  1.741937e-004
 8.985250e+001  1.711398e-004
 9.010000e+001  1.733967e-004
 9.034750e+001  1.802376e-004
 9.059500e+001  1.793391e-004
 9.084250e+001  1.541029e-004
 9.109000e+001  1.373960e-004
 9.133750e+001  1.784654e-004
 9.158500e+001  1.444649e-004
 9.183250e+001  1.450269e-004
 9.208000e+001  1.506076e-004
 9.232750e+001  1.572397e-004
 9.257500e+001  1.626811e-004
 9.282250e+001  1.706002e-004
 9.307000e+001  1.630505e-004
 9.331750e+001  1.468055e-004
 9.356500e+001  1.345859e-004
 9.381250e+001  1.604305e-004
 9.406000e+001  1.877516e-004
 9.430750e+001  1.492220e-004
 9.455500e+001  1.617961e-004
 9.480250e+001  1.560813e-004
 9.505000e+001  1.144303e-004
 9.529750e+001  1.212381e-004
 9.554500e+001  1.396607e-004
 9.579250e+001  1.326105e-004
 9.604000e+001  1.350457e-004
 9.628750e+001  1.322536e-004
 9.653500e+001  1.388877e-004
 9.678250e+001  1.396743e-004
 9.703000e+001  1.610865e-004
 9.727750e+001  1.376440e-004
 9.752500e+001  1.826122e-004
 9.777250e+001  1.565329e-004
 9.802000e+001  1.390538e-004
 9.826750e+001  1.405579e-004
 9.851500e+001  1.536128e-004
 9.876250e+001  1.363129e-004
 9.901000e+001  1.322005e-004
 9.925750e+001  1.428302e-004
 9.950500e+001  1.649668e-004
 9.975250e+001  3.328904e-004
 1.000000e+002  4.616204e-004
