 1.000000e+001  5.171151e-005
 1.061875e+001  4.106200e-005
 1.123750e+001  4.406550e-005
 1.185625e+001  4.923602e-005
 1.247500e+001  4.139058e-005
 1.309375e+001  3.678264e-005
 1.371250e+001  4.029943e-005
 1.433125e+001  3.836799e-005
 1.495000e+001  3.555056e-005
 1.556875e+001  3.015665e-005
 1.618750e+001  3.023808e-005
 1.680625e+001  3.227133e-005
 1.742500e+001  3.009232e-005
 1.804375e+001  2.481654e-005
 1.866250e+001  2.641948e-005
 1.928125e+001  2.585159e-005
 1.990000e+001  2.584548e-005
 2.051875e+001  2.646754e-005
 2.113750e+001  2.836888e-005
 2.175625e+001  2.585620e-005
 2.237500e+001  2.384147e-005
 2.299375e+001  2.668567e-005
 2.361250e+001  2.751726e-005
 2.423125e+001  2.734474e-005
 2.485000e+001  2.481104e-005
 2.546875e+001  2.169138e-005
 2.608750e+001  2.145946e-005
 2.670625e+001  2.005895e-005
 2.732500e+001  2.217662e-005
 2.794375e+001  2.013562e-005
 2.856250e+001  1.757529e-005
 2.918125e+001  2.186236e-005
 2.980000e+001  1.936937e-005
 3.041875e+001  2.073451e-005
 3.103750e+001  2.362363e-005
 3.165625e+001  2.087459e-005
 3.227500e+001  1.918045e-005
 3.289375e+001  1.712162e-005
 3.351250e+001  1.848930e-005
 3.413125e+001  1.860109e-005
 3.475000e+001  1.834189e-005
 3.536875e+001  1.893733e-005
 3.598750e+001  1.904364e-005
 3.660625e+001  1.790016e-005
 3.722500e+001  1.802307e-005
 3.784375e+001  1.825213e-005
 3.846250e+001  1.642750e-005
 3.908125e+001  1.676065e-005
 3.970000e+001  1.829014e-005
 4.031875e+001  1.889123e-005
 4.093750e+001  2.281647e-005
 4.155625e+001  1.775545e-005
 4.217500e+001  1.849364e-005
 4.279375e+001  1.825090e-005
 4.341250e+001  1.699600e-005
 4.403125e+001  1.823919e-005
 4.465000e+001  1.696899e-005
 4.526875e+001  1.692475e-005
 4.588750e+001  1.663281e-005
 4.650625e+001  1.927480e-005
 4.712500e+001  1.938908e-005
 4.774375e+001  1.974811e-005
 4.836250e+001  3.430268e-005
 4.898125e+001  1.494943e-004
 4.960000e+001  1.366533e-003
 5.021875e+001  1.799914e-003
 5.083750e+001  5.539400e-004
 5.145625e+001  5.172523e-005
 5.207500e+001  2.266455e-005
 5.269375e+001  1.761752e-005
 5.331250e+001  1.487590e-005
 5.393125e+001  1.391556e-005
 5.455000e+001  1.353794e-005
 5.516875e+001  1.666266e-005
 5.578750e+001  1.720793e-005
 5.640625e+001  1.781799e-005
 5.702500e+001  1.632092e-005
 5.764375e+001  1.470520e-005
 5.826250e+001  1.470212e-005
 5.888125e+001  1.674369e-005
 5.950000e+001  7.039662e-005
 6.011875e+001  1.109308e-004
 6.073750e+001  4.530881e-005
 6.135625e+001  1.541718e-005
 6.197500e+001  1.698151e-005
 6.259375e+001  1.507555e-005
 6.321250e+001  1.505060e-005
 6.383125e+001  1.506594e-005
 6.445000e+001  1.357853e-005
 6.506875e+001  1.553865e-005
 6.568750e+001  1.536351e-005
 6.630625e+001  1.576122e-005
 6.692500e+001  1.445813e-005
 6.754375e+001  1.363593e-005
 6.816250e+001  1.347836e-005
 6.878125e+001  1.645813e-005
 6.940000e+001  1.701661e-005
 7.001875e+001  1.475968e-005
 7.063750e+001  1.226946e-005
 7.125625e+001  1.287247e-005
 7.187500e+001  1.394064e-005
 7.249375e+001  1.389451e-005
 7.311250e+001  1.326981e-005
 7.373125e+001  1.476515e-005
 7.435000e+001  1.337074e-005
 7.496875e+001  1.381192e-005
 7.558750e+001  1.384140e-005
 7.620625e+001  1.370862e-005
 7.682500e+001  1.379770e-005
 7.744375e+001  1.364136e-005
 7.806250e+001  1.393330e-005
 7.868125e+001  1.403983e-005
 7.930000e+001  1.540619e-005
 7.991875e+001  1.507428e-005
 8.053750e+001  1.418550e-005
 8.115625e+001  1.803817e-005
 8.177500e+001  2.807709e-005
 8.239375e+001  2.159266e-005
 8.301250e+001  1.381506e-005
 8.363125e+001  1.230694e-005
 8.425000e+001  1.294710e-005
 8.486875e+001  1.369051e-005
 8.548750e+001  1.338766e-005
 8.610625e+001  1.397166e-005
 8.672500e+001  1.306445e-005
 8.734375e+001  1.222797e-005
 8.796250e+001  1.274740e-005
 8.858125e+001  1.294082e-005
 8.920000e+001  1.416060e-005
 8.981875e+001  1.377409e-005
 9.043750e+001  1.392937e-005
 9.105625e+001  1.450461e-005
 9.167500e+001  1.438629e-005
 9.229375e+001  1.179466e-005
 9.291250e+001  1.208275e-005
 9.353125e+001  1.286149e-005
 9.415000e+001  1.365305e-005
 9.476875e+001  1.427348e-005
 9.538750e+001  1.500073e-005
 9.600625e+001  1.469271e-005
 9.662500e+001  1.512041e-005
 9.724375e+001  1.302147e-005
 9.786250e+001  1.333960e-005
 9.848125e+001  1.436622e-005
 9.910000e+001  1.361286e-005
 9.971875e+001  3.988298e-005
 1.003375e+002  4.311191e-005
 1.009563e+002  1.429362e-005
 1.015750e+002  1.120065e-005
 1.021938e+002  1.216641e-005
 1.028125e+002  1.350991e-005
 1.034313e+002  1.420180e-005
 1.040500e+002  1.375655e-005
 1.046688e+002  1.187953e-005
 1.052875e+002  1.190765e-005
 1.059063e+002  1.273031e-005
 1.065250e+002  1.214183e-005
 1.071438e+002  1.355127e-005
 1.077625e+002  1.312220e-005
 1.083813e+002  1.255610e-005
 1.090000e+002  1.244781e-005
 1.096188e+002  1.108887e-005
 1.102375e+002  1.149348e-005
 1.108563e+002  1.258835e-005
 1.114750e+002  1.440942e-005
 1.120938e+002  1.451528e-005
 1.127125e+002  1.288855e-005
 1.133313e+002  1.056441e-005
 1.139500e+002  1.053133e-005
 1.145688e+002  1.162627e-005
 1.151875e+002  1.099150e-005
 1.158063e+002  1.239722e-005
 1.164250e+002  1.324388e-005
 1.170438e+002  1.243643e-005
 1.176625e+002  1.227955e-005
 1.182813e+002  1.296285e-005
 1.189000e+002  1.415394e-005
 1.195188e+002  4.744792e-005
 1.201375e+002  7.395403e-005
 1.207563e+002  3.308963e-005
 1.213750e+002  1.242584e-005
 1.219938e+002  1.202500e-005
 1.226125e+002  1.235490e-005
 1.232313e+002  1.137437e-005
 1.238500e+002  1.104920e-005
 1.244688e+002  1.137770e-005
 1.250875e+002  1.154397e-005
 1.257063e+002  1.209737e-005
 1.263250e+002  1.100518e-005
 1.269438e+002  1.179487e-005
 1.275625e+002  1.220040e-005
 1.281813e+002  1.149383e-005
 1.288000e+002  1.251113e-005
 1.294188e+002  1.118286e-005
 1.300375e+002  9.895977e-006
 1.306563e+002  1.268090e-005
 1.312750e+002  1.353078e-005
 1.318938e+002  1.284220e-005
 1.325125e+002  1.237137e-005
 1.331313e+002  1.100710e-005
 1.337500e+002  1.183344e-005
 1.343688e+002  1.335723e-005
 1.349875e+002  1.258129e-005
 1.356063e+002  1.221993e-005
 1.362250e+002  1.185062e-005
 1.368438e+002  1.105897e-005
 1.374625e+002  1.202471e-005
 1.380813e+002  1.265825e-005
 1.387000e+002  1.214610e-005
 1.393188e+002  1.154554e-005
 1.399375e+002  1.105189e-005
 1.405563e+002  1.181854e-005
 1.411750e+002  1.217325e-005
 1.417938e+002  1.119303e-005
 1.424125e+002  1.012351e-005
 1.430313e+002  1.158986e-005
 1.436500e+002  1.263268e-005
 1.442688e+002  1.249035e-005
 1.448875e+002  1.155991e-005
 1.455063e+002  1.190753e-005
 1.461250e+002  1.285856e-005
 1.467438e+002  1.235028e-005
 1.473625e+002  1.301437e-005
 1.479813e+002  1.746473e-005
 1.486000e+002  4.210274e-005
 1.492188e+002  3.202823e-004
 1.498375e+002  1.395387e-003
 1.504563e+002  1.290230e-003
 1.510750e+002  2.243768e-004
 1.516938e+002  3.513956e-005
 1.523125e+002  1.716024e-005
 1.529313e+002  1.272731e-005
 1.535500e+002  1.232832e-005
 1.541688e+002  1.164967e-005
 1.547875e+002  1.149489e-005
 1.554063e+002  1.187568e-005
 1.560250e+002  1.287216e-005
 1.566438e+002  1.147483e-005
 1.572625e+002  1.030898e-005
 1.578813e+002  1.092183e-005
 1.585000e+002  1.238496e-005
 1.591188e+002  1.233039e-005
 1.597375e+002  1.213484e-005
 1.603563e+002  1.230843e-005
 1.609750e+002  1.252558e-005
 1.615938e+002  1.274247e-005
 1.622125e+002  1.287282e-005
 1.628313e+002  1.225611e-005
 1.634500e+002  1.209683e-005
 1.640688e+002  1.241252e-005
 1.646875e+002  1.152553e-005
 1.653063e+002  1.033150e-005
 1.659250e+002  1.108581e-005
 1.665438e+002  1.210264e-005
 1.671625e+002  1.143386e-005
 1.677813e+002  1.249302e-005
 1.684000e+002  1.222264e-005
 1.690188e+002  1.256942e-005
 1.696375e+002  1.144612e-005
 1.702563e+002  1.167843e-005
 1.708750e+002  1.166736e-005
 1.714938e+002  1.072689e-005
 1.721125e+002  1.185980e-005
 1.727313e+002  1.273551e-005
 1.733500e+002  1.151174e-005
 1.739688e+002  1.225341e-005
 1.745875e+002  1.158556e-005
 1.752063e+002  1.185256e-005
 1.758250e+002  1.171993e-005
 1.764438e+002  1.196093e-005
 1.770625e+002  1.247217e-005
 1.776813e+002  1.107105e-005
 1.783000e+002  1.120297e-005
 1.789188e+002  1.205716e-005
 1.795375e+002  3.939578e-005
 1.801563e+002  6.316290e-005
 1.807750e+002  2.844424e-005
 1.813938e+002  1.259283e-005
 1.820125e+002  1.160304e-005
 1.826313e+002  1.051397e-005
 1.832500e+002  1.164678e-005
 1.838688e+002  1.145461e-005
 1.844875e+002  1.020976e-005
 1.851063e+002  1.087842e-005
 1.857250e+002  1.059101e-005
 1.863438e+002  1.112137e-005
 1.869625e+002  1.032863e-005
 1.875813e+002  1.138728e-005
 1.882000e+002  1.215368e-005
 1.888188e+002  1.135468e-005
 1.894375e+002  1.113088e-005
 1.900563e+002  1.244445e-005
 1.906750e+002  1.356444e-005
 1.912938e+002  1.206031e-005
 1.919125e+002  1.138890e-005
 1.925313e+002  1.198900e-005
 1.931500e+002  1.212210e-005
 1.937688e+002  1.164929e-005
 1.943875e+002  1.121985e-005
 1.950063e+002  1.031910e-005
 1.956250e+002  1.070636e-005
 1.962438e+002  1.044290e-005
 1.968625e+002  1.022638e-005
 1.974813e+002  1.163524e-005
 1.981000e+002  1.246601e-005
 1.987188e+002  1.022222e-005
 1.993375e+002  1.317913e-005
 1.999563e+002  2.972961e-005
 2.005750e+002  2.355785e-005
 2.011938e+002  1.143254e-005
 2.018125e+002  1.184411e-005
 2.024313e+002  1.141184e-005
 2.030500e+002  1.048070e-005
 2.036688e+002  1.056217e-005
 2.042875e+002  1.125349e-005
 2.049063e+002  1.075408e-005
 2.055250e+002  9.637812e-006
 2.061438e+002  1.038907e-005
 2.067625e+002  1.014489e-005
 2.073813e+002  1.026024e-005
 2.080000e+002  1.046455e-005
 2.086188e+002  1.138927e-005
 2.092375e+002  1.183935e-005
 2.098563e+002  9.930893e-006
 2.104750e+002  1.022285e-005
 2.110938e+002  1.081738e-005
 2.117125e+002  1.080877e-005
 2.123313e+002  1.097238e-005
 2.129500e+002  1.019872e-005
 2.135688e+002  1.007914e-005
 2.141875e+002  1.095844e-005
 2.148063e+002  1.103600e-005
 2.154250e+002  1.103607e-005
 2.160438e+002  1.166206e-005
 2.166625e+002  1.142990e-005
 2.172813e+002  1.290746e-005
 2.179000e+002  1.271888e-005
 2.185188e+002  1.193111e-005
 2.191375e+002  1.199150e-005
 2.197563e+002  1.159266e-005
 2.203750e+002  1.070646e-005
 2.209938e+002  1.114307e-005
 2.216125e+002  1.268913e-005
 2.222313e+002  1.315867e-005
 2.228500e+002  1.138413e-005
 2.234688e+002  1.207218e-005
 2.240875e+002  9.862697e-006
 2.247063e+002  9.616013e-006
 2.253250e+002  1.041107e-005
 2.259438e+002  1.166987e-005
 2.265625e+002  1.015634e-005
 2.271813e+002  1.016562e-005
 2.278000e+002  1.210408e-005
 2.284188e+002  1.183291e-005
 2.290375e+002  1.089180e-005
 2.296563e+002  1.148087e-005
 2.302750e+002  1.172839e-005
 2.308938e+002  1.093927e-005
 2.315125e+002  1.066851e-005
 2.321313e+002  1.162647e-005
 2.327500e+002  1.171492e-005
 2.333688e+002  9.928930e-006
 2.339875e+002  9.893423e-006
 2.346063e+002  9.476338e-006
 2.352250e+002  1.027362e-005
 2.358438e+002  1.129988e-005
 2.364625e+002  1.137958e-005
 2.370813e+002  1.211555e-005
 2.377000e+002  1.199116e-005
 2.383188e+002  1.123394e-005
 2.389375e+002  1.125754e-005
 2.395563e+002  3.635155e-005
 2.401750e+002  5.738689e-005
 2.407938e+002  2.451010e-005
 2.414125e+002  9.294587e-006
 2.420313e+002  9.778284e-006
 2.426500e+002  1.034010e-005
 2.432688e+002  1.087233e-005
 2.438875e+002  1.202924e-005
 2.445063e+002  1.172254e-005
 2.451250e+002  1.071210e-005
 2.457438e+002  1.037960e-005
 2.463625e+002  9.028474e-006
 2.469813e+002  9.561336e-006
 2.476000e+002  1.007325e-005
 2.482188e+002  1.145998e-005
 2.488375e+002  1.456873e-005
 2.494563e+002  1.741040e-004
 2.500750e+002  4.594947e-004
 2.506938e+002  2.981091e-004
 2.513125e+002  2.488631e-005
 2.519313e+002  1.263937e-005
 2.525500e+002  1.098927e-005
 2.531688e+002  1.107139e-005
 2.537875e+002  9.806439e-006
 2.544063e+002  1.091032e-005
 2.550250e+002  1.043530e-005
 2.556438e+002  1.014359e-005
 2.562625e+002  1.155283e-005
 2.568813e+002  1.040538e-005
 2.575000e+002  1.069085e-005
 2.581188e+002  1.076151e-005
 2.587375e+002  1.011506e-005
 2.593563e+002  1.020315e-005
 2.599750e+002  9.484387e-006
 2.605938e+002  1.010390e-005
 2.612125e+002  1.059237e-005
 2.618313e+002  9.716990e-006
 2.624500e+002  9.485808e-006
 2.630688e+002  8.764031e-006
 2.636875e+002  1.053259e-005
 2.643063e+002  9.277579e-006
 2.649250e+002  9.333745e-006
 2.655438e+002  1.005042e-005
 2.661625e+002  1.019789e-005
 2.667813e+002  1.105462e-005
 2.674000e+002  1.136530e-005
 2.680188e+002  1.100183e-005
 2.686375e+002  1.156662e-005
 2.692563e+002  9.979226e-006
 2.698750e+002  9.829048e-006
 2.704938e+002  1.058245e-005
 2.711125e+002  1.166950e-005
 2.717313e+002  1.125858e-005
 2.723500e+002  1.069287e-005
 2.729688e+002  9.165219e-006
 2.735875e+002  1.067214e-005
 2.742063e+002  1.197988e-005
 2.748250e+002  1.097582e-005
 2.754438e+002  1.116392e-005
 2.760625e+002  1.002919e-005
 2.766813e+002  1.118772e-005
 2.773000e+002  1.119607e-005
 2.779188e+002  1.118982e-005
 2.785375e+002  9.897890e-006
 2.791563e+002  9.363584e-006
 2.797750e+002  9.336231e-006
 2.803938e+002  1.022146e-005
 2.810125e+002  9.770433e-006
 2.816313e+002  1.057749e-005
 2.822500e+002  1.029752e-005
 2.828688e+002  1.141776e-005
 2.834875e+002  1.295048e-005
 2.841063e+002  1.081468e-005
 2.847250e+002  1.094389e-005
 2.853438e+002  1.224472e-005
 2.859625e+002  1.245582e-005
 2.865813e+002  1.094680e-005
 2.872000e+002  9.862798e-006
 2.878188e+002  1.026525e-005
 2.884375e+002  1.076820e-005
 2.890563e+002  1.103449e-005
 2.896750e+002  1.011599e-005
 2.902938e+002  1.117011e-005
 2.909125e+002  1.202429e-005
 2.915313e+002  1.192502e-005
 2.921500e+002  1.147623e-005
 2.927688e+002  1.026786e-005
 2.933875e+002  1.047312e-005
 2.940063e+002  1.039077e-005
 2.946250e+002  1.000148e-005
 2.952438e+002  1.026848e-005
 2.958625e+002  1.061676e-005
 2.964813e+002  9.881476e-006
 2.971000e+002  9.901981e-006
 2.977188e+002  1.041876e-005
 2.983375e+002  9.914699e-006
 2.989563e+002  1.093917e-005
 2.995750e+002  3.608013e-005
 3.001938e+002  6.029663e-005
 3.008125e+002  2.783413e-005
 3.014313e+002  1.098001e-005
 3.020500e+002  1.130330e-005
 3.026688e+002  1.039896e-005
 3.032875e+002  1.065245e-005
 3.039063e+002  1.067954e-005
 3.045250e+002  1.095117e-005
 3.051438e+002  1.079866e-005
 3.057625e+002  9.326131e-006
 3.063813e+002  9.434704e-006
 3.070000e+002  1.041121e-005
 3.076188e+002  1.036031e-005
 3.082375e+002  9.997888e-006
 3.088563e+002  1.061655e-005
 3.094750e+002  1.045742e-005
 3.100938e+002  9.164856e-006
 3.107125e+002  1.084838e-005
 3.113313e+002  1.086849e-005
 3.119500e+002  1.156925e-005
 3.125688e+002  1.304913e-005
 3.131875e+002  1.080367e-005
 3.138063e+002  9.379746e-006
 3.144250e+002  1.004071e-005
 3.150437e+002  1.084735e-005
 3.156625e+002  1.045539e-005
 3.162812e+002  1.099261e-005
 3.169000e+002  1.108013e-005
 3.175187e+002  1.019247e-005
 3.181375e+002  9.795156e-006
 3.187562e+002  1.157310e-005
 3.193750e+002  1.193617e-005
 3.199937e+002  1.125157e-005
 3.206125e+002  9.838050e-006
 3.212312e+002  9.726557e-006
 3.218500e+002  9.192762e-006
 3.224687e+002  9.993336e-006
 3.230875e+002  9.779109e-006
 3.237062e+002  9.168520e-006
 3.243250e+002  9.769226e-006
 3.249437e+002  1.041662e-005
 3.255625e+002  1.085611e-005
 3.261812e+002  1.029938e-005
 3.268000e+002  8.613450e-006
 3.274187e+002  9.701720e-006
 3.280375e+002  1.098567e-005
 3.286562e+002  1.179522e-005
 3.292750e+002  1.085629e-005
 3.298937e+002  1.120794e-005
 3.305125e+002  1.175147e-005
 3.311312e+002  1.099285e-005
 3.317500e+002  9.797277e-006
 3.323687e+002  9.522105e-006
 3.329875e+002  1.045003e-005
 3.336062e+002  1.001377e-005
 3.342250e+002  1.004839e-005
 3.348437e+002  9.369336e-006
 3.354625e+002  9.381418e-006
 3.360812e+002  1.086723e-005
 3.367000e+002  1.029643e-005
 3.373187e+002  1.089653e-005
 3.379375e+002  1.136895e-005
 3.385562e+002  1.057256e-005
 3.391750e+002  1.093562e-005
 3.397937e+002  1.073614e-005
 3.404125e+002  1.017087e-005
 3.410312e+002  1.006614e-005
 3.416500e+002  1.022340e-005
 3.422687e+002  1.048353e-005
 3.428875e+002  1.072141e-005
 3.435062e+002  1.185324e-005
 3.441250e+002  1.029356e-005
 3.447437e+002  8.408756e-006
 3.453625e+002  9.148793e-006
 3.459812e+002  9.038903e-006
 3.466000e+002  1.006567e-005
 3.472187e+002  1.016708e-005
 3.478375e+002  1.140761e-005
 3.484562e+002  1.054744e-005
 3.490750e+002  1.153072e-005
 3.496937e+002  1.231341e-004
 3.503125e+002  2.180939e-004
 3.509312e+002  9.600341e-005
 3.515500e+002  1.103005e-005
 3.521687e+002  1.010808e-005
 3.527875e+002  9.546420e-006
 3.534062e+002  1.023027e-005
 3.540250e+002  1.096792e-005
 3.546437e+002  1.138368e-005
 3.552625e+002  1.065929e-005
 3.558812e+002  9.200001e-006
 3.565000e+002  1.066656e-005
 3.571187e+002  1.095034e-005
 3.577375e+002  9.199378e-006
 3.583562e+002  1.052678e-005
 3.589750e+002  1.103643e-005
 3.595937e+002  3.458570e-005
 3.602125e+002  5.802518e-005
 3.608312e+002  2.631326e-005
 3.614500e+002  9.707913e-006
 3.620687e+002  1.001036e-005
 3.626875e+002  1.050779e-005
 3.633062e+002  1.012192e-005
 3.639250e+002  1.049540e-005
 3.645437e+002  1.084253e-005
 3.651625e+002  1.061885e-005
 3.657812e+002  1.063514e-005
 3.664000e+002  1.041696e-005
 3.670187e+002  1.065442e-005
 3.676375e+002  1.008578e-005
 3.682562e+002  8.793403e-006
 3.688750e+002  9.808261e-006
 3.694937e+002  9.540023e-006
 3.701125e+002  9.960698e-006
 3.707312e+002  1.003768e-005
 3.713500e+002  9.441209e-006
 3.719687e+002  9.582983e-006
 3.725875e+002  9.540771e-006
 3.732062e+002  8.965712e-006
 3.738250e+002  1.085949e-005
 3.744437e+002  1.166163e-005
 3.750625e+002  1.038289e-005
 3.756812e+002  9.264785e-006
 3.763000e+002  1.044213e-005
 3.769187e+002  1.163067e-005
 3.775375e+002  1.164846e-005
 3.781562e+002  1.084555e-005
 3.787750e+002  1.053534e-005
 3.793937e+002  1.029382e-005
 3.800125e+002  1.072740e-005
 3.806312e+002  1.081173e-005
 3.812500e+002  1.168711e-005
 3.818687e+002  1.071069e-005
 3.824875e+002  9.892950e-006
 3.831062e+002  1.111206e-005
 3.837250e+002  1.104578e-005
 3.843437e+002  1.096873e-005
 3.849625e+002  1.108143e-005
 3.855812e+002  1.040099e-005
 3.862000e+002  1.163716e-005
 3.868187e+002  1.044122e-005
 3.874375e+002  1.027559e-005
 3.880562e+002  1.024242e-005
 3.886750e+002  9.063885e-006
 3.892937e+002  9.919835e-006
 3.899125e+002  1.052990e-005
 3.905312e+002  1.066425e-005
 3.911500e+002  1.067930e-005
 3.917687e+002  9.894868e-006
 3.923875e+002  8.995791e-006
 3.930062e+002  9.696115e-006
 3.936250e+002  1.154377e-005
 3.942437e+002  1.175894e-005
 3.948625e+002  1.085645e-005
 3.954812e+002  1.046603e-005
 3.961000e+002  9.966504e-006
 3.967187e+002  1.008053e-005
 3.973375e+002  9.427953e-006
 3.979562e+002  1.145640e-005
 3.985750e+002  1.171265e-005
 3.991937e+002  1.122686e-005
 3.998125e+002  1.414636e-005
 4.004312e+002  1.560651e-005
 4.010500e+002  1.121951e-005
 4.016687e+002  1.123417e-005
 4.022875e+002  1.004496e-005
 4.029062e+002  1.010355e-005
 4.035250e+002  9.608580e-006
 4.041437e+002  1.015642e-005
 4.047625e+002  9.794325e-006
 4.053812e+002  1.072811e-005
 4.060000e+002  1.031729e-005
 4.066187e+002  1.018205e-005
 4.072375e+002  1.053762e-005
 4.078562e+002  1.019781e-005
 4.084750e+002  9.212603e-006
 4.090937e+002  1.043120e-005
 4.097125e+002  9.854374e-006
 4.103312e+002  1.088566e-005
 4.109500e+002  1.018513e-005
 4.115687e+002  8.367659e-006
 4.121875e+002  9.159828e-006
 4.128062e+002  9.097104e-006
 4.134250e+002  9.435883e-006
 4.140437e+002  1.019212e-005
 4.146625e+002  9.334565e-006
 4.152812e+002  9.679215e-006
 4.159000e+002  9.569143e-006
 4.165187e+002  1.104335e-005
 4.171375e+002  1.047020e-005
 4.177562e+002  9.433127e-006
 4.183750e+002  1.050999e-005
 4.189937e+002  9.806870e-006
 4.196125e+002  3.372961e-005
 4.202312e+002  5.730734e-005
 4.208500e+002  2.603520e-005
 4.214687e+002  1.053315e-005
 4.220875e+002  9.759722e-006
 4.227062e+002  8.996069e-006
 4.233250e+002  1.017353e-005
 4.239437e+002  9.792006e-006
 4.245625e+002  8.759922e-006
 4.251812e+002  1.015156e-005
 4.258000e+002  1.037737e-005
 4.264187e+002  9.798488e-006
 4.270375e+002  1.071434e-005
 4.276562e+002  1.087257e-005
 4.282750e+002  1.014309e-005
 4.288937e+002  9.764559e-006
 4.295125e+002  1.002584e-005
 4.301312e+002  1.061184e-005
 4.307500e+002  1.021506e-005
 4.313687e+002  9.484915e-006
 4.319875e+002  9.602952e-006
 4.326062e+002  9.241848e-006
 4.332250e+002  9.294578e-006
 4.338437e+002  1.049554e-005
 4.344625e+002  1.039468e-005
 4.350812e+002  1.002512e-005
 4.357000e+002  1.061059e-005
 4.363187e+002  1.123491e-005
 4.369375e+002  1.064289e-005
 4.375562e+002  9.828961e-006
 4.381750e+002  1.016007e-005
 4.387937e+002  9.661139e-006
 4.394125e+002  8.991409e-006
 4.400312e+002  9.958277e-006
 4.406500e+002  1.121723e-005
 4.412687e+002  1.158784e-005
 4.418875e+002  1.159508e-005
 4.425062e+002  1.060463e-005
 4.431250e+002  9.716177e-006
 4.437437e+002  9.874230e-006
 4.443625e+002  9.909783e-006
 4.449812e+002  9.415388e-006
 4.456000e+002  9.942197e-006
 4.462187e+002  1.008046e-005
 4.468375e+002  1.004397e-005
 4.474562e+002  1.130879e-005
 4.480750e+002  1.016797e-005
 4.486937e+002  9.434513e-006
 4.493125e+002  1.438237e-005
 4.499312e+002  7.455124e-005
 4.505500e+002  9.080133e-005
 4.511687e+002  2.809493e-005
 4.517875e+002  1.154257e-005
 4.524062e+002  1.097198e-005
 4.530250e+002  1.134462e-005
 4.536437e+002  1.051586e-005
 4.542625e+002  1.017442e-005
 4.548812e+002  1.169964e-005
 4.555000e+002  1.133048e-005
 4.561187e+002  1.157718e-005
 4.567375e+002  1.042067e-005
 4.573562e+002  9.043770e-006
 4.579750e+002  8.811872e-006
 4.585937e+002  1.043095e-005
 4.592125e+002  1.029365e-005
 4.598312e+002  1.019452e-005
 4.604500e+002  1.070647e-005
 4.610687e+002  1.014075e-005
 4.616875e+002  1.027400e-005
 4.623062e+002  1.223769e-005
 4.629250e+002  1.214330e-005
 4.635437e+002  1.139865e-005
 4.641625e+002  1.096963e-005
 4.647812e+002  1.130018e-005
 4.654000e+002  1.026241e-005
 4.660187e+002  9.851018e-006
 4.666375e+002  9.618644e-006
 4.672562e+002  9.715375e-006
 4.678750e+002  1.040013e-005
 4.684937e+002  1.045648e-005
 4.691125e+002  1.083315e-005
 4.697312e+002  1.061875e-005
 4.703500e+002  1.017136e-005
 4.709687e+002  1.015205e-005
 4.715875e+002  1.023171e-005
 4.722062e+002  1.123726e-005
 4.728250e+002  9.827486e-006
 4.734437e+002  1.089810e-005
 4.740625e+002  1.080967e-005
 4.746812e+002  1.128561e-005
 4.753000e+002  1.154893e-005
 4.759187e+002  1.053433e-005
 4.765375e+002  1.012909e-005
 4.771562e+002  9.768998e-006
 4.777750e+002  9.023103e-006
 4.783937e+002  9.478833e-006
 4.790125e+002  9.663086e-006
 4.796312e+002  3.352072e-005
 4.802500e+002  5.769862e-005
 4.808687e+002  2.611831e-005
 4.814875e+002  9.478002e-006
 4.821062e+002  1.017204e-005
 4.827250e+002  1.031534e-005
 4.833437e+002  9.871032e-006
 4.839625e+002  9.618706e-006
 4.845812e+002  9.376494e-006
 4.852000e+002  9.657712e-006
 4.858187e+002  1.098923e-005
 4.864375e+002  1.095162e-005
 4.870562e+002  1.053720e-005
 4.876750e+002  1.095402e-005
 4.882937e+002  9.793295e-006
 4.889125e+002  8.813793e-006
 4.895312e+002  7.439689e-006
 4.901500e+002  1.021209e-005
 4.907687e+002  1.168130e-005
 4.913875e+002  1.093275e-005
 4.920062e+002  1.025780e-005
 4.926250e+002  9.986712e-006
 4.932437e+002  1.117730e-005
 4.938625e+002  1.135207e-005
 4.944812e+002  1.092759e-005
 4.951000e+002  1.042057e-005
 4.957187e+002  9.450789e-006
 4.963375e+002  1.026651e-005
 4.969562e+002  1.048176e-005
 4.975750e+002  9.763794e-006
 4.981937e+002  9.664285e-006
 4.988125e+002  9.687003e-006
 4.994312e+002  1.016112e-005
 5.000500e+002  9.468042e-006
 5.006687e+002  1.008965e-005
 5.012875e+002  9.820303e-006
 5.019062e+002  1.039209e-005
 5.025250e+002  9.874424e-006
 5.031437e+002  9.316388e-006
 5.037625e+002  9.354614e-006
 5.043812e+002  9.741060e-006
 5.050000e+002  1.034516e-005
 5.056187e+002  9.787719e-006
 5.062375e+002  9.639161e-006
 5.068562e+002  1.045174e-005
 5.074750e+002  1.105628e-005
 5.080937e+002  1.067462e-005
 5.087125e+002  9.657152e-006
 5.093312e+002  9.772579e-006
 5.099500e+002  9.644610e-006
 5.105687e+002  1.045216e-005
 5.111875e+002  1.014486e-005
 5.118062e+002  9.508538e-006
 5.124250e+002  8.241340e-006
 5.130437e+002  9.450299e-006
 5.136625e+002  9.864010e-006
 5.142812e+002  9.371217e-006
 5.149000e+002  1.036522e-005
 5.155187e+002  1.012243e-005
 5.161375e+002  9.604925e-006
 5.167562e+002  1.040298e-005
 5.173750e+002  1.028229e-005
 5.179937e+002  1.032683e-005
 5.186125e+002  1.037096e-005
 5.192312e+002  1.021053e-005
 5.198500e+002  1.150006e-005
 5.204687e+002  1.093532e-005
 5.210875e+002  1.013829e-005
 5.217062e+002  9.770925e-006
 5.223250e+002  1.088270e-005
 5.229437e+002  1.073659e-005
 5.235625e+002  9.202285e-006
 5.241812e+002  8.896781e-006
 5.248000e+002  9.490951e-006
 5.254187e+002  1.124508e-005
 5.260375e+002  1.017934e-005
 5.266562e+002  9.876998e-006
 5.272750e+002  1.034068e-005
 5.278937e+002  1.036965e-005
 5.285125e+002  1.021535e-005
 5.291312e+002  9.828933e-006
 5.297500e+002  1.097330e-005
 5.303687e+002  1.091491e-005
 5.309875e+002  9.849696e-006
 5.316062e+002  1.006404e-005
 5.322250e+002  1.178174e-005
 5.328437e+002  9.631413e-006
 5.334625e+002  9.484831e-006
 5.340812e+002  1.023209e-005
 5.347000e+002  1.028703e-005
 5.353187e+002  9.468020e-006
 5.359375e+002  1.006174e-005
 5.365562e+002  9.621747e-006
 5.371750e+002  9.708650e-006
 5.377937e+002  1.006791e-005
 5.384125e+002  9.682709e-006
 5.390312e+002  8.851302e-006
 5.396500e+002  3.224853e-005
 5.402687e+002  5.697183e-005
 5.408875e+002  2.627067e-005
 5.415062e+002  1.012015e-005
 5.421250e+002  9.551289e-006
 5.427437e+002  9.281367e-006
 5.433625e+002  1.095276e-005
 5.439812e+002  1.100571e-005
 5.446000e+002  9.352422e-006
 5.452187e+002  9.171889e-006
 5.458375e+002  1.049895e-005
 5.464562e+002  1.017412e-005
 5.470750e+002  1.006772e-005
 5.476937e+002  9.745699e-006
 5.483125e+002  8.945226e-006
 5.489312e+002  9.613496e-006
 5.495500e+002  4.471202e-005
 5.501687e+002  1.672492e-004
 5.507875e+002  1.442737e-004
 5.514062e+002  2.478571e-005
 5.520250e+002  1.016518e-005
 5.526437e+002  1.032552e-005
 5.532625e+002  9.837021e-006
 5.538812e+002  1.006149e-005
 5.545000e+002  9.505577e-006
 5.551187e+002  1.020430e-005
 5.557375e+002  9.893855e-006
 5.563562e+002  9.184471e-006
 5.569750e+002  8.909119e-006
 5.575937e+002  8.862276e-006
 5.582125e+002  8.689949e-006
 5.588312e+002  9.724087e-006
 5.594500e+002  9.601212e-006
 5.600687e+002  9.377956e-006
 5.606875e+002  9.412385e-006
 5.613062e+002  1.059582e-005
 5.619250e+002  1.079019e-005
 5.625437e+002  1.065000e-005
 5.631625e+002  1.028118e-005
 5.637812e+002  1.067950e-005
 5.644000e+002  1.037267e-005
 5.650187e+002  1.046409e-005
 5.656375e+002  1.146188e-005
 5.662562e+002  1.214325e-005
 5.668750e+002  1.167779e-005
 5.674937e+002  1.065502e-005
 5.681125e+002  1.042388e-005
 5.687312e+002  1.055812e-005
 5.693500e+002  9.824775e-006
 5.699687e+002  9.071138e-006
 5.705875e+002  1.123155e-005
 5.712062e+002  1.011913e-005
 5.718250e+002  9.058584e-006
 5.724437e+002  1.032306e-005
 5.730625e+002  1.029528e-005
 5.736812e+002  1.042823e-005
 5.743000e+002  9.968741e-006
 5.749187e+002  9.563861e-006
 5.755375e+002  9.077107e-006
 5.761562e+002  9.881810e-006
 5.767750e+002  9.574536e-006
 5.773937e+002  9.730734e-006
 5.780125e+002  9.103004e-006
 5.786312e+002  9.661729e-006
 5.792500e+002  1.127711e-005
 5.798687e+002  1.036077e-005
 5.804875e+002  1.110437e-005
 5.811062e+002  9.761544e-006
 5.817250e+002  9.331727e-006
 5.823437e+002  1.172740e-005
 5.829625e+002  1.149238e-005
 5.835812e+002  1.056404e-005
 5.842000e+002  1.013188e-005
 5.848187e+002  9.352457e-006
 5.854375e+002  1.048140e-005
 5.860562e+002  9.360020e-006
 5.866750e+002  9.601939e-006
 5.872937e+002  1.030615e-005
 5.879125e+002  1.017029e-005
 5.885312e+002  1.051893e-005
 5.891500e+002  1.034789e-005
 5.897687e+002  8.717641e-006
 5.903875e+002  9.484038e-006
 5.910062e+002  1.060797e-005
 5.916250e+002  1.040084e-005
 5.922437e+002  1.035568e-005
 5.928625e+002  9.023293e-006
 5.934812e+002  1.057683e-005
 5.941000e+002  1.088878e-005
 5.947187e+002  9.321223e-006
 5.953375e+002  9.375536e-006
 5.959562e+002  1.002462e-005
 5.965750e+002  8.207490e-006
 5.971937e+002  8.513286e-006
 5.978125e+002  8.397041e-006
 5.984312e+002  9.668528e-006
 5.990500e+002  9.200428e-006
 5.996687e+002  3.438486e-005
 6.002875e+002  5.666556e-005
 6.009062e+002  2.624313e-005
 6.015250e+002  1.039803e-005
 6.021437e+002  1.026104e-005
 6.027625e+002  9.658864e-006
 6.033812e+002  9.319507e-006
 6.040000e+002  9.867542e-006
 6.046187e+002  1.150815e-005
 6.052375e+002  1.020504e-005
 6.058562e+002  1.001471e-005
 6.064750e+002  1.043492e-005
 6.070937e+002  1.083675e-005
 6.077125e+002  9.222796e-006
 6.083312e+002  9.169551e-006
 6.089500e+002  9.218804e-006
 6.095687e+002  9.340570e-006
 6.101875e+002  1.015733e-005
 6.108062e+002  9.661125e-006
 6.114250e+002  9.076191e-006
 6.120437e+002  8.488563e-006
 6.126625e+002  9.224620e-006
 6.132812e+002  1.038091e-005
 6.139000e+002  1.117752e-005
 6.145187e+002  1.046979e-005
 6.151375e+002  1.025136e-005
 6.157562e+002  1.009321e-005
 6.163750e+002  9.874036e-006
 6.169937e+002  1.015789e-005
 6.176125e+002  9.975707e-006
 6.182312e+002  1.000985e-005
 6.188500e+002  1.037250e-005
 6.194687e+002  1.004739e-005
 6.200875e+002  8.821530e-006
 6.207062e+002  9.092482e-006
 6.213250e+002  9.409214e-006
 6.219437e+002  9.618417e-006
 6.225625e+002  9.891213e-006
 6.231812e+002  9.811096e-006
 6.238000e+002  1.055979e-005
 6.244187e+002  9.975450e-006
 6.250375e+002  9.484078e-006
 6.256562e+002  1.003201e-005
 6.262750e+002  1.026809e-005
 6.268937e+002  1.180453e-005
 6.275125e+002  1.038028e-005
 6.281312e+002  8.642847e-006
 6.287500e+002  9.366246e-006
 6.293687e+002  1.076859e-005
 6.299875e+002  9.394062e-006
 6.306062e+002  8.747141e-006
 6.312250e+002  9.198951e-006
 6.318437e+002  9.547134e-006
 6.324625e+002  9.923215e-006
 6.330812e+002  9.637421e-006
 6.337000e+002  9.394369e-006
 6.343187e+002  9.852897e-006
 6.349375e+002  1.000289e-005
 6.355562e+002  1.055621e-005
 6.361750e+002  9.638060e-006
 6.367937e+002  9.248228e-006
 6.374125e+002  1.048117e-005
 6.380312e+002  9.591775e-006
 6.386500e+002  9.049704e-006
 6.392687e+002  9.717351e-006
 6.398875e+002  9.559312e-006
 6.405062e+002  1.017443e-005
 6.411250e+002  1.124938e-005
 6.417437e+002  1.038780e-005
 6.423625e+002  9.569466e-006
 6.429812e+002  1.034178e-005
 6.436000e+002  9.408499e-006
 6.442187e+002  8.903791e-006
 6.448375e+002  9.072687e-006
 6.454562e+002  8.685493e-006
 6.460750e+002  9.611444e-006
 6.466937e+002  1.066373e-005
 6.473125e+002  1.066350e-005
 6.479312e+002  8.631385e-006
 6.485500e+002  9.086062e-006
 6.491687e+002  9.458703e-006
 6.497875e+002  3.051278e-005
 6.504062e+002  6.826151e-005
 6.510250e+002  4.115499e-005
 6.516437e+002  9.955822e-006
 6.522625e+002  1.004140e-005
 6.528812e+002  1.011152e-005
 6.535000e+002  1.052686e-005
 6.541187e+002  9.787485e-006
 6.547375e+002  8.999508e-006
 6.553562e+002  1.007421e-005
 6.559750e+002  1.063984e-005
 6.565937e+002  9.682385e-006
 6.572125e+002  1.024455e-005
 6.578312e+002  1.117510e-005
 6.584500e+002  9.703945e-006
 6.590687e+002  9.162323e-006
 6.596875e+002  3.401279e-005
 6.603062e+002  5.720496e-005
 6.609250e+002  2.680796e-005
 6.615437e+002  1.015670e-005
 6.621625e+002  9.981260e-006
 6.627812e+002  9.485906e-006
 6.634000e+002  1.012963e-005
 6.640187e+002  1.008407e-005
 6.646375e+002  9.071551e-006
 6.652562e+002  9.505996e-006
 6.658750e+002  1.082114e-005
 6.664937e+002  1.055374e-005
 6.671125e+002  1.110855e-005
 6.677312e+002  1.012708e-005
 6.683500e+002  8.979806e-006
 6.689687e+002  1.020455e-005
 6.695875e+002  1.077130e-005
 6.702062e+002  9.283876e-006
 6.708250e+002  9.995370e-006
 6.714437e+002  1.013318e-005
 6.720625e+002  9.333003e-006
 6.726812e+002  9.046416e-006
 6.733000e+002  9.626037e-006
 6.739187e+002  9.842038e-006
 6.745375e+002  9.415802e-006
 6.751562e+002  8.970817e-006
 6.757750e+002  8.991780e-006
 6.763937e+002  8.701241e-006
 6.770125e+002  9.143503e-006
 6.776312e+002  9.197627e-006
 6.782500e+002  9.295930e-006
 6.788687e+002  1.025436e-005
 6.794875e+002  9.867999e-006
 6.801062e+002  1.145710e-005
 6.807250e+002  9.925533e-006
 6.813437e+002  1.031242e-005
 6.819625e+002  1.088069e-005
 6.825812e+002  1.061128e-005
 6.832000e+002  1.070528e-005
 6.838187e+002  1.116717e-005
 6.844375e+002  1.079346e-005
 6.850562e+002  9.395572e-006
 6.856750e+002  8.659773e-006
 6.862937e+002  9.677844e-006
 6.869125e+002  1.004606e-005
 6.875312e+002  9.252738e-006
 6.881500e+002  8.863008e-006
 6.887687e+002  9.680730e-006
 6.893875e+002  1.062238e-005
 6.900062e+002  1.044547e-005
 6.906250e+002  1.009360e-005
 6.912437e+002  8.905561e-006
 6.918625e+002  1.009796e-005
 6.924812e+002  1.180528e-005
 6.931000e+002  1.163504e-005
 6.937187e+002  1.114992e-005
 6.943375e+002  1.057172e-005
 6.949562e+002  1.012457e-005
 6.955750e+002  1.021875e-005
 6.961937e+002  1.045351e-005
 6.968125e+002  1.051180e-005
 6.974312e+002  9.807852e-006
 6.980500e+002  9.982337e-006
 6.986687e+002  1.063702e-005
 6.992875e+002  9.910306e-006
 6.999062e+002  8.619740e-006
 7.005250e+002  1.000837e-005
 7.011437e+002  1.032058e-005
 7.017625e+002  9.113877e-006
 7.023812e+002  9.151666e-006
 7.030000e+002  9.739748e-006
 7.036187e+002  9.210226e-006
 7.042375e+002  1.118065e-005
 7.048562e+002  1.069733e-005
 7.054750e+002  9.162126e-006
 7.060937e+002  1.077006e-005
 7.067125e+002  1.019769e-005
 7.073312e+002  9.822293e-006
 7.079500e+002  9.458546e-006
 7.085687e+002  9.908910e-006
 7.091875e+002  1.032809e-005
 7.098062e+002  9.131912e-006
 7.104250e+002  1.013242e-005
 7.110437e+002  1.071499e-005
 7.116625e+002  1.008835e-005
 7.122812e+002  8.931659e-006
 7.129000e+002  1.020328e-005
 7.135187e+002  1.053058e-005
 7.141375e+002  9.661715e-006
 7.147562e+002  9.294614e-006
 7.153750e+002  1.038392e-005
 7.159937e+002  9.798825e-006
 7.166125e+002  9.590174e-006
 7.172312e+002  8.960322e-006
 7.178500e+002  9.083545e-006
 7.184687e+002  9.301864e-006
 7.190875e+002  8.623481e-006
 7.197062e+002  3.059785e-005
 7.203250e+002  5.464477e-005
 7.209437e+002  2.683481e-005
 7.215625e+002  9.902240e-006
 7.221812e+002  8.213415e-006
 7.228000e+002  8.668895e-006
 7.234187e+002  9.357547e-006
 7.240375e+002  9.097739e-006
 7.246562e+002  8.729611e-006
 7.252750e+002  7.602042e-006
 7.258937e+002  8.355617e-006
 7.265125e+002  9.158689e-006
 7.271312e+002  9.526191e-006
 7.277500e+002  9.044927e-006
 7.283687e+002  7.140107e-006
 7.289875e+002  8.529939e-006
 7.296062e+002  9.176832e-006
 7.302250e+002  1.035235e-005
 7.308437e+002  9.861132e-006
 7.314625e+002  9.031105e-006
 7.320812e+002  9.337293e-006
 7.327000e+002  9.430702e-006
 7.333187e+002  8.865173e-006
 7.339375e+002  9.412631e-006
 7.345562e+002  9.242267e-006
 7.351750e+002  8.733513e-006
 7.357937e+002  9.709605e-006
 7.364125e+002  1.009794e-005
 7.370312e+002  1.070279e-005
 7.376500e+002  1.074124e-005
 7.382687e+002  1.096003e-005
 7.388875e+002  1.096907e-005
 7.395062e+002  1.013778e-005
 7.401250e+002  1.131800e-005
 7.407437e+002  9.935562e-006
 7.413625e+002  9.446410e-006
 7.419812e+002  9.343763e-006
 7.426000e+002  8.561780e-006
 7.432187e+002  8.771579e-006
 7.438375e+002  9.816891e-006
 7.444562e+002  9.291962e-006
 7.450750e+002  9.840751e-006
 7.456937e+002  9.963703e-006
 7.463125e+002  9.375095e-006
 7.469312e+002  9.438652e-006
 7.475500e+002  8.776699e-006
 7.481687e+002  9.271136e-006
 7.487875e+002  8.648605e-006
 7.494062e+002  1.215573e-005
 7.500250e+002  1.007712e-004
 7.506437e+002  1.610683e-004
 7.512625e+002  6.649498e-005
 7.518812e+002  1.041706e-005
 7.525000e+002  9.942114e-006
 7.531187e+002  1.010777e-005
 7.537375e+002  1.033866e-005
 7.543562e+002  9.668869e-006
 7.549750e+002  8.877021e-006
 7.555937e+002  9.041059e-006
 7.562125e+002  9.564540e-006
 7.568312e+002  9.719048e-006
 7.574500e+002  1.036470e-005
 7.580687e+002  8.755020e-006
 7.586875e+002  9.816402e-006
 7.593062e+002  9.750520e-006
 7.599250e+002  8.613978e-006
 7.605437e+002  9.107830e-006
 7.611625e+002  9.678019e-006
 7.617812e+002  9.497915e-006
 7.624000e+002  1.045144e-005
 7.630187e+002  1.120242e-005
 7.636375e+002  9.817485e-006
 7.642562e+002  9.899393e-006
 7.648750e+002  1.024999e-005
 7.654937e+002  1.063305e-005
 7.661125e+002  9.403582e-006
 7.667312e+002  8.316693e-006
 7.673500e+002  9.810832e-006
 7.679687e+002  1.004659e-005
 7.685875e+002  1.047657e-005
 7.692062e+002  9.675582e-006
 7.698250e+002  9.678235e-006
 7.704437e+002  1.039188e-005
 7.710625e+002  1.006565e-005
 7.716812e+002  9.534014e-006
 7.723000e+002  9.147339e-006
 7.729187e+002  8.180621e-006
 7.735375e+002  9.557907e-006
 7.741562e+002  9.262295e-006
 7.747750e+002  9.737406e-006
 7.753937e+002  1.069230e-005
 7.760125e+002  1.050349e-005
 7.766312e+002  1.057733e-005
 7.772500e+002  9.023571e-006
 7.778687e+002  9.542953e-006
 7.784875e+002  1.018335e-005
 7.791062e+002  9.316474e-006
 7.797250e+002  2.943101e-005
 7.803437e+002  5.320851e-005
 7.809625e+002  2.584761e-005
 7.815812e+002  9.156972e-006
 7.822000e+002  9.186053e-006
 7.828187e+002  8.331906e-006
 7.834375e+002  8.706438e-006
 7.840562e+002  1.041669e-005
 7.846750e+002  1.095359e-005
 7.852937e+002  9.813532e-006
 7.859125e+002  9.549431e-006
 7.865312e+002  9.466357e-006
 7.871500e+002  9.005731e-006
 7.877687e+002  9.750873e-006
 7.883875e+002  9.568792e-006
 7.890062e+002  9.303628e-006
 7.896250e+002  9.967781e-006
 7.902437e+002  1.048985e-005
 7.908625e+002  1.032688e-005
 7.914812e+002  9.575251e-006
 7.921000e+002  9.660196e-006
 7.927187e+002  9.544397e-006
 7.933375e+002  9.064865e-006
 7.939562e+002  1.024802e-005
 7.945750e+002  1.028399e-005
 7.951937e+002  9.363837e-006
 7.958125e+002  9.868383e-006
 7.964312e+002  9.381908e-006
 7.970500e+002  9.142580e-006
 7.976687e+002  8.588584e-006
 7.982875e+002  9.257753e-006
 7.989062e+002  9.555805e-006
 7.995250e+002  9.756084e-006
 8.001437e+002  9.286085e-006
 8.007625e+002  8.956010e-006
 8.013812e+002  9.112880e-006
 8.020000e+002  9.424871e-006
 8.026187e+002  9.703293e-006
 8.032375e+002  9.047648e-006
 8.038562e+002  9.432071e-006
 8.044750e+002  1.039843e-005
 8.050937e+002  1.028834e-005
 8.057125e+002  9.582101e-006
 8.063312e+002  9.493501e-006
 8.069500e+002  1.027940e-005
 8.075687e+002  8.563881e-006
 8.081875e+002  8.796511e-006
 8.088062e+002  9.448197e-006
 8.094250e+002  1.096541e-005
 8.100437e+002  9.576398e-006
 8.106625e+002  9.494468e-006
 8.112812e+002  9.291085e-006
 8.119000e+002  9.554432e-006
 8.125187e+002  1.019415e-005
 8.131375e+002  1.058572e-005
 8.137562e+002  9.378628e-006
 8.143750e+002  9.588697e-006
 8.149937e+002  9.664511e-006
 8.156125e+002  9.445847e-006
 8.162312e+002  8.735938e-006
 8.168500e+002  8.902364e-006
 8.174687e+002  9.237127e-006
 8.180875e+002  9.723476e-006
 8.187062e+002  9.613273e-006
 8.193250e+002  9.580840e-006
 8.199437e+002  9.906112e-006
 8.205625e+002  1.028807e-005
 8.211812e+002  1.032595e-005
 8.218000e+002  1.017226e-005
 8.224187e+002  1.027186e-005
 8.230375e+002  9.751567e-006
 8.236562e+002  1.014776e-005
 8.242750e+002  9.899243e-006
 8.248937e+002  9.714941e-006
 8.255125e+002  9.460321e-006
 8.261312e+002  8.997598e-006
 8.267500e+002  1.007096e-005
 8.273687e+002  8.927121e-006
 8.279875e+002  8.386289e-006
 8.286062e+002  9.668650e-006
 8.292250e+002  1.024328e-005
 8.298437e+002  1.100011e-005
 8.304625e+002  1.076763e-005
 8.310812e+002  1.103072e-005
 8.317000e+002  1.065232e-005
 8.323187e+002  9.658458e-006
 8.329375e+002  9.670851e-006
 8.335562e+002  9.408952e-006
 8.341750e+002  1.047703e-005
 8.347937e+002  1.050800e-005
 8.354125e+002  1.025831e-005
 8.360312e+002  8.947817e-006
 8.366500e+002  9.115810e-006
 8.372687e+002  9.906147e-006
 8.378875e+002  8.390023e-006
 8.385062e+002  8.476645e-006
 8.391250e+002  9.486811e-006
 8.397437e+002  3.017962e-005
 8.403625e+002  5.347013e-005
 8.409812e+002  2.670153e-005
 8.416000e+002  9.339088e-006
 8.422187e+002  9.916065e-006
 8.428375e+002  1.021600e-005
 8.434562e+002  9.359933e-006
 8.440750e+002  1.004669e-005
 8.446937e+002  9.085245e-006
 8.453125e+002  1.034639e-005
 8.459312e+002  1.006764e-005
 8.465500e+002  1.037858e-005
 8.471687e+002  1.114999e-005
 8.477875e+002  1.098612e-005
 8.484062e+002  1.078409e-005
 8.490250e+002  1.011439e-005
 8.496437e+002  1.211975e-005
 8.502625e+002  4.227654e-005
 8.508812e+002  4.724285e-005
 8.515000e+002  1.589181e-005
 8.521187e+002  1.107901e-005
 8.527375e+002  9.462056e-006
 8.533562e+002  8.372232e-006
 8.539750e+002  9.223601e-006
 8.545937e+002  1.098805e-005
 8.552125e+002  1.029141e-005
 8.558312e+002  1.094638e-005
 8.564500e+002  9.645655e-006
 8.570687e+002  8.613024e-006
 8.576875e+002  9.775727e-006
 8.583062e+002  9.585391e-006
 8.589250e+002  8.693233e-006
 8.595437e+002  9.776609e-006
 8.601625e+002  1.014788e-005
 8.607812e+002  8.369318e-006
 8.614000e+002  7.710365e-006
 8.620187e+002  8.456465e-006
 8.626375e+002  1.010616e-005
 8.632562e+002  9.291469e-006
 8.638750e+002  8.858624e-006
 8.644937e+002  8.630411e-006
 8.651125e+002  9.585252e-006
 8.657312e+002  9.414908e-006
 8.663500e+002  9.329788e-006
 8.669687e+002  1.000405e-005
 8.675875e+002  9.675124e-006
 8.682062e+002  9.471649e-006
 8.688250e+002  8.807281e-006
 8.694437e+002  8.868566e-006
 8.700625e+002  1.028770e-005
 8.706812e+002  1.018957e-005
 8.713000e+002  8.996424e-006
 8.719187e+002  9.429512e-006
 8.725375e+002  1.021018e-005
 8.731562e+002  9.822372e-006
 8.737750e+002  9.996120e-006
 8.743937e+002  9.698261e-006
 8.750125e+002  9.613769e-006
 8.756312e+002  9.864824e-006
 8.762500e+002  1.079217e-005
 8.768687e+002  1.022370e-005
 8.774875e+002  9.687478e-006
 8.781062e+002  9.218074e-006
 8.787250e+002  9.995730e-006
 8.793437e+002  9.868427e-006
 8.799625e+002  9.365688e-006
 8.805812e+002  1.026535e-005
 8.812000e+002  9.863654e-006
 8.818187e+002  9.355431e-006
 8.824375e+002  8.640643e-006
 8.830562e+002  8.747165e-006
 8.836750e+002  9.548776e-006
 8.842937e+002  8.086169e-006
 8.849125e+002  7.794181e-006
 8.855312e+002  1.048934e-005
 8.861500e+002  1.060282e-005
 8.867687e+002  9.394006e-006
 8.873875e+002  9.005399e-006
 8.880062e+002  9.672386e-006
 8.886250e+002  9.873453e-006
 8.892437e+002  9.071083e-006
 8.898625e+002  9.940462e-006
 8.904812e+002  1.062241e-005
 8.911000e+002  9.146813e-006
 8.917187e+002  8.219789e-006
 8.923375e+002  8.755537e-006
 8.929562e+002  9.546518e-006
 8.935750e+002  9.887830e-006
 8.941937e+002  1.027491e-005
 8.948125e+002  9.332284e-006
 8.954312e+002  9.860993e-006
 8.960500e+002  1.031477e-005
 8.966687e+002  9.422579e-006
 8.972875e+002  9.416330e-006
 8.979062e+002  9.710691e-006
 8.985250e+002  9.450176e-006
 8.991437e+002  8.995255e-006
 8.997625e+002  2.850926e-005
 9.003812e+002  5.169750e-005
 9.010000e+002  2.609588e-005
 9.016187e+002  9.408271e-006
 9.022375e+002  8.975710e-006
 9.028562e+002  9.780532e-006
 9.034750e+002  9.375514e-006
 9.040937e+002  8.990715e-006
 9.047125e+002  9.499666e-006
 9.053312e+002  1.012961e-005
 9.059500e+002  8.233792e-006
 9.065687e+002  9.337947e-006
 9.071875e+002  1.092884e-005
 9.078062e+002  1.041652e-005
 9.084250e+002  8.750102e-006
 9.090437e+002  9.304131e-006
 9.096625e+002  1.006199e-005
 9.102812e+002  9.148795e-006
 9.109000e+002  9.035994e-006
 9.115187e+002  1.015265e-005
 9.121375e+002  9.550135e-006
 9.127562e+002  9.512610e-006
 9.133750e+002  9.019401e-006
 9.139937e+002  9.821261e-006
 9.146125e+002  9.045836e-006
 9.152312e+002  9.003219e-006
 9.158500e+002  9.435051e-006
 9.164687e+002  9.491233e-006
 9.170875e+002  9.099165e-006
 9.177062e+002  9.035600e-006
 9.183250e+002  9.045622e-006
 9.189437e+002  9.313176e-006
 9.195625e+002  9.323030e-006
 9.201812e+002  7.924737e-006
 9.208000e+002  8.511547e-006
 9.214187e+002  9.824303e-006
 9.220375e+002  9.142400e-006
 9.226562e+002  8.899718e-006
 9.232750e+002  9.520945e-006
 9.238937e+002  9.664419e-006
 9.245125e+002  1.028316e-005
 9.251312e+002  9.295121e-006
 9.257500e+002  1.048867e-005
 9.263687e+002  1.145596e-005
 9.269875e+002  1.115652e-005
 9.276062e+002  1.087744e-005
 9.282250e+002  1.027488e-005
 9.288437e+002  9.674718e-006
 9.294625e+002  9.648161e-006
 9.300812e+002  9.687792e-006
 9.307000e+002  9.935360e-006
 9.313187e+002  1.018655e-005
 9.319375e+002  1.084096e-005
 9.325562e+002  9.745831e-006
 9.331750e+002  1.028693e-005
 9.337937e+002  1.006879e-005
 9.344125e+002  8.754416e-006
 9.350312e+002  9.753803e-006
 9.356500e+002  9.554966e-006
 9.362687e+002  9.581854e-006
 9.368875e+002  9.026919e-006
 9.375062e+002  9.166562e-006
 9.381250e+002  9.509843e-006
 9.387437e+002  9.585829e-006
 9.393625e+002  9.134247e-006
 9.399812e+002  9.495881e-006
 9.406000e+002  8.548196e-006
 9.412187e+002  9.319648e-006
 9.418375e+002  9.794513e-006
 9.424562e+002  8.692634e-006
 9.430750e+002  9.110627e-006
 9.436937e+002  9.567516e-006
 9.443125e+002  9.131633e-006
 9.449312e+002  9.910170e-006
 9.455500e+002  9.463873e-006
 9.461687e+002  1.030704e-005
 9.467875e+002  1.032682e-005
 9.474062e+002  8.715784e-006
 9.480250e+002  1.028294e-005
 9.486437e+002  1.003325e-005
 9.492625e+002  9.641471e-006
 9.498812e+002  2.634406e-005
 9.505000e+002  7.925611e-005
 9.511187e+002  6.306772e-005
 9.517375e+002  1.206504e-005
 9.523562e+002  9.807309e-006
 9.529750e+002  1.033877e-005
 9.535937e+002  8.952320e-006
 9.542125e+002  8.918776e-006
 9.548312e+002  1.025295e-005
 9.554500e+002  9.183881e-006
 9.560687e+002  9.173250e-006
 9.566875e+002  9.631134e-006
 9.573062e+002  1.018038e-005
 9.579250e+002  9.275590e-006
 9.585437e+002  1.007467e-005
 9.591625e+002  1.034225e-005
 9.597812e+002  2.705806e-005
 9.604000e+002  4.977779e-005
 9.610187e+002  2.393342e-005
 9.616375e+002  9.597751e-006
 9.622562e+002  1.035125e-005
 9.628750e+002  1.063400e-005
 9.634937e+002  9.982978e-006
 9.641125e+002  1.002167e-005
 9.647312e+002  1.001814e-005
 9.653500e+002  9.250577e-006
 9.659687e+002  1.021477e-005
 9.665875e+002  1.020208e-005
 9.672062e+002  9.700882e-006
 9.678250e+002  9.333617e-006
 9.684437e+002  8.451551e-006
 9.690625e+002  8.690752e-006
 9.696812e+002  9.593423e-006
 9.703000e+002  8.614861e-006
 9.709187e+002  1.019039e-005
 9.715375e+002  1.125339e-005
 9.721562e+002  1.050058e-005
 9.727750e+002  1.021893e-005
 9.733937e+002  1.001438e-005
 9.740125e+002  8.822731e-006
 9.746312e+002  8.759585e-006
 9.752500e+002  8.753250e-006
 9.758687e+002  9.418905e-006
 9.764875e+002  1.003607e-005
 9.771062e+002  8.898454e-006
 9.777250e+002  1.087083e-005
 9.783437e+002  1.093535e-005
 9.789625e+002  9.532194e-006
 9.795812e+002  8.756149e-006
 9.802000e+002  9.558004e-006
 9.808187e+002  9.840230e-006
 9.814375e+002  9.336660e-006
 9.820562e+002  9.427455e-006
 9.826750e+002  1.037469e-005
 9.832937e+002  9.899226e-006
 9.839125e+002  8.613098e-006
 9.845312e+002  9.491788e-006
 9.851500e+002  9.107963e-006
 9.857687e+002  9.581133e-006
 9.863875e+002  1.019738e-005
 9.870062e+002  9.365267e-006
 9.876250e+002  8.728531e-006
 9.882437e+002  9.736368e-006
 9.888625e+002  9.624806e-006
 9.894812e+002  1.019521e-005
 9.901000e+002  1.038195e-005
 9.907187e+002  9.649430e-006
 9.913375e+002  1.001454e-005
 9.919562e+002  9.474472e-006
 9.925750e+002  9.238349e-006
 9.931937e+002  9.775502e-006
 9.938125e+002  9.298759e-006
 9.944312e+002  9.727891e-006
 9.950500e+002  1.048483e-005
 9.956687e+002  1.002798e-005
 9.962875e+002  1.063533e-005
 9.969062e+002  9.965625e-006
 9.975250e+002  1.013755e-005
 9.981437e+002  1.002519e-005
 9.987625e+002  9.082961e-006
 9.993812e+002  8.997396e-006
 1.000000e+003  9.449506e-006
