 1.000000e+000  5.662993e-004
 1.247500e+000  5.478283e-004
 1.495000e+000  5.090935e-004
 1.742500e+000  5.466804e-004
 1.990000e+000  5.717147e-004
 2.237500e+000  5.892796e-004
 2.485000e+000  5.089729e-004
 2.732500e+000  4.685503e-004
 2.980000e+000  5.437138e-004
 3.227500e+000  4.545568e-004
 3.475000e+000  4.522690e-004
 3.722500e+000  4.340754e-004
 3.970000e+000  4.375463e-004
 4.217500e+000  5.087584e-004
 4.465000e+000  4.736649e-004
 4.712500e+000  4.120343e-004
 4.960000e+000  4.014169e-004
 5.207500e+000  3.600913e-004
 5.455000e+000  3.799139e-004
 5.702500e+000  4.378042e-004
 5.950000e+000  3.854553e-004
 6.197500e+000  3.413841e-004
 6.445000e+000  4.143584e-004
 6.692500e+000  4.360484e-004
 6.940000e+000  3.589786e-004
 7.187500e+000  3.697826e-004
 7.435000e+000  3.541513e-004
 7.682500e+000  4.753149e-004
 7.930000e+000  6.087680e-004
 8.177500e+000  4.486613e-004
 8.425000e+000  4.324507e-004
 8.672500e+000  3.731989e-004
 8.920000e+000  3.487373e-004
 9.167500e+000  5.011497e-004
 9.415000e+000  4.776326e-004
 9.662500e+000  4.202103e-004
 9.910000e+000  3.826397e-004
 1.015750e+001  3.738727e-004
 1.040500e+001  3.832644e-004
 1.065250e+001  4.109346e-004
 1.090000e+001  3.946955e-004
 1.114750e+001  3.487492e-004
 1.139500e+001  3.674552e-004
 1.164250e+001  3.098154e-004
 1.189000e+001  3.211353e-004
 1.213750e+001  4.652767e-004
 1.238500e+001  3.748894e-004
 1.263250e+001  3.725381e-004
 1.288000e+001  3.494410e-004
 1.312750e+001  3.098283e-004
 1.337500e+001  3.599446e-004
 1.362250e+001  3.716170e-004
 1.387000e+001  3.105087e-004
 1.411750e+001  3.001586e-004
 1.436500e+001  3.112578e-004
 1.461250e+001  2.763046e-004
 1.486000e+001  3.064869e-004
 1.510750e+001  3.301071e-004
 1.535500e+001  2.976401e-004
 1.560250e+001  3.434303e-004
 1.585000e+001  3.790624e-004
 1.609750e+001  3.029880e-004
 1.634500e+001  2.835032e-004
 1.659250e+001  2.747978e-004
 1.684000e+001  3.087991e-004
 1.708750e+001  3.311652e-004
 1.733500e+001  2.896092e-004
 1.758250e+001  3.211444e-004
 1.783000e+001  3.742769e-004
 1.807750e+001  3.432310e-004
 1.832500e+001  3.026466e-004
 1.857250e+001  3.050098e-004
 1.882000e+001  2.594858e-004
 1.906750e+001  2.524420e-004
 1.931500e+001  2.693455e-004
 1.956250e+001  2.604706e-004
 1.981000e+001  2.430834e-004
 2.005750e+001  2.014767e-004
 2.030500e+001  2.198169e-004
 2.055250e+001  2.213448e-004
 2.080000e+001  1.983590e-004
 2.104750e+001  1.958041e-004
 2.129500e+001  2.141398e-004
 2.154250e+001  2.164141e-004
 2.179000e+001  2.009081e-004
 2.203750e+001  2.115704e-004
 2.228500e+001  2.274097e-004
 2.253250e+001  2.264572e-004
 2.278000e+001  2.272052e-004
 2.302750e+001  2.500699e-004
 2.327500e+001  2.247509e-004
 2.352250e+001  1.964774e-004
 2.377000e+001  1.657366e-004
 2.401750e+001  1.760144e-004
 2.426500e+001  2.280461e-004
 2.451250e+001  2.234513e-004
 2.476000e+001  2.034678e-004
 2.500750e+001  1.975332e-004
 2.525500e+001  2.015074e-004
 2.550250e+001  1.732752e-004
 2.575000e+001  1.866264e-004
 2.599750e+001  1.956978e-004
 2.624500e+001  1.938415e-004
 2.649250e+001  1.794487e-004
 2.674000e+001  1.918103e-004
 2.698750e+001  1.738709e-004
 2.723500e+001  1.899137e-004
 2.748250e+001  1.822983e-004
 2.773000e+001  2.716495e-004
 2.797750e+001  2.844098e-004
 2.822500e+001  1.751565e-004
 2.847250e+001  1.738708e-004
 2.872000e+001  1.559497e-004
 2.896750e+001  1.637251e-004
 2.921500e+001  2.212293e-004
 2.946250e+001  1.776015e-004
 2.971000e+001  1.584718e-004
 2.995750e+001  1.538012e-004
 3.020500e+001  1.399384e-004
 3.045250e+001  1.463625e-004
 3.070000e+001  1.600166e-004
 3.094750e+001  1.613720e-004
 3.119500e+001  1.450285e-004
 3.144250e+001  1.389661e-004
 3.169000e+001  1.464755e-004
 3.193750e+001  1.514025e-004
 3.218500e+001  1.648422e-004
 3.243250e+001  1.475329e-004
 3.268000e+001  1.493440e-004
 3.292750e+001  1.356349e-004
 3.317500e+001  1.259946e-004
 3.342250e+001  1.415865e-004
 3.367000e+001  1.393411e-004
 3.391750e+001  1.258036e-004
 3.416500e+001  1.385583e-004
 3.441250e+001  1.254260e-004
 3.466000e+001  1.260986e-004
 3.490750e+001  1.206662e-004
 3.515500e+001  1.280876e-004
 3.540250e+001  1.220658e-004
 3.565000e+001  2.163617e-004
 3.589750e+001  2.057264e-004
 3.614500e+001  1.208077e-004
 3.639250e+001  1.195416e-004
 3.664000e+001  1.166549e-004
 3.688750e+001  1.110397e-004
 3.713500e+001  1.307214e-004
 3.738250e+001  1.089970e-004
 3.763000e+001  1.025442e-004
 3.787750e+001  1.098601e-004
 3.812500e+001  1.055718e-004
 3.837250e+001  1.092514e-004
 3.862000e+001  1.038866e-004
 3.886750e+001  1.039134e-004
 3.911500e+001  9.991863e-005
 3.936250e+001  1.030844e-004
 3.961000e+001  9.691485e-005
 3.985750e+001  1.092382e-004
 4.010500e+001  9.961097e-005
 4.035250e+001  8.753100e-005
 4.060000e+001  9.750086e-005
 4.084750e+001  9.783990e-005
 4.109500e+001  8.607392e-005
 4.134250e+001  8.898501e-005
 4.159000e+001  9.492686e-005
 4.183750e+001  9.204465e-005
 4.208500e+001  8.722421e-005
 4.233250e+001  8.372817e-005
 4.258000e+001  8.089691e-005
 4.282750e+001  9.725043e-005
 4.307500e+001  1.006487e-004
 4.332250e+001  9.674567e-005
 4.357000e+001  1.019008e-004
 4.381750e+001  9.455974e-005
 4.406500e+001  8.438060e-005
 4.431250e+001  9.329902e-005
 4.456000e+001  8.920816e-005
 4.480750e+001  8.886376e-005
 4.505500e+001  7.847753e-005
 4.530250e+001  7.566279e-005
 4.555000e+001  9.580890e-005
 4.579750e+001  9.387871e-005
 4.604500e+001  9.062935e-005
 4.629250e+001  8.419752e-005
 4.654000e+001  8.299107e-005
 4.678750e+001  8.562316e-005
 4.703500e+001  7.584716e-005
 4.728250e+001  7.291900e-005
 4.753000e+001  7.282081e-005
 4.777750e+001  9.407654e-005
 4.802500e+001  9.811517e-005
 4.827250e+001  8.016130e-005
 4.852000e+001  7.386977e-005
 4.876750e+001  6.774779e-005
 4.901500e+001  8.552615e-005
 4.926250e+001  9.693313e-005
 4.951000e+001  8.405566e-005
 4.975750e+001  2.080621e-003
 5.000500e+001  4.449897e-003
 5.025250e+001  2.377076e-003
 5.050000e+001  8.252622e-005
 5.074750e+001  7.547836e-005
 5.099500e+001  7.853610e-005
 5.124250e+001  7.458190e-005
 5.149000e+001  7.271612e-005
 5.173750e+001  7.144540e-005
 5.198500e+001  7.193054e-005
 5.223250e+001  8.614461e-005
 5.248000e+001  7.666025e-005
 5.272750e+001  7.319899e-005
 5.297500e+001  7.434396e-005
 5.322250e+001  6.985142e-005
 5.347000e+001  7.646271e-005
 5.371750e+001  8.691998e-005
 5.396500e+001  6.670444e-005
 5.421250e+001  6.265621e-005
 5.446000e+001  5.953992e-005
 5.470750e+001  6.682336e-005
 5.495500e+001  6.451798e-005
 5.520250e+001  6.282323e-005
 5.545000e+001  6.323255e-005
 5.569750e+001  6.492172e-005
 5.594500e+001  6.256813e-005
 5.619250e+001  5.769205e-005
 5.644000e+001  4.841457e-005
 5.668750e+001  5.535456e-005
 5.693500e+001  7.062417e-005
 5.718250e+001  7.672605e-005
 5.743000e+001  6.402990e-005
 5.767750e+001  5.808611e-005
 5.792500e+001  6.051834e-005
 5.817250e+001  5.685287e-005
 5.842000e+001  5.302562e-005
 5.866750e+001  5.847171e-005
 5.891500e+001  5.765743e-005
 5.916250e+001  4.924212e-005
 5.941000e+001  5.552515e-005
 5.965750e+001  6.313719e-005
 5.990500e+001  1.318150e-004
 6.015250e+001  1.290595e-004
 6.040000e+001  5.676979e-005
 6.064750e+001  5.104554e-005
 6.089500e+001  5.021373e-005
 6.114250e+001  5.135164e-005
 6.139000e+001  5.877117e-005
 6.163750e+001  5.319952e-005
 6.188500e+001  5.020357e-005
 6.213250e+001  5.837866e-005
 6.238000e+001  5.662842e-005
 6.262750e+001  5.378290e-005
 6.287500e+001  5.321426e-005
 6.312250e+001  6.106023e-005
 6.337000e+001  5.957747e-005
 6.361750e+001  5.685322e-005
 6.386500e+001  5.542693e-005
 6.411250e+001  5.109093e-005
 6.436000e+001  5.838653e-005
 6.460750e+001  5.507425e-005
 6.485500e+001  5.457269e-005
 6.510250e+001  5.158306e-005
 6.535000e+001  5.172846e-005
 6.559750e+001  5.325228e-005
 6.584500e+001  5.634861e-005
 6.609250e+001  5.494006e-005
 6.634000e+001  5.310550e-005
 6.658750e+001  5.099035e-005
 6.683500e+001  4.394481e-005
 6.708250e+001  4.170183e-005
 6.733000e+001  4.534276e-005
 6.757750e+001  5.314474e-005
 6.782500e+001  6.047554e-005
 6.807250e+001  5.765875e-005
 6.832000e+001  4.974810e-005
 6.856750e+001  5.164570e-005
 6.881500e+001  4.531556e-005
 6.906250e+001  5.904003e-005
 6.931000e+001  6.732687e-005
 6.955750e+001  5.442335e-005
 6.980500e+001  4.549060e-005
 7.005250e+001  4.615358e-005
 7.030000e+001  4.922403e-005
 7.054750e+001  5.729023e-005
 7.079500e+001  5.736892e-005
 7.104250e+001  4.580446e-005
 7.129000e+001  5.130019e-005
 7.153750e+001  5.758230e-005
 7.178500e+001  4.775141e-005
 7.203250e+001  4.890180e-005
 7.228000e+001  5.092786e-005
 7.252750e+001  4.784468e-005
 7.277500e+001  4.528332e-005
 7.302250e+001  4.797827e-005
 7.327000e+001  4.692556e-005
 7.351750e+001  4.894044e-005
 7.376500e+001  4.878873e-005
 7.401250e+001  4.660200e-005
 7.426000e+001  4.910379e-005
 7.450750e+001  4.764031e-005
 7.475500e+001  5.003361e-005
 7.500250e+001  4.703860e-005
 7.525000e+001  5.130043e-005
 7.549750e+001  5.276219e-005
 7.574500e+001  4.624340e-005
 7.599250e+001  4.766420e-005
 7.624000e+001  5.076309e-005
 7.648750e+001  4.624840e-005
 7.673500e+001  4.563556e-005
 7.698250e+001  5.248317e-005
 7.723000e+001  5.495021e-005
 7.747750e+001  4.242240e-005
 7.772500e+001  4.245669e-005
 7.797250e+001  4.800170e-005
 7.822000e+001  4.160717e-005
 7.846750e+001  4.112273e-005
 7.871500e+001  4.548252e-005
 7.896250e+001  4.514643e-005
 7.921000e+001  4.807201e-005
 7.945750e+001  6.112041e-005
 7.970500e+001  6.398894e-005
 7.995250e+001  4.537987e-005
 8.020000e+001  4.482780e-005
 8.044750e+001  4.658796e-005
 8.069500e+001  4.549280e-005
 8.094250e+001  4.334709e-005
 8.119000e+001  4.441985e-005
 8.143750e+001  3.903075e-005
 8.168500e+001  3.975164e-005
 8.193250e+001  4.291771e-005
 8.218000e+001  4.178002e-005
 8.242750e+001  3.814067e-005
 8.267500e+001  3.951462e-005
 8.292250e+001  4.569266e-005
 8.317000e+001  4.482367e-005
 8.341750e+001  4.687912e-005
 8.366500e+001  4.633801e-005
 8.391250e+001  4.063642e-005
 8.416000e+001  3.752321e-005
 8.440750e+001  3.919734e-005
 8.465500e+001  4.529414e-005
 8.490250e+001  4.931149e-005
 8.515000e+001  4.488146e-005
 8.539750e+001  4.228033e-005
 8.564500e+001  3.916638e-005
 8.589250e+001  3.698223e-005
 8.614000e+001  3.833061e-005
 8.638750e+001  4.057477e-005
 8.663500e+001  4.078885e-005
 8.688250e+001  4.447458e-005
 8.713000e+001  4.026540e-005
 8.737750e+001  4.148181e-005
 8.762500e+001  4.256583e-005
 8.787250e+001  4.743060e-005
 8.812000e+001  4.359751e-005
 8.836750e+001  3.957518e-005
 8.861500e+001  4.214615e-005
 8.886250e+001  4.557859e-005
 8.911000e+001  5.838285e-005
 8.935750e+001  6.230398e-005
 8.960500e+001  4.818116e-005
 8.985250e+001  3.921063e-005
 9.010000e+001  3.844909e-005
 9.034750e+001  3.883541e-005
 9.059500e+001  3.990787e-005
 9.084250e+001  3.826466e-005
 9.109000e+001  4.279968e-005
 9.133750e+001  3.974902e-005
 9.158500e+001  4.042738e-005
 9.183250e+001  4.410975e-005
 9.208000e+001  4.531358e-005
 9.232750e+001  4.063948e-005
 9.257500e+001  4.169570e-005
 9.282250e+001  4.175040e-005
 9.307000e+001  4.075541e-005
 9.331750e+001  3.645808e-005
 9.356500e+001  3.763448e-005
 9.381250e+001  3.589576e-005
 9.406000e+001  4.219460e-005
 9.430750e+001  4.053570e-005
 9.455500e+001  4.217673e-005
 9.480250e+001  4.448352e-005
 9.505000e+001  4.051354e-005
 9.529750e+001  4.397538e-005
 9.554500e+001  4.323664e-005
 9.579250e+001  3.912832e-005
 9.604000e+001  3.896776e-005
 9.628750e+001  4.144881e-005
 9.653500e+001  3.741481e-005
 9.678250e+001  3.651709e-005
 9.703000e+001  3.815578e-005
 9.727750e+001  4.529103e-005
 9.752500e+001  4.172626e-005
 9.777250e+001  3.985066e-005
 9.802000e+001  4.345085e-005
 9.826750e+001  3.892282e-005
 9.851500e+001  3.627942e-005
 9.876250e+001  4.276064e-005
 9.901000e+001  4.585246e-005
 9.925750e+001  4.113706e-005
 9.950500e+001  3.524626e-005
 9.975250e+001  7.356902e-005
 1.000000e+002  1.597462e-004
