 1.000000e+000  6.000637e-005
 1.247500e+000  5.291268e-005
 1.495000e+000  4.638952e-005
 1.742500e+000  3.797594e-005
 1.990000e+000  3.660697e-005
 2.237500e+000  3.406656e-005
 2.485000e+000  3.366191e-005
 2.732500e+000  3.058196e-005
 2.980000e+000  2.786392e-005
 3.227500e+000  2.563237e-005
 3.475000e+000  2.486286e-005
 3.722500e+000  2.541890e-005
 3.970000e+000  2.517743e-005
 4.217500e+000  2.711255e-005
 4.465000e+000  2.709204e-005
 4.712500e+000  2.226257e-005
 4.960000e+000  2.241633e-005
 5.207500e+000  2.297722e-005
 5.455000e+000  2.229870e-005
 5.702500e+000  2.296346e-005
 5.950000e+000  2.245996e-005
 6.197500e+000  2.069704e-005
 6.445000e+000  1.867393e-005
 6.692500e+000  1.676743e-005
 6.940000e+000  1.684078e-005
 7.187500e+000  1.560171e-005
 7.435000e+000  1.737498e-005
 7.682500e+000  1.730212e-005
 7.930000e+000  1.429774e-005
 8.177500e+000  1.407967e-005
 8.425000e+000  1.354897e-005
 8.672500e+000  1.417849e-005
 8.920000e+000  1.401034e-005
 9.167500e+000  1.396326e-005
 9.415000e+000  1.473769e-005
 9.662500e+000  1.441485e-005
 9.910000e+000  1.424928e-005
 1.015750e+001  1.352127e-005
 1.040500e+001  1.241445e-005
 1.065250e+001  1.214130e-005
 1.090000e+001  1.139821e-005
 1.114750e+001  1.305416e-005
 1.139500e+001  1.274324e-005
 1.164250e+001  1.399131e-005
 1.189000e+001  1.192993e-005
 1.213750e+001  1.047998e-005
 1.238500e+001  1.198146e-005
 1.263250e+001  1.220207e-005
 1.288000e+001  1.051868e-005
 1.312750e+001  1.043855e-005
 1.337500e+001  1.154977e-005
 1.362250e+001  1.135546e-005
 1.387000e+001  1.224958e-005
 1.411750e+001  1.319998e-005
 1.436500e+001  1.169037e-005
 1.461250e+001  1.021006e-005
 1.486000e+001  1.024746e-005
 1.510750e+001  1.011105e-005
 1.535500e+001  1.087445e-005
 1.560250e+001  1.149023e-005
 1.585000e+001  1.103975e-005
 1.609750e+001  9.860672e-006
 1.634500e+001  1.022842e-005
 1.659250e+001  1.032535e-005
 1.684000e+001  9.391156e-006
 1.708750e+001  8.737179e-006
 1.733500e+001  1.077679e-005
 1.758250e+001  1.135350e-005
 1.783000e+001  1.024176e-005
 1.807750e+001  9.520259e-006
 1.832500e+001  1.021804e-005
 1.857250e+001  9.268462e-006
 1.882000e+001  7.985091e-006
 1.906750e+001  8.808210e-006
 1.931500e+001  9.358440e-006
 1.956250e+001  8.872921e-006
 1.981000e+001  8.859042e-006
 2.005750e+001  8.370725e-006
 2.030500e+001  7.703944e-006
 2.055250e+001  9.425465e-006
 2.080000e+001  1.046829e-005
 2.104750e+001  9.358957e-006
 2.129500e+001  8.664158e-006
 2.154250e+001  8.026505e-006
 2.179000e+001  7.719695e-006
 2.203750e+001  1.013486e-005
 2.228500e+001  9.536881e-006
 2.253250e+001  9.284279e-006
 2.278000e+001  8.227673e-006
 2.302750e+001  8.574667e-006
 2.327500e+001  9.324063e-006
 2.352250e+001  8.618372e-006
 2.377000e+001  8.355258e-006
 2.401750e+001  8.194419e-006
 2.426500e+001  7.831779e-006
 2.451250e+001  7.214173e-006
 2.476000e+001  7.577626e-006
 2.500750e+001  7.995498e-006
 2.525500e+001  7.531588e-006
 2.550250e+001  7.514234e-006
 2.575000e+001  7.545110e-006
 2.599750e+001  8.189968e-006
 2.624500e+001  8.168034e-006
 2.649250e+001  7.717140e-006
 2.674000e+001  8.303210e-006
 2.698750e+001  8.351017e-006
 2.723500e+001  7.308149e-006
 2.748250e+001  6.808959e-006
 2.773000e+001  7.100526e-006
 2.797750e+001  7.062912e-006
 2.822500e+001  7.334082e-006
 2.847250e+001  8.336515e-006
 2.872000e+001  7.839880e-006
 2.896750e+001  7.300246e-006
 2.921500e+001  7.918025e-006
 2.946250e+001  7.420972e-006
 2.971000e+001  6.972232e-006
 2.995750e+001  6.818190e-006
 3.020500e+001  7.464731e-006
 3.045250e+001  7.462517e-006
 3.070000e+001  7.950148e-006
 3.094750e+001  8.249904e-006
 3.119500e+001  8.484579e-006
 3.144250e+001  7.713129e-006
 3.169000e+001  7.100850e-006
 3.193750e+001  7.662193e-006
 3.218500e+001  7.603529e-006
 3.243250e+001  7.325208e-006
 3.268000e+001  8.014640e-006
 3.292750e+001  7.467716e-006
 3.317500e+001  6.871681e-006
 3.342250e+001  7.918724e-006
 3.367000e+001  8.174371e-006
 3.391750e+001  7.091251e-006
 3.416500e+001  6.806803e-006
 3.441250e+001  6.635551e-006
 3.466000e+001  6.775384e-006
 3.490750e+001  6.489365e-006
 3.515500e+001  6.954900e-006
 3.540250e+001  6.553686e-006
 3.565000e+001  7.318674e-006
 3.589750e+001  8.026010e-006
 3.614500e+001  7.649300e-006
 3.639250e+001  7.576885e-006
 3.664000e+001  7.184975e-006
 3.688750e+001  7.132333e-006
 3.713500e+001  6.922254e-006
 3.738250e+001  7.767750e-006
 3.763000e+001  7.732515e-006
 3.787750e+001  6.846502e-006
 3.812500e+001  7.127394e-006
 3.837250e+001  7.095885e-006
 3.862000e+001  6.533743e-006
 3.886750e+001  6.567020e-006
 3.911500e+001  7.010061e-006
 3.936250e+001  6.867971e-006
 3.961000e+001  6.728929e-006
 3.985750e+001  8.367582e-006
 4.010500e+001  1.907395e-005
 4.035250e+001  1.938265e-005
 4.060000e+001  8.733594e-006
 4.084750e+001  6.919682e-006
 4.109500e+001  7.120750e-006
 4.134250e+001  5.944619e-006
 4.159000e+001  6.491824e-006
 4.183750e+001  7.029849e-006
 4.208500e+001  6.413476e-006
 4.233250e+001  7.251635e-006
 4.258000e+001  6.065501e-006
 4.282750e+001  5.332845e-006
 4.307500e+001  6.268456e-006
 4.332250e+001  6.157547e-006
 4.357000e+001  6.816481e-006
 4.381750e+001  6.946434e-006
 4.406500e+001  6.589520e-006
 4.431250e+001  7.213552e-006
 4.456000e+001  6.552375e-006
 4.480750e+001  6.021789e-006
 4.505500e+001  5.404966e-006
 4.530250e+001  6.734611e-006
 4.555000e+001  6.573302e-006
 4.579750e+001  6.152758e-006
 4.604500e+001  6.474151e-006
 4.629250e+001  7.202659e-006
 4.654000e+001  6.968788e-006
 4.678750e+001  7.051822e-006
 4.703500e+001  7.177727e-006
 4.728250e+001  7.261189e-006
 4.753000e+001  7.328539e-006
 4.777750e+001  6.753913e-006
 4.802500e+001  6.441697e-006
 4.827250e+001  7.382900e-006
 4.852000e+001  6.985492e-006
 4.876750e+001  6.406533e-006
 4.901500e+001  8.033002e-006
 4.926250e+001  1.390584e-005
 4.951000e+001  5.558884e-005
 4.975750e+001  2.645444e-003
 5.000500e+001  5.065639e-003
 5.025250e+001  2.446637e-003
 5.050000e+001  4.308567e-005
 5.074750e+001  1.296006e-005
 5.099500e+001  7.837124e-006
 5.124250e+001  7.347676e-006
 5.149000e+001  6.416068e-006
 5.173750e+001  5.593172e-006
 5.198500e+001  6.048835e-006
 5.223250e+001  6.587374e-006
 5.248000e+001  6.382135e-006
 5.272750e+001  6.248645e-006
 5.297500e+001  6.587758e-006
 5.322250e+001  6.736480e-006
 5.347000e+001  7.044847e-006
 5.371750e+001  6.829786e-006
 5.396500e+001  6.840131e-006
 5.421250e+001  6.085453e-006
 5.446000e+001  6.491877e-006
 5.470750e+001  7.290893e-006
 5.495500e+001  6.444988e-006
 5.520250e+001  5.752020e-006
 5.545000e+001  6.041356e-006
 5.569750e+001  5.530006e-006
 5.594500e+001  5.664482e-006
 5.619250e+001  6.241633e-006
 5.644000e+001  5.975393e-006
 5.668750e+001  5.961858e-006
 5.693500e+001  6.230096e-006
 5.718250e+001  6.399162e-006
 5.743000e+001  6.431540e-006
 5.767750e+001  5.753462e-006
 5.792500e+001  6.053398e-006
 5.817250e+001  5.319673e-006
 5.842000e+001  5.629155e-006
 5.866750e+001  6.369409e-006
 5.891500e+001  6.130915e-006
 5.916250e+001  5.473792e-006
 5.941000e+001  6.289134e-006
 5.965750e+001  2.192455e-005
 5.990500e+001  1.031482e-004
 6.015250e+001  1.011202e-004
 6.040000e+001  2.006213e-005
 6.064750e+001  6.094391e-006
 6.089500e+001  5.992131e-006
 6.114250e+001  6.670738e-006
 6.139000e+001  5.952347e-006
 6.163750e+001  5.519019e-006
 6.188500e+001  5.586125e-006
 6.213250e+001  5.748420e-006
 6.238000e+001  5.567503e-006
 6.262750e+001  5.673107e-006
 6.287500e+001  6.360831e-006
 6.312250e+001  6.851397e-006
 6.337000e+001  5.863413e-006
 6.361750e+001  5.425719e-006
 6.386500e+001  5.342277e-006
 6.411250e+001  5.614515e-006
 6.436000e+001  6.386234e-006
 6.460750e+001  6.411487e-006
 6.485500e+001  5.721974e-006
 6.510250e+001  5.479184e-006
 6.535000e+001  5.398693e-006
 6.559750e+001  5.921122e-006
 6.584500e+001  6.072857e-006
 6.609250e+001  5.754270e-006
 6.634000e+001  5.996585e-006
 6.658750e+001  6.542757e-006
 6.683500e+001  6.973136e-006
 6.708250e+001  5.876239e-006
 6.733000e+001  5.585934e-006
 6.757750e+001  6.541413e-006
 6.782500e+001  5.774389e-006
 6.807250e+001  5.566706e-006
 6.832000e+001  6.112214e-006
 6.856750e+001  6.212165e-006
 6.881500e+001  5.587382e-006
 6.906250e+001  5.240460e-006
 6.931000e+001  5.309433e-006
 6.955750e+001  5.357064e-006
 6.980500e+001  5.551749e-006
 7.005250e+001  5.691713e-006
 7.030000e+001  5.754241e-006
 7.054750e+001  5.998060e-006
 7.079500e+001  5.875835e-006
 7.104250e+001  6.102084e-006
 7.129000e+001  6.838555e-006
 7.153750e+001  6.540851e-006
 7.178500e+001  5.799810e-006
 7.203250e+001  5.607448e-006
 7.228000e+001  6.154171e-006
 7.252750e+001  6.259497e-006
 7.277500e+001  5.454972e-006
 7.302250e+001  5.356797e-006
 7.327000e+001  5.562797e-006
 7.351750e+001  5.328891e-006
 7.376500e+001  5.535481e-006
 7.401250e+001  5.476133e-006
 7.426000e+001  5.615293e-006
 7.450750e+001  5.891098e-006
 7.475500e+001  5.623888e-006
 7.500250e+001  5.446593e-006
 7.525000e+001  5.202106e-006
 7.549750e+001  5.060053e-006
 7.574500e+001  5.576549e-006
 7.599250e+001  5.922976e-006
 7.624000e+001  5.606579e-006
 7.648750e+001  5.428340e-006
 7.673500e+001  5.622253e-006
 7.698250e+001  5.503693e-006
 7.723000e+001  5.117474e-006
 7.747750e+001  5.772952e-006
 7.772500e+001  5.315222e-006
 7.797250e+001  4.733044e-006
 7.822000e+001  5.445208e-006
 7.846750e+001  6.189082e-006
 7.871500e+001  5.695104e-006
 7.896250e+001  5.766797e-006
 7.921000e+001  5.681601e-006
 7.945750e+001  5.747916e-006
 7.970500e+001  6.212859e-006
 7.995250e+001  1.150563e-005
 8.020000e+001  2.709026e-005
 8.044750e+001  4.124643e-005
 8.069500e+001  3.106020e-005
 8.094250e+001  8.695869e-006
 8.119000e+001  5.193142e-006
 8.143750e+001  5.325949e-006
 8.168500e+001  4.900570e-006
 8.193250e+001  4.965770e-006
 8.218000e+001  6.131282e-006
 8.242750e+001  5.677292e-006
 8.267500e+001  5.531351e-006
 8.292250e+001  6.608904e-006
 8.317000e+001  5.858958e-006
 8.341750e+001  5.455694e-006
 8.366500e+001  6.090534e-006
 8.391250e+001  5.754107e-006
 8.416000e+001  5.769596e-006
 8.440750e+001  5.688110e-006
 8.465500e+001  5.396194e-006
 8.490250e+001  5.451471e-006
 8.515000e+001  5.328817e-006
 8.539750e+001  4.925065e-006
 8.564500e+001  4.810371e-006
 8.589250e+001  6.098339e-006
 8.614000e+001  6.522729e-006
 8.638750e+001  5.771046e-006
 8.663500e+001  5.512466e-006
 8.688250e+001  5.416942e-006
 8.713000e+001  5.409933e-006
 8.737750e+001  5.855388e-006
 8.762500e+001  5.325406e-006
 8.787250e+001  4.552505e-006
 8.812000e+001  5.013759e-006
 8.836750e+001  5.833370e-006
 8.861500e+001  5.780144e-006
 8.886250e+001  5.587460e-006
 8.911000e+001  5.223742e-006
 8.935750e+001  5.531542e-006
 8.960500e+001  5.863055e-006
 8.985250e+001  6.105010e-006
 9.010000e+001  6.048191e-006
 9.034750e+001  5.525535e-006
 9.059500e+001  5.546969e-006
 9.084250e+001  5.325902e-006
 9.109000e+001  5.793603e-006
 9.133750e+001  5.531842e-006
 9.158500e+001  5.689854e-006
 9.183250e+001  6.242450e-006
 9.208000e+001  6.389599e-006
 9.232750e+001  5.702331e-006
 9.257500e+001  5.565366e-006
 9.282250e+001  5.562444e-006
 9.307000e+001  5.662056e-006
 9.331750e+001  5.868007e-006
 9.356500e+001  5.898556e-006
 9.381250e+001  5.381402e-006
 9.406000e+001  5.280259e-006
 9.430750e+001  5.406805e-006
 9.455500e+001  5.418139e-006
 9.480250e+001  5.715035e-006
 9.505000e+001  5.411358e-006
 9.529750e+001  5.723992e-006
 9.554500e+001  5.491111e-006
 9.579250e+001  4.957513e-006
 9.604000e+001  5.942013e-006
 9.628750e+001  6.362831e-006
 9.653500e+001  6.442468e-006
 9.678250e+001  6.459135e-006
 9.703000e+001  5.590862e-006
 9.727750e+001  5.667760e-006
 9.752500e+001  5.340424e-006
 9.777250e+001  5.622114e-006
 9.802000e+001  5.574117e-006
 9.826750e+001  5.668941e-006
 9.851500e+001  5.274441e-006
 9.876250e+001  5.605736e-006
 9.901000e+001  5.754244e-006
 9.925750e+001  5.445260e-006
 9.950500e+001  6.702139e-006
 9.975250e+001  7.012781e-005
 1.000000e+002  1.354056e-004
