 1.000000e+000  2.136556e-004
 1.247500e+000  1.746792e-004
 1.495000e+000  1.654062e-004
 1.742500e+000  1.615134e-004
 1.990000e+000  1.436744e-004
 2.237500e+000  1.342180e-004
 2.485000e+000  1.301771e-004
 2.732500e+000  1.171719e-004
 2.980000e+000  1.147628e-004
 3.227500e+000  9.123473e-005
 3.475000e+000  9.157213e-005
 3.722500e+000  1.027496e-004
 3.970000e+000  1.000281e-004
 4.217500e+000  8.443937e-005
 4.465000e+000  6.324614e-005
 4.712500e+000  7.047437e-005
 4.960000e+000  7.747223e-005
 5.207500e+000  7.365531e-005
 5.455000e+000  7.164928e-005
 5.702500e+000  6.893373e-005
 5.950000e+000  6.260508e-005
 6.197500e+000  6.019125e-005
 6.445000e+000  6.527347e-005
 6.692500e+000  6.314219e-005
 6.940000e+000  5.328925e-005
 7.187500e+000  4.430266e-005
 7.435000e+000  5.150529e-005
 7.682500e+000  4.865292e-005
 7.930000e+000  4.792705e-005
 8.177500e+000  4.102867e-005
 8.425000e+000  4.058204e-005
 8.672500e+000  3.859736e-005
 8.920000e+000  4.299256e-005
 9.167500e+000  4.265741e-005
 9.415000e+000  3.593807e-005
 9.662500e+000  4.188734e-005
 9.910000e+000  3.805838e-005
 1.015750e+001  3.602819e-005
 1.040500e+001  3.796323e-005
 1.065250e+001  3.819207e-005
 1.090000e+001  3.546883e-005
 1.114750e+001  2.992579e-005
 1.139500e+001  3.253951e-005
 1.164250e+001  3.284529e-005
 1.189000e+001  3.041561e-005
 1.213750e+001  2.813305e-005
 1.238500e+001  2.603395e-005
 1.263250e+001  2.859007e-005
 1.288000e+001  3.359548e-005
 1.312750e+001  3.476724e-005
 1.337500e+001  3.318616e-005
 1.362250e+001  3.101706e-005
 1.387000e+001  2.733217e-005
 1.411750e+001  2.740262e-005
 1.436500e+001  2.705076e-005
 1.461250e+001  2.524771e-005
 1.486000e+001  2.630394e-005
 1.510750e+001  2.907762e-005
 1.535500e+001  2.840076e-005
 1.560250e+001  2.777924e-005
 1.585000e+001  2.873415e-005
 1.609750e+001  2.812326e-005
 1.634500e+001  2.691316e-005
 1.659250e+001  2.670473e-005
 1.684000e+001  2.459742e-005
 1.708750e+001  2.424037e-005
 1.733500e+001  2.379845e-005
 1.758250e+001  2.450701e-005
 1.783000e+001  2.397983e-005
 1.807750e+001  2.348015e-005
 1.832500e+001  2.674127e-005
 1.857250e+001  2.398832e-005
 1.882000e+001  2.593680e-005
 1.906750e+001  2.602379e-005
 1.931500e+001  2.361318e-005
 1.956250e+001  2.485696e-005
 1.981000e+001  2.681433e-005
 2.005750e+001  2.466854e-005
 2.030500e+001  2.485176e-005
 2.055250e+001  2.683554e-005
 2.080000e+001  2.529097e-005
 2.104750e+001  2.421875e-005
 2.129500e+001  2.493377e-005
 2.154250e+001  2.144649e-005
 2.179000e+001  2.414566e-005
 2.203750e+001  2.471073e-005
 2.228500e+001  2.328284e-005
 2.253250e+001  2.270180e-005
 2.278000e+001  2.039622e-005
 2.302750e+001  2.158725e-005
 2.327500e+001  2.230724e-005
 2.352250e+001  2.117683e-005
 2.377000e+001  2.183462e-005
 2.401750e+001  2.415782e-005
 2.426500e+001  2.259572e-005
 2.451250e+001  2.162702e-005
 2.476000e+001  2.236556e-005
 2.500750e+001  2.159319e-005
 2.525500e+001  2.016500e-005
 2.550250e+001  2.182437e-005
 2.575000e+001  2.221834e-005
 2.599750e+001  2.137841e-005
 2.624500e+001  2.004867e-005
 2.649250e+001  2.049652e-005
 2.674000e+001  1.974142e-005
 2.698750e+001  2.000688e-005
 2.723500e+001  1.961123e-005
 2.748250e+001  2.027526e-005
 2.773000e+001  1.875298e-005
 2.797750e+001  1.748970e-005
 2.822500e+001  1.866358e-005
 2.847250e+001  1.972995e-005
 2.872000e+001  1.765196e-005
 2.896750e+001  1.970498e-005
 2.921500e+001  1.880432e-005
 2.946250e+001  1.691829e-005
 2.971000e+001  1.820659e-005
 2.995750e+001  1.820269e-005
 3.020500e+001  1.993496e-005
 3.045250e+001  1.968123e-005
 3.070000e+001  1.988182e-005
 3.094750e+001  1.847835e-005
 3.119500e+001  1.740958e-005
 3.144250e+001  1.967570e-005
 3.169000e+001  2.060523e-005
 3.193750e+001  1.987027e-005
 3.218500e+001  1.977734e-005
 3.243250e+001  2.045969e-005
 3.268000e+001  1.939089e-005
 3.292750e+001  1.723162e-005
 3.317500e+001  2.063038e-005
 3.342250e+001  1.849190e-005
 3.367000e+001  1.687109e-005
 3.391750e+001  1.810200e-005
 3.416500e+001  1.814626e-005
 3.441250e+001  1.587524e-005
 3.466000e+001  1.612024e-005
 3.490750e+001  1.751862e-005
 3.515500e+001  1.822592e-005
 3.540250e+001  1.794862e-005
 3.565000e+001  1.747651e-005
 3.589750e+001  1.784072e-005
 3.614500e+001  1.705202e-005
 3.639250e+001  1.727412e-005
 3.664000e+001  1.772216e-005
 3.688750e+001  1.832646e-005
 3.713500e+001  1.892029e-005
 3.738250e+001  1.944081e-005
 3.763000e+001  1.878831e-005
 3.787750e+001  1.872242e-005
 3.812500e+001  1.946589e-005
 3.837250e+001  1.872912e-005
 3.862000e+001  1.849715e-005
 3.886750e+001  1.945840e-005
 3.911500e+001  1.911297e-005
 3.936250e+001  2.056141e-005
 3.961000e+001  2.126085e-005
 3.985750e+001  1.691420e-005
 4.010500e+001  1.783542e-005
 4.035250e+001  1.762942e-005
 4.060000e+001  1.672015e-005
 4.084750e+001  2.189958e-005
 4.109500e+001  3.548465e-005
 4.134250e+001  2.849048e-005
 4.159000e+001  1.871462e-005
 4.183750e+001  1.630480e-005
 4.208500e+001  1.554881e-005
 4.233250e+001  1.519483e-005
 4.258000e+001  1.693438e-005
 4.282750e+001  1.549270e-005
 4.307500e+001  1.810705e-005
 4.332250e+001  1.677679e-005
 4.357000e+001  1.470021e-005
 4.381750e+001  1.499683e-005
 4.406500e+001  1.680673e-005
 4.431250e+001  1.894345e-005
 4.456000e+001  1.981607e-005
 4.480750e+001  2.026783e-005
 4.505500e+001  1.873361e-005
 4.530250e+001  1.727804e-005
 4.555000e+001  1.603891e-005
 4.579750e+001  1.508032e-005
 4.604500e+001  1.620372e-005
 4.629250e+001  1.702761e-005
 4.654000e+001  1.567359e-005
 4.678750e+001  1.671032e-005
 4.703500e+001  1.752334e-005
 4.728250e+001  1.718845e-005
 4.753000e+001  1.609494e-005
 4.777750e+001  1.673947e-005
 4.802500e+001  1.549751e-005
 4.827250e+001  1.692790e-005
 4.852000e+001  1.823178e-005
 4.876750e+001  1.604644e-005
 4.901500e+001  1.542983e-005
 4.926250e+001  1.848504e-005
 4.951000e+001  4.789747e-005
 4.975750e+001  1.392258e-003
 5.000500e+001  2.444501e-003
 5.025250e+001  1.068807e-003
 5.050000e+001  3.534410e-005
 5.074750e+001  1.828142e-005
 5.099500e+001  1.729002e-005
 5.124250e+001  1.783876e-005
 5.149000e+001  1.716916e-005
 5.173750e+001  1.445749e-005
 5.198500e+001  1.486040e-005
 5.223250e+001  1.481483e-005
 5.248000e+001  1.387099e-005
 5.272750e+001  1.644005e-005
 5.297500e+001  1.661660e-005
 5.322250e+001  1.506890e-005
 5.347000e+001  1.722005e-005
 5.371750e+001  1.596893e-005
 5.396500e+001  1.493493e-005
 5.421250e+001  1.597262e-005
 5.446000e+001  1.481540e-005
 5.470750e+001  1.581917e-005
 5.495500e+001  1.664729e-005
 5.520250e+001  1.660023e-005
 5.545000e+001  1.500731e-005
 5.569750e+001  1.476049e-005
 5.594500e+001  1.566907e-005
 5.619250e+001  1.461895e-005
 5.644000e+001  1.409548e-005
 5.668750e+001  1.541122e-005
 5.693500e+001  1.571984e-005
 5.718250e+001  1.484627e-005
 5.743000e+001  1.672067e-005
 5.767750e+001  1.472019e-005
 5.792500e+001  1.419776e-005
 5.817250e+001  1.481742e-005
 5.842000e+001  1.639167e-005
 5.866750e+001  1.536171e-005
 5.891500e+001  1.522391e-005
 5.916250e+001  1.691933e-005
 5.941000e+001  1.857358e-005
 5.965750e+001  3.714152e-005
 5.990500e+001  1.588714e-004
 6.015250e+001  1.553821e-004
 6.040000e+001  3.384290e-005
 6.064750e+001  1.604042e-005
 6.089500e+001  1.496323e-005
 6.114250e+001  1.519910e-005
 6.139000e+001  1.520715e-005
 6.163750e+001  1.449579e-005
 6.188500e+001  1.293416e-005
 6.213250e+001  1.370569e-005
 6.238000e+001  1.427331e-005
 6.262750e+001  1.365921e-005
 6.287500e+001  1.440947e-005
 6.312250e+001  1.480677e-005
 6.337000e+001  1.467167e-005
 6.361750e+001  1.387243e-005
 6.386500e+001  1.345864e-005
 6.411250e+001  1.541462e-005
 6.436000e+001  1.498166e-005
 6.460750e+001  1.553816e-005
 6.485500e+001  1.494447e-005
 6.510250e+001  1.402837e-005
 6.535000e+001  1.267233e-005
 6.559750e+001  1.455242e-005
 6.584500e+001  1.552942e-005
 6.609250e+001  1.570143e-005
 6.634000e+001  1.298979e-005
 6.658750e+001  1.515418e-005
 6.683500e+001  1.399688e-005
 6.708250e+001  1.403133e-005
 6.733000e+001  1.372024e-005
 6.757750e+001  1.472267e-005
 6.782500e+001  1.468433e-005
 6.807250e+001  1.429451e-005
 6.832000e+001  1.420655e-005
 6.856750e+001  1.360838e-005
 6.881500e+001  1.399985e-005
 6.906250e+001  1.497923e-005
 6.931000e+001  1.490610e-005
 6.955750e+001  1.286907e-005
 6.980500e+001  1.455501e-005
 7.005250e+001  1.374750e-005
 7.030000e+001  1.381161e-005
 7.054750e+001  1.552600e-005
 7.079500e+001  1.454880e-005
 7.104250e+001  1.498533e-005
 7.129000e+001  1.547840e-005
 7.153750e+001  1.473508e-005
 7.178500e+001  1.302855e-005
 7.203250e+001  1.269062e-005
 7.228000e+001  1.457474e-005
 7.252750e+001  1.424490e-005
 7.277500e+001  1.464570e-005
 7.302250e+001  1.341253e-005
 7.327000e+001  1.323189e-005
 7.351750e+001  1.485989e-005
 7.376500e+001  1.427601e-005
 7.401250e+001  1.550319e-005
 7.426000e+001  1.576593e-005
 7.450750e+001  1.222339e-005
 7.475500e+001  1.449625e-005
 7.500250e+001  1.605186e-005
 7.525000e+001  1.516513e-005
 7.549750e+001  1.401689e-005
 7.574500e+001  1.374113e-005
 7.599250e+001  1.434294e-005
 7.624000e+001  1.522681e-005
 7.648750e+001  1.510801e-005
 7.673500e+001  1.169524e-005
 7.698250e+001  1.014137e-005
 7.723000e+001  1.219476e-005
 7.747750e+001  1.284058e-005
 7.772500e+001  1.400870e-005
 7.797250e+001  1.465932e-005
 7.822000e+001  1.417528e-005
 7.846750e+001  1.460184e-005
 7.871500e+001  1.431408e-005
 7.896250e+001  1.286695e-005
 7.921000e+001  1.467380e-005
 7.945750e+001  1.487222e-005
 7.970500e+001  1.319401e-005
 7.995250e+001  1.281624e-005
 8.020000e+001  1.397735e-005
 8.044750e+001  1.445920e-005
 8.069500e+001  1.246171e-005
 8.094250e+001  1.302989e-005
 8.119000e+001  1.411191e-005
 8.143750e+001  1.323838e-005
 8.168500e+001  1.449351e-005
 8.193250e+001  1.812076e-005
 8.218000e+001  3.520952e-005
 8.242750e+001  3.308094e-005
 8.267500e+001  1.734169e-005
 8.292250e+001  1.407690e-005
 8.317000e+001  1.379794e-005
 8.341750e+001  1.483069e-005
 8.366500e+001  1.433455e-005
 8.391250e+001  1.331249e-005
 8.416000e+001  1.273434e-005
 8.440750e+001  1.358320e-005
 8.465500e+001  1.476593e-005
 8.490250e+001  1.519298e-005
 8.515000e+001  1.487187e-005
 8.539750e+001  1.385535e-005
 8.564500e+001  1.358124e-005
 8.589250e+001  1.355511e-005
 8.614000e+001  1.388673e-005
 8.638750e+001  1.338663e-005
 8.663500e+001  1.304574e-005
 8.688250e+001  1.369963e-005
 8.713000e+001  1.429861e-005
 8.737750e+001  1.392524e-005
 8.762500e+001  1.370781e-005
 8.787250e+001  1.291994e-005
 8.812000e+001  1.250782e-005
 8.836750e+001  1.259366e-005
 8.861500e+001  1.356306e-005
 8.886250e+001  1.255375e-005
 8.911000e+001  1.304975e-005
 8.935750e+001  1.401233e-005
 8.960500e+001  1.343927e-005
 8.985250e+001  1.388703e-005
 9.010000e+001  1.497967e-005
 9.034750e+001  1.434278e-005
 9.059500e+001  1.174619e-005
 9.084250e+001  1.210566e-005
 9.109000e+001  1.365477e-005
 9.133750e+001  1.464033e-005
 9.158500e+001  1.529014e-005
 9.183250e+001  1.374317e-005
 9.208000e+001  1.238585e-005
 9.232750e+001  1.396097e-005
 9.257500e+001  1.366210e-005
 9.282250e+001  1.132646e-005
 9.307000e+001  1.363788e-005
 9.331750e+001  1.453257e-005
 9.356500e+001  1.436979e-005
 9.381250e+001  1.345084e-005
 9.406000e+001  1.291731e-005
 9.430750e+001  1.235951e-005
 9.455500e+001  1.273522e-005
 9.480250e+001  1.288206e-005
 9.505000e+001  1.382756e-005
 9.529750e+001  1.331459e-005
 9.554500e+001  1.320180e-005
 9.579250e+001  1.068017e-005
 9.604000e+001  9.812918e-006
 9.628750e+001  1.181247e-005
 9.653500e+001  1.213207e-005
 9.678250e+001  1.304670e-005
 9.703000e+001  1.482307e-005
 9.727750e+001  1.315753e-005
 9.752500e+001  1.221526e-005
 9.777250e+001  1.190293e-005
 9.802000e+001  1.372951e-005
 9.826750e+001  1.307556e-005
 9.851500e+001  1.383453e-005
 9.876250e+001  1.428746e-005
 9.901000e+001  1.320998e-005
 9.925750e+001  1.445770e-005
 9.950500e+001  1.551567e-005
 9.975250e+001  4.210280e-005
 1.000000e+002  6.890259e-005
