 1.000000e+001  4.233689e-004
 1.061875e+001  4.514982e-004
 1.123750e+001  3.835375e-004
 1.185625e+001  3.615066e-004
 1.247500e+001  3.675332e-004
 1.309375e+001  4.014797e-004
 1.371250e+001  3.888284e-004
 1.433125e+001  3.116422e-004
 1.495000e+001  3.658520e-004
 1.556875e+001  3.450935e-004
 1.618750e+001  3.361780e-004
 1.680625e+001  3.104804e-004
 1.742500e+001  2.812230e-004
 1.804375e+001  2.250363e-004
 1.866250e+001  2.731231e-004
 1.928125e+001  2.978418e-004
 1.990000e+001  3.128920e-004
 2.051875e+001  2.744279e-004
 2.113750e+001  3.094024e-004
 2.175625e+001  3.297359e-004
 2.237500e+001  2.815767e-004
 2.299375e+001  2.668518e-004
 2.361250e+001  2.787637e-004
 2.423125e+001  2.915479e-004
 2.485000e+001  2.966302e-004
 2.546875e+001  2.835418e-004
 2.608750e+001  2.436491e-004
 2.670625e+001  2.571778e-004
 2.732500e+001  2.426166e-004
 2.794375e+001  2.379303e-004
 2.856250e+001  2.577995e-004
 2.918125e+001  2.555859e-004
 2.980000e+001  2.740472e-004
 3.041875e+001  2.632488e-004
 3.103750e+001  2.314056e-004
 3.165625e+001  2.306976e-004
 3.227500e+001  2.115347e-004
 3.289375e+001  1.807223e-004
 3.351250e+001  2.122591e-004
 3.413125e+001  2.261716e-004
 3.475000e+001  2.522481e-004
 3.536875e+001  2.384226e-004
 3.598750e+001  2.237014e-004
 3.660625e+001  2.371107e-004
 3.722500e+001  2.371860e-004
 3.784375e+001  2.206046e-004
 3.846250e+001  2.112396e-004
 3.908125e+001  1.973939e-004
 3.970000e+001  2.096452e-004
 4.031875e+001  1.984318e-004
 4.093750e+001  1.899319e-004
 4.155625e+001  2.131361e-004
 4.217500e+001  2.008072e-004
 4.279375e+001  1.879501e-004
 4.341250e+001  1.809376e-004
 4.403125e+001  1.762878e-004
 4.465000e+001  1.701560e-004
 4.526875e+001  1.663737e-004
 4.588750e+001  1.823077e-004
 4.650625e+001  2.006093e-004
 4.712500e+001  1.922812e-004
 4.774375e+001  1.732832e-004
 4.836250e+001  1.878324e-004
 4.898125e+001  2.343891e-004
 4.960000e+001  7.557033e-004
 5.021875e+001  8.713127e-004
 5.083750e+001  2.820236e-004
 5.145625e+001  2.093343e-004
 5.207500e+001  1.763096e-004
 5.269375e+001  1.934993e-004
 5.331250e+001  1.767634e-004
 5.393125e+001  1.745728e-004
 5.455000e+001  1.749992e-004
 5.516875e+001  1.766222e-004
 5.578750e+001  1.746674e-004
 5.640625e+001  1.752165e-004
 5.702500e+001  1.913729e-004
 5.764375e+001  1.953924e-004
 5.826250e+001  2.073252e-004
 5.888125e+001  2.057848e-004
 5.950000e+001  2.311663e-004
 6.011875e+001  2.684267e-004
 6.073750e+001  2.200292e-004
 6.135625e+001  1.839425e-004
 6.197500e+001  1.873587e-004
 6.259375e+001  1.657117e-004
 6.321250e+001  1.617137e-004
 6.383125e+001  1.748660e-004
 6.445000e+001  1.632342e-004
 6.506875e+001  1.761386e-004
 6.568750e+001  1.815026e-004
 6.630625e+001  1.743898e-004
 6.692500e+001  1.792941e-004
 6.754375e+001  1.527971e-004
 6.816250e+001  1.701288e-004
 6.878125e+001  1.802681e-004
 6.940000e+001  1.678256e-004
 7.001875e+001  1.790222e-004
 7.063750e+001  1.663741e-004
 7.125625e+001  1.637894e-004
 7.187500e+001  1.420500e-004
 7.249375e+001  1.657589e-004
 7.311250e+001  1.695712e-004
 7.373125e+001  1.428613e-004
 7.435000e+001  1.412882e-004
 7.496875e+001  1.700598e-004
 7.558750e+001  1.771834e-004
 7.620625e+001  1.657362e-004
 7.682500e+001  1.473379e-004
 7.744375e+001  1.439738e-004
 7.806250e+001  1.596333e-004
 7.868125e+001  1.505680e-004
 7.930000e+001  1.554478e-004
 7.991875e+001  1.510578e-004
 8.053750e+001  1.349308e-004
 8.115625e+001  1.312097e-004
 8.177500e+001  1.336927e-004
 8.239375e+001  1.495991e-004
 8.301250e+001  1.468495e-004
 8.363125e+001  1.657023e-004
 8.425000e+001  1.599476e-004
 8.486875e+001  1.628583e-004
 8.548750e+001  1.422327e-004
 8.610625e+001  1.360779e-004
 8.672500e+001  1.382519e-004
 8.734375e+001  1.442677e-004
 8.796250e+001  1.573221e-004
 8.858125e+001  1.416445e-004
 8.920000e+001  1.287896e-004
 8.981875e+001  1.427902e-004
 9.043750e+001  1.518836e-004
 9.105625e+001  1.314230e-004
 9.167500e+001  1.114779e-004
 9.229375e+001  1.342778e-004
 9.291250e+001  1.324036e-004
 9.353125e+001  1.420277e-004
 9.415000e+001  1.431955e-004
 9.476875e+001  1.329803e-004
 9.538750e+001  1.198729e-004
 9.600625e+001  1.260213e-004
 9.662500e+001  1.264825e-004
 9.724375e+001  1.208282e-004
 9.786250e+001  1.165483e-004
 9.848125e+001  1.205751e-004
 9.910000e+001  1.332164e-004
 9.971875e+001  1.356802e-004
 1.003375e+002  1.208395e-004
 1.009563e+002  1.216193e-004
 1.015750e+002  1.419472e-004
 1.021938e+002  1.244333e-004
 1.028125e+002  1.180441e-004
 1.034313e+002  1.283357e-004
 1.040500e+002  1.250461e-004
 1.046688e+002  1.178475e-004
 1.052875e+002  1.195620e-004
 1.059063e+002  1.285034e-004
 1.065250e+002  1.276563e-004
 1.071438e+002  1.181901e-004
 1.077625e+002  1.089820e-004
 1.083813e+002  1.259867e-004
 1.090000e+002  1.352889e-004
 1.096188e+002  1.358173e-004
 1.102375e+002  1.173765e-004
 1.108563e+002  1.175856e-004
 1.114750e+002  1.272963e-004
 1.120938e+002  1.362488e-004
 1.127125e+002  1.298388e-004
 1.133313e+002  1.269045e-004
 1.139500e+002  1.284644e-004
 1.145688e+002  1.250124e-004
 1.151875e+002  1.209598e-004
 1.158063e+002  1.193784e-004
 1.164250e+002  1.283084e-004
 1.170438e+002  1.272234e-004
 1.176625e+002  1.160760e-004
 1.182813e+002  1.151862e-004
 1.189000e+002  1.412995e-004
 1.195188e+002  1.597112e-004
 1.201375e+002  1.589414e-004
 1.207563e+002  1.222263e-004
 1.213750e+002  1.253161e-004
 1.219938e+002  1.257849e-004
 1.226125e+002  1.109220e-004
 1.232313e+002  1.029336e-004
 1.238500e+002  1.156279e-004
 1.244688e+002  1.160727e-004
 1.250875e+002  1.258756e-004
 1.257063e+002  1.197336e-004
 1.263250e+002  1.254816e-004
 1.269438e+002  1.240108e-004
 1.275625e+002  1.152142e-004
 1.281813e+002  1.174764e-004
 1.288000e+002  1.123122e-004
 1.294188e+002  9.805291e-005
 1.300375e+002  1.056328e-004
 1.306563e+002  1.081665e-004
 1.312750e+002  1.180799e-004
 1.318938e+002  1.116652e-004
 1.325125e+002  1.208430e-004
 1.331313e+002  1.240364e-004
 1.337500e+002  1.168550e-004
 1.343688e+002  1.008621e-004
 1.349875e+002  1.141764e-004
 1.356063e+002  1.354062e-004
 1.362250e+002  1.243036e-004
 1.368438e+002  1.166593e-004
 1.374625e+002  1.178441e-004
 1.380813e+002  1.249096e-004
 1.387000e+002  1.128040e-004
 1.393188e+002  1.009689e-004
 1.399375e+002  1.031611e-004
 1.405563e+002  1.178135e-004
 1.411750e+002  1.144636e-004
 1.417938e+002  1.167091e-004
 1.424125e+002  1.190860e-004
 1.430313e+002  1.075748e-004
 1.436500e+002  1.065506e-004
 1.442688e+002  1.110259e-004
 1.448875e+002  1.047594e-004
 1.455063e+002  1.049593e-004
 1.461250e+002  1.037621e-004
 1.467438e+002  1.022158e-004
 1.473625e+002  1.060397e-004
 1.479813e+002  1.216585e-004
 1.486000e+002  1.251441e-004
 1.492188e+002  4.320974e-004
 1.498375e+002  1.155794e-003
 1.504563e+002  7.727412e-004
 1.510750e+002  9.856372e-005
 1.516938e+002  1.006286e-004
 1.523125e+002  1.015181e-004
 1.529313e+002  9.962597e-005
 1.535500e+002  1.026867e-004
 1.541688e+002  1.065197e-004
 1.547875e+002  9.433558e-005
 1.554063e+002  1.078430e-004
 1.560250e+002  1.097533e-004
 1.566438e+002  1.024405e-004
 1.572625e+002  1.142495e-004
 1.578813e+002  1.055697e-004
 1.585000e+002  1.097098e-004
 1.591188e+002  1.172639e-004
 1.597375e+002  1.148364e-004
 1.603563e+002  1.181296e-004
 1.609750e+002  1.075004e-004
 1.615938e+002  9.655162e-005
 1.622125e+002  9.735115e-005
 1.628313e+002  9.905532e-005
 1.634500e+002  9.932103e-005
 1.640688e+002  1.079008e-004
 1.646875e+002  1.129089e-004
 1.653063e+002  1.102483e-004
 1.659250e+002  1.059637e-004
 1.665438e+002  1.122519e-004
 1.671625e+002  9.077559e-005
 1.677813e+002  9.260749e-005
 1.684000e+002  1.018357e-004
 1.690188e+002  1.001744e-004
 1.696375e+002  1.058953e-004
 1.702563e+002  1.024571e-004
 1.708750e+002  9.833929e-005
 1.714938e+002  1.006166e-004
 1.721125e+002  9.488039e-005
 1.727313e+002  9.476104e-005
 1.733500e+002  1.011745e-004
 1.739688e+002  1.022197e-004
 1.745875e+002  1.072529e-004
 1.752063e+002  1.062928e-004
 1.758250e+002  1.026214e-004
 1.764438e+002  9.823287e-005
 1.770625e+002  9.918144e-005
 1.776813e+002  1.066751e-004
 1.783000e+002  9.742277e-005
 1.789188e+002  9.949369e-005
 1.795375e+002  1.006785e-004
 1.801563e+002  1.094074e-004
 1.807750e+002  8.695164e-005
 1.813938e+002  9.325867e-005
 1.820125e+002  9.268151e-005
 1.826313e+002  9.589840e-005
 1.832500e+002  9.684453e-005
 1.838688e+002  9.263065e-005
 1.844875e+002  8.609135e-005
 1.851063e+002  8.893306e-005
 1.857250e+002  9.328096e-005
 1.863438e+002  1.077599e-004
 1.869625e+002  1.016256e-004
 1.875813e+002  9.657475e-005
 1.882000e+002  9.879852e-005
 1.888188e+002  9.100405e-005
 1.894375e+002  8.640456e-005
 1.900563e+002  1.013660e-004
 1.906750e+002  1.005771e-004
 1.912938e+002  9.673121e-005
 1.919125e+002  1.155598e-004
 1.925313e+002  1.139998e-004
 1.931500e+002  1.071720e-004
 1.937688e+002  1.000911e-004
 1.943875e+002  9.507652e-005
 1.950063e+002  9.405765e-005
 1.956250e+002  9.173957e-005
 1.962438e+002  8.400549e-005
 1.968625e+002  8.462805e-005
 1.974813e+002  8.483486e-005
 1.981000e+002  8.378639e-005
 1.987188e+002  8.013193e-005
 1.993375e+002  9.235239e-005
 1.999563e+002  1.090764e-004
 2.005750e+002  9.469972e-005
 2.011938e+002  9.363448e-005
 2.018125e+002  9.514349e-005
 2.024313e+002  1.056992e-004
 2.030500e+002  1.049653e-004
 2.036688e+002  8.863651e-005
 2.042875e+002  8.172856e-005
 2.049063e+002  8.686307e-005
 2.055250e+002  9.174487e-005
 2.061438e+002  8.701172e-005
 2.067625e+002  9.039147e-005
 2.073813e+002  9.665331e-005
 2.080000e+002  9.941345e-005
 2.086188e+002  1.106267e-004
 2.092375e+002  9.493852e-005
 2.098563e+002  8.429742e-005
 2.104750e+002  8.928273e-005
 2.110938e+002  9.379778e-005
 2.117125e+002  9.904554e-005
 2.123313e+002  9.659356e-005
 2.129500e+002  8.223320e-005
 2.135688e+002  8.655220e-005
 2.141875e+002  8.760731e-005
 2.148063e+002  9.069195e-005
 2.154250e+002  9.719011e-005
 2.160438e+002  8.958130e-005
 2.166625e+002  8.330927e-005
 2.172813e+002  8.517705e-005
 2.179000e+002  8.609511e-005
 2.185188e+002  9.024285e-005
 2.191375e+002  1.002958e-004
 2.197563e+002  9.017378e-005
 2.203750e+002  9.733720e-005
 2.209938e+002  9.807352e-005
 2.216125e+002  8.819522e-005
 2.222313e+002  9.385985e-005
 2.228500e+002  9.601006e-005
 2.234688e+002  8.769061e-005
 2.240875e+002  9.073255e-005
 2.247063e+002  9.543623e-005
 2.253250e+002  9.574141e-005
 2.259438e+002  9.260666e-005
 2.265625e+002  9.059892e-005
 2.271813e+002  9.780252e-005
 2.278000e+002  8.726128e-005
 2.284188e+002  8.908552e-005
 2.290375e+002  9.077042e-005
 2.296563e+002  8.295230e-005
 2.302750e+002  8.599026e-005
 2.308938e+002  8.467702e-005
 2.315125e+002  9.330375e-005
 2.321313e+002  9.424601e-005
 2.327500e+002  9.475789e-005
 2.333688e+002  9.313366e-005
 2.339875e+002  9.029903e-005
 2.346063e+002  9.085772e-005
 2.352250e+002  9.278809e-005
 2.358438e+002  9.071193e-005
 2.364625e+002  9.539815e-005
 2.370813e+002  8.615106e-005
 2.377000e+002  8.715909e-005
 2.383188e+002  8.937125e-005
 2.389375e+002  7.708625e-005
 2.395563e+002  9.671535e-005
 2.401750e+002  1.233601e-004
 2.407938e+002  8.886864e-005
 2.414125e+002  8.743402e-005
 2.420313e+002  8.239001e-005
 2.426500e+002  8.242415e-005
 2.432688e+002  8.285421e-005
 2.438875e+002  8.652219e-005
 2.445063e+002  9.224609e-005
 2.451250e+002  8.893929e-005
 2.457438e+002  8.786440e-005
 2.463625e+002  8.185864e-005
 2.469813e+002  7.689513e-005
 2.476000e+002  7.423707e-005
 2.482188e+002  9.180477e-005
 2.488375e+002  9.884756e-005
 2.494563e+002  2.433900e-004
 2.500750e+002  3.363751e-004
 2.506938e+002  1.411091e-004
 2.513125e+002  8.533526e-005
 2.519313e+002  9.066465e-005
 2.525500e+002  8.707078e-005
 2.531688e+002  8.708384e-005
 2.537875e+002  8.324392e-005
 2.544063e+002  7.505769e-005
 2.550250e+002  6.881005e-005
 2.556438e+002  7.971690e-005
 2.562625e+002  8.049806e-005
 2.568813e+002  8.220470e-005
 2.575000e+002  7.774696e-005
 2.581188e+002  7.373410e-005
 2.587375e+002  8.371822e-005
 2.593563e+002  8.445211e-005
 2.599750e+002  8.588640e-005
 2.605938e+002  8.694110e-005
 2.612125e+002  8.143482e-005
 2.618313e+002  7.469971e-005
 2.624500e+002  7.763713e-005
 2.630688e+002  8.720710e-005
 2.636875e+002  8.138489e-005
 2.643063e+002  7.511657e-005
 2.649250e+002  8.854943e-005
 2.655438e+002  9.885914e-005
 2.661625e+002  8.846609e-005
 2.667813e+002  7.332831e-005
 2.674000e+002  7.080025e-005
 2.680188e+002  8.358906e-005
 2.686375e+002  8.717096e-005
 2.692563e+002  8.177340e-005
 2.698750e+002  8.255571e-005
 2.704938e+002  8.572852e-005
 2.711125e+002  8.129393e-005
 2.717313e+002  7.834722e-005
 2.723500e+002  7.712058e-005
 2.729688e+002  9.259812e-005
 2.735875e+002  8.820128e-005
 2.742063e+002  7.949077e-005
 2.748250e+002  6.700906e-005
 2.754438e+002  7.777787e-005
 2.760625e+002  8.928949e-005
 2.766813e+002  8.636844e-005
 2.773000e+002  8.322226e-005
 2.779188e+002  8.017563e-005
 2.785375e+002  8.196828e-005
 2.791563e+002  8.900501e-005
 2.797750e+002  8.635651e-005
 2.803938e+002  7.909164e-005
 2.810125e+002  7.845036e-005
 2.816313e+002  7.592731e-005
 2.822500e+002  8.669092e-005
 2.828688e+002  8.967817e-005
 2.834875e+002  7.994207e-005
 2.841063e+002  7.822595e-005
 2.847250e+002  7.195349e-005
 2.853438e+002  8.350337e-005
 2.859625e+002  8.691614e-005
 2.865813e+002  8.379867e-005
 2.872000e+002  7.652252e-005
 2.878188e+002  7.912659e-005
 2.884375e+002  7.921288e-005
 2.890563e+002  7.926321e-005
 2.896750e+002  9.144131e-005
 2.902938e+002  9.065277e-005
 2.909125e+002  7.828026e-005
 2.915313e+002  8.230973e-005
 2.921500e+002  8.320750e-005
 2.927688e+002  8.121801e-005
 2.933875e+002  8.321423e-005
 2.940063e+002  8.492313e-005
 2.946250e+002  8.068577e-005
 2.952438e+002  7.927350e-005
 2.958625e+002  8.339547e-005
 2.964813e+002  7.450734e-005
 2.971000e+002  8.418027e-005
 2.977188e+002  8.758141e-005
 2.983375e+002  8.647094e-005
 2.989563e+002  8.797822e-005
 2.995750e+002  8.720085e-005
 3.001938e+002  1.087326e-004
 3.008125e+002  9.312001e-005
 3.014313e+002  8.127233e-005
 3.020500e+002  7.883429e-005
 3.026688e+002  8.088357e-005
 3.032875e+002  8.232358e-005
 3.039063e+002  8.448392e-005
 3.045250e+002  8.812926e-005
 3.051438e+002  7.216630e-005
 3.057625e+002  7.254752e-005
 3.063813e+002  7.886248e-005
 3.070000e+002  6.745155e-005
 3.076188e+002  7.298322e-005
 3.082375e+002  8.142893e-005
 3.088563e+002  8.159245e-005
 3.094750e+002  8.107555e-005
 3.100938e+002  8.283046e-005
 3.107125e+002  8.719442e-005
 3.113313e+002  8.078866e-005
 3.119500e+002  7.671419e-005
 3.125688e+002  8.741731e-005
 3.131875e+002  8.003162e-005
 3.138063e+002  6.606727e-005
 3.144250e+002  7.181847e-005
 3.150437e+002  7.908289e-005
 3.156625e+002  7.785270e-005
 3.162812e+002  7.866519e-005
 3.169000e+002  7.179076e-005
 3.175187e+002  7.752451e-005
 3.181375e+002  8.321526e-005
 3.187562e+002  8.857966e-005
 3.193750e+002  8.367667e-005
 3.199937e+002  8.040776e-005
 3.206125e+002  7.863621e-005
 3.212312e+002  8.536650e-005
 3.218500e+002  8.016267e-005
 3.224687e+002  7.392215e-005
 3.230875e+002  7.633545e-005
 3.237062e+002  8.182074e-005
 3.243250e+002  7.438697e-005
 3.249437e+002  7.138809e-005
 3.255625e+002  6.674696e-005
 3.261812e+002  7.468292e-005
 3.268000e+002  9.031550e-005
 3.274187e+002  8.708766e-005
 3.280375e+002  8.877211e-005
 3.286562e+002  8.638045e-005
 3.292750e+002  8.485544e-005
 3.298937e+002  7.902272e-005
 3.305125e+002  7.671452e-005
 3.311312e+002  7.524662e-005
 3.317500e+002  7.534346e-005
 3.323687e+002  7.523313e-005
 3.329875e+002  6.693079e-005
 3.336062e+002  7.403039e-005
 3.342250e+002  7.348305e-005
 3.348437e+002  8.514084e-005
 3.354625e+002  7.790368e-005
 3.360812e+002  7.554809e-005
 3.367000e+002  7.523653e-005
 3.373187e+002  7.778871e-005
 3.379375e+002  7.549935e-005
 3.385562e+002  7.574590e-005
 3.391750e+002  7.630454e-005
 3.397937e+002  6.830279e-005
 3.404125e+002  6.942844e-005
 3.410312e+002  6.983479e-005
 3.416500e+002  7.830076e-005
 3.422687e+002  7.660604e-005
 3.428875e+002  7.703060e-005
 3.435062e+002  7.707746e-005
 3.441250e+002  8.118114e-005
 3.447437e+002  7.547389e-005
 3.453625e+002  6.862885e-005
 3.459812e+002  8.018249e-005
 3.466000e+002  7.666438e-005
 3.472187e+002  6.383754e-005
 3.478375e+002  7.533485e-005
 3.484562e+002  8.617903e-005
 3.490750e+002  9.145355e-005
 3.496937e+002  1.872233e-004
 3.503125e+002  1.585436e-004
 3.509312e+002  7.493033e-005
 3.515500e+002  7.625108e-005
 3.521687e+002  7.384756e-005
 3.527875e+002  7.675774e-005
 3.534062e+002  6.937587e-005
 3.540250e+002  7.452208e-005
 3.546437e+002  8.173028e-005
 3.552625e+002  7.637952e-005
 3.558812e+002  7.112010e-005
 3.565000e+002  6.914629e-005
 3.571187e+002  6.693140e-005
 3.577375e+002  7.320075e-005
 3.583562e+002  7.723058e-005
 3.589750e+002  7.170511e-005
 3.595937e+002  9.055107e-005
 3.602125e+002  1.090817e-004
 3.608312e+002  8.234202e-005
 3.614500e+002  8.308116e-005
 3.620687e+002  7.604488e-005
 3.626875e+002  7.624542e-005
 3.633062e+002  7.114232e-005
 3.639250e+002  7.815510e-005
 3.645437e+002  7.590652e-005
 3.651625e+002  7.123500e-005
 3.657812e+002  8.037903e-005
 3.664000e+002  8.360002e-005
 3.670187e+002  7.112923e-005
 3.676375e+002  7.672112e-005
 3.682562e+002  7.787582e-005
 3.688750e+002  7.373880e-005
 3.694937e+002  7.214552e-005
 3.701125e+002  7.580244e-005
 3.707312e+002  7.960904e-005
 3.713500e+002  7.175686e-005
 3.719687e+002  8.252936e-005
 3.725875e+002  7.004515e-005
 3.732062e+002  7.318628e-005
 3.738250e+002  7.981109e-005
 3.744437e+002  7.227798e-005
 3.750625e+002  7.174023e-005
 3.756812e+002  7.987346e-005
 3.763000e+002  8.200692e-005
 3.769187e+002  8.000255e-005
 3.775375e+002  8.021764e-005
 3.781562e+002  7.499763e-005
 3.787750e+002  7.333335e-005
 3.793937e+002  7.314072e-005
 3.800125e+002  6.699368e-005
 3.806312e+002  6.519725e-005
 3.812500e+002  6.869126e-005
 3.818687e+002  6.374183e-005
 3.824875e+002  6.650411e-005
 3.831062e+002  7.242861e-005
 3.837250e+002  7.473330e-005
 3.843437e+002  7.660316e-005
 3.849625e+002  7.577257e-005
 3.855812e+002  7.837176e-005
 3.862000e+002  8.416850e-005
 3.868187e+002  8.369489e-005
 3.874375e+002  7.795777e-005
 3.880562e+002  7.464558e-005
 3.886750e+002  8.061490e-005
 3.892937e+002  6.757099e-005
 3.899125e+002  7.183416e-005
 3.905312e+002  7.341127e-005
 3.911500e+002  7.260153e-005
 3.917687e+002  7.719618e-005
 3.923875e+002  7.929326e-005
 3.930062e+002  7.883199e-005
 3.936250e+002  7.016764e-005
 3.942437e+002  6.802911e-005
 3.948625e+002  7.224940e-005
 3.954812e+002  7.255540e-005
 3.961000e+002  7.434403e-005
 3.967187e+002  8.191177e-005
 3.973375e+002  7.414822e-005
 3.979562e+002  6.886996e-005
 3.985750e+002  7.042649e-005
 3.991937e+002  7.655649e-005
 3.998125e+002  7.827748e-005
 4.004312e+002  7.561844e-005
 4.010500e+002  6.647740e-005
 4.016687e+002  7.848697e-005
 4.022875e+002  8.337556e-005
 4.029062e+002  7.510408e-005
 4.035250e+002  7.380140e-005
 4.041437e+002  7.632036e-005
 4.047625e+002  7.110035e-005
 4.053812e+002  7.267029e-005
 4.060000e+002  6.403665e-005
 4.066187e+002  5.792946e-005
 4.072375e+002  7.299009e-005
 4.078562e+002  7.289443e-005
 4.084750e+002  7.684010e-005
 4.090937e+002  7.503318e-005
 4.097125e+002  7.154297e-005
 4.103312e+002  6.537198e-005
 4.109500e+002  6.367004e-005
 4.115687e+002  8.219391e-005
 4.121875e+002  7.793042e-005
 4.128062e+002  7.140091e-005
 4.134250e+002  6.953539e-005
 4.140437e+002  7.344142e-005
 4.146625e+002  7.770633e-005
 4.152812e+002  7.647856e-005
 4.159000e+002  7.648382e-005
 4.165187e+002  8.520503e-005
 4.171375e+002  7.338976e-005
 4.177562e+002  6.861466e-005
 4.183750e+002  7.385614e-005
 4.189937e+002  8.149528e-005
 4.196125e+002  7.424722e-005
 4.202312e+002  9.085171e-005
 4.208500e+002  7.834121e-005
 4.214687e+002  6.878140e-005
 4.220875e+002  6.351061e-005
 4.227062e+002  7.682668e-005
 4.233250e+002  7.288033e-005
 4.239437e+002  6.920684e-005
 4.245625e+002  7.145409e-005
 4.251812e+002  6.985214e-005
 4.258000e+002  7.532642e-005
 4.264187e+002  8.650199e-005
 4.270375e+002  7.949839e-005
 4.276562e+002  8.003879e-005
 4.282750e+002  7.520523e-005
 4.288937e+002  7.227337e-005
 4.295125e+002  7.003472e-005
 4.301312e+002  7.225424e-005
 4.307500e+002  7.066538e-005
 4.313687e+002  7.595658e-005
 4.319875e+002  8.323155e-005
 4.326062e+002  7.450379e-005
 4.332250e+002  7.312736e-005
 4.338437e+002  6.725519e-005
 4.344625e+002  6.522629e-005
 4.350812e+002  6.740988e-005
 4.357000e+002  6.285835e-005
 4.363187e+002  6.879870e-005
 4.369375e+002  6.938842e-005
 4.375562e+002  7.335812e-005
 4.381750e+002  7.585562e-005
 4.387937e+002  6.979823e-005
 4.394125e+002  6.665639e-005
 4.400312e+002  7.254196e-005
 4.406500e+002  6.952074e-005
 4.412687e+002  5.750306e-005
 4.418875e+002  6.065579e-005
 4.425062e+002  6.638265e-005
 4.431250e+002  6.815117e-005
 4.437437e+002  7.238497e-005
 4.443625e+002  6.805188e-005
 4.449812e+002  6.880538e-005
 4.456000e+002  6.635841e-005
 4.462187e+002  6.894003e-005
 4.468375e+002  7.240570e-005
 4.474562e+002  7.852070e-005
 4.480750e+002  8.234003e-005
 4.486937e+002  7.113923e-005
 4.493125e+002  1.367725e-004
 4.499312e+002  2.555194e-004
 4.505500e+002  1.519884e-004
 4.511687e+002  7.190208e-005
 4.517875e+002  7.049716e-005
 4.524062e+002  6.971635e-005
 4.530250e+002  7.181557e-005
 4.536437e+002  7.274063e-005
 4.542625e+002  7.199688e-005
 4.548812e+002  7.262908e-005
 4.555000e+002  6.032060e-005
 4.561187e+002  6.289244e-005
 4.567375e+002  7.196851e-005
 4.573562e+002  7.716312e-005
 4.579750e+002  8.006244e-005
 4.585937e+002  7.425405e-005
 4.592125e+002  7.261319e-005
 4.598312e+002  6.764023e-005
 4.604500e+002  6.146532e-005
 4.610687e+002  7.043226e-005
 4.616875e+002  8.112818e-005
 4.623062e+002  8.136031e-005
 4.629250e+002  7.051393e-005
 4.635437e+002  6.833866e-005
 4.641625e+002  6.561951e-005
 4.647812e+002  7.224566e-005
 4.654000e+002  7.302745e-005
 4.660187e+002  7.849897e-005
 4.666375e+002  8.155185e-005
 4.672562e+002  7.595899e-005
 4.678750e+002  6.764646e-005
 4.684937e+002  6.760565e-005
 4.691125e+002  7.332054e-005
 4.697312e+002  7.099983e-005
 4.703500e+002  6.289875e-005
 4.709687e+002  6.197108e-005
 4.715875e+002  6.444960e-005
 4.722062e+002  6.506361e-005
 4.728250e+002  6.958649e-005
 4.734437e+002  6.524043e-005
 4.740625e+002  7.075158e-005
 4.746812e+002  8.402085e-005
 4.753000e+002  7.604240e-005
 4.759187e+002  7.596235e-005
 4.765375e+002  7.413454e-005
 4.771562e+002  6.656945e-005
 4.777750e+002  6.098082e-005
 4.783937e+002  6.371875e-005
 4.790125e+002  7.017984e-005
 4.796312e+002  7.477496e-005
 4.802500e+002  8.690818e-005
 4.808687e+002  7.629080e-005
 4.814875e+002  7.329244e-005
 4.821062e+002  6.659168e-005
 4.827250e+002  6.596294e-005
 4.833437e+002  7.017614e-005
 4.839625e+002  7.401033e-005
 4.845812e+002  6.478137e-005
 4.852000e+002  6.717847e-005
 4.858187e+002  6.764381e-005
 4.864375e+002  7.085069e-005
 4.870562e+002  6.734966e-005
 4.876750e+002  7.650166e-005
 4.882937e+002  8.422802e-005
 4.889125e+002  8.071656e-005
 4.895312e+002  6.624897e-005
 4.901500e+002  6.935149e-005
 4.907687e+002  7.032981e-005
 4.913875e+002  5.988086e-005
 4.920062e+002  6.207029e-005
 4.926250e+002  6.345033e-005
 4.932437e+002  7.102031e-005
 4.938625e+002  7.697762e-005
 4.944812e+002  7.505185e-005
 4.951000e+002  6.954597e-005
 4.957187e+002  6.679219e-005
 4.963375e+002  6.306756e-005
 4.969562e+002  6.236204e-005
 4.975750e+002  6.207003e-005
 4.981937e+002  6.831039e-005
 4.988125e+002  6.707966e-005
 4.994312e+002  6.995862e-005
 5.000500e+002  7.150579e-005
 5.006687e+002  6.812808e-005
 5.012875e+002  7.315249e-005
 5.019062e+002  7.577883e-005
 5.025250e+002  6.818285e-005
 5.031437e+002  7.314326e-005
 5.037625e+002  7.583650e-005
 5.043812e+002  6.967852e-005
 5.050000e+002  6.797959e-005
 5.056187e+002  6.851063e-005
 5.062375e+002  7.100160e-005
 5.068562e+002  7.384372e-005
 5.074750e+002  6.846576e-005
 5.080937e+002  7.355378e-005
 5.087125e+002  6.440900e-005
 5.093312e+002  6.698706e-005
 5.099500e+002  7.082680e-005
 5.105687e+002  7.695951e-005
 5.111875e+002  6.862357e-005
 5.118062e+002  7.112224e-005
 5.124250e+002  7.406706e-005
 5.130437e+002  6.909727e-005
 5.136625e+002  8.069200e-005
 5.142812e+002  7.427910e-005
 5.149000e+002  6.523967e-005
 5.155187e+002  6.491510e-005
 5.161375e+002  7.620595e-005
 5.167562e+002  7.507510e-005
 5.173750e+002  7.410038e-005
 5.179937e+002  7.721456e-005
 5.186125e+002  6.803216e-005
 5.192312e+002  7.743535e-005
 5.198500e+002  6.912096e-005
 5.204687e+002  6.785328e-005
 5.210875e+002  7.241588e-005
 5.217062e+002  7.324164e-005
 5.223250e+002  7.026114e-005
 5.229437e+002  7.108656e-005
 5.235625e+002  6.242017e-005
 5.241812e+002  6.817664e-005
 5.248000e+002  7.765678e-005
 5.254187e+002  6.966925e-005
 5.260375e+002  6.167318e-005
 5.266562e+002  6.567618e-005
 5.272750e+002  6.333212e-005
 5.278937e+002  6.542445e-005
 5.285125e+002  7.568523e-005
 5.291312e+002  6.493874e-005
 5.297500e+002  6.255202e-005
 5.303687e+002  5.346243e-005
 5.309875e+002  5.807695e-005
 5.316062e+002  7.145973e-005
 5.322250e+002  7.389897e-005
 5.328437e+002  7.262726e-005
 5.334625e+002  7.814459e-005
 5.340812e+002  6.767050e-005
 5.347000e+002  6.938147e-005
 5.353187e+002  7.134205e-005
 5.359375e+002  6.794401e-005
 5.365562e+002  6.359146e-005
 5.371750e+002  7.648582e-005
 5.377937e+002  7.067959e-005
 5.384125e+002  6.557095e-005
 5.390312e+002  7.184193e-005
 5.396500e+002  7.743908e-005
 5.402687e+002  8.978663e-005
 5.408875e+002  7.415728e-005
 5.415062e+002  6.824728e-005
 5.421250e+002  6.786198e-005
 5.427437e+002  6.906608e-005
 5.433625e+002  6.882705e-005
 5.439812e+002  7.452037e-005
 5.446000e+002  7.333533e-005
 5.452187e+002  7.765147e-005
 5.458375e+002  7.260694e-005
 5.464562e+002  6.528394e-005
 5.470750e+002  7.134868e-005
 5.476937e+002  6.799009e-005
 5.483125e+002  7.083319e-005
 5.489312e+002  7.411621e-005
 5.495500e+002  1.204690e-004
 5.501687e+002  1.302496e-004
 5.507875e+002  7.069976e-005
 5.514062e+002  7.217171e-005
 5.520250e+002  7.738494e-005
 5.526437e+002  5.708360e-005
 5.532625e+002  5.572085e-005
 5.538812e+002  7.109724e-005
 5.545000e+002  6.420118e-005
 5.551187e+002  6.570465e-005
 5.557375e+002  6.748758e-005
 5.563562e+002  6.714581e-005
 5.569750e+002  6.661943e-005
 5.575937e+002  6.256409e-005
 5.582125e+002  6.827884e-005
 5.588312e+002  7.194168e-005
 5.594500e+002  6.881673e-005
 5.600687e+002  6.238956e-005
 5.606875e+002  6.777168e-005
 5.613062e+002  7.688709e-005
 5.619250e+002  8.203693e-005
 5.625437e+002  7.481361e-005
 5.631625e+002  7.137028e-005
 5.637812e+002  5.829380e-005
 5.644000e+002  6.483627e-005
 5.650187e+002  6.517241e-005
 5.656375e+002  6.781418e-005
 5.662562e+002  7.175212e-005
 5.668750e+002  7.101544e-005
 5.674937e+002  6.936193e-005
 5.681125e+002  7.110540e-005
 5.687312e+002  7.560804e-005
 5.693500e+002  6.474713e-005
 5.699687e+002  6.713283e-005
 5.705875e+002  7.433588e-005
 5.712062e+002  7.481018e-005
 5.718250e+002  7.895129e-005
 5.724437e+002  7.582665e-005
 5.730625e+002  7.021390e-005
 5.736812e+002  7.518597e-005
 5.743000e+002  7.070611e-005
 5.749187e+002  6.710249e-005
 5.755375e+002  6.473893e-005
 5.761562e+002  6.725304e-005
 5.767750e+002  6.318797e-005
 5.773937e+002  7.104712e-005
 5.780125e+002  7.099496e-005
 5.786312e+002  6.835097e-005
 5.792500e+002  6.211648e-005
 5.798687e+002  5.796331e-005
 5.804875e+002  6.324799e-005
 5.811062e+002  7.033788e-005
 5.817250e+002  7.444203e-005
 5.823437e+002  7.363858e-005
 5.829625e+002  7.623227e-005
 5.835812e+002  7.334390e-005
 5.842000e+002  7.189825e-005
 5.848187e+002  6.983357e-005
 5.854375e+002  6.944748e-005
 5.860562e+002  6.924464e-005
 5.866750e+002  7.210126e-005
 5.872937e+002  7.071854e-005
 5.879125e+002  7.176677e-005
 5.885312e+002  7.814464e-005
 5.891500e+002  7.078122e-005
 5.897687e+002  7.081758e-005
 5.903875e+002  7.329194e-005
 5.910062e+002  6.940764e-005
 5.916250e+002  7.106648e-005
 5.922437e+002  6.350565e-005
 5.928625e+002  6.831070e-005
 5.934812e+002  7.427513e-005
 5.941000e+002  6.907300e-005
 5.947187e+002  6.811625e-005
 5.953375e+002  6.737226e-005
 5.959562e+002  6.150215e-005
 5.965750e+002  5.930846e-005
 5.971937e+002  6.602691e-005
 5.978125e+002  6.397575e-005
 5.984312e+002  6.724042e-005
 5.990500e+002  6.948530e-005
 5.996687e+002  8.089831e-005
 6.002875e+002  9.477861e-005
 6.009062e+002  7.369122e-005
 6.015250e+002  7.053264e-005
 6.021437e+002  6.226287e-005
 6.027625e+002  6.273771e-005
 6.033812e+002  6.147648e-005
 6.040000e+002  6.680083e-005
 6.046187e+002  6.607060e-005
 6.052375e+002  5.798661e-005
 6.058562e+002  6.084629e-005
 6.064750e+002  6.279391e-005
 6.070937e+002  6.811642e-005
 6.077125e+002  7.453352e-005
 6.083312e+002  6.839158e-005
 6.089500e+002  6.472568e-005
 6.095687e+002  6.651722e-005
 6.101875e+002  7.507737e-005
 6.108062e+002  7.545422e-005
 6.114250e+002  7.382514e-005
 6.120437e+002  6.731653e-005
 6.126625e+002  5.584974e-005
 6.132812e+002  6.141933e-005
 6.139000e+002  6.179105e-005
 6.145187e+002  5.755977e-005
 6.151375e+002  6.215435e-005
 6.157562e+002  6.837377e-005
 6.163750e+002  6.671886e-005
 6.169937e+002  6.512233e-005
 6.176125e+002  6.652302e-005
 6.182312e+002  6.994668e-005
 6.188500e+002  6.771233e-005
 6.194687e+002  6.312317e-005
 6.200875e+002  6.436819e-005
 6.207062e+002  6.427446e-005
 6.213250e+002  6.738583e-005
 6.219437e+002  7.139087e-005
 6.225625e+002  7.307826e-005
 6.231812e+002  6.795025e-005
 6.238000e+002  6.840414e-005
 6.244187e+002  6.989974e-005
 6.250375e+002  6.571882e-005
 6.256562e+002  5.732914e-005
 6.262750e+002  6.393877e-005
 6.268937e+002  6.922079e-005
 6.275125e+002  6.484039e-005
 6.281312e+002  6.919614e-005
 6.287500e+002  6.942962e-005
 6.293687e+002  6.075024e-005
 6.299875e+002  7.539137e-005
 6.306062e+002  7.244396e-005
 6.312250e+002  6.492853e-005
 6.318437e+002  6.714220e-005
 6.324625e+002  6.447666e-005
 6.330812e+002  5.860676e-005
 6.337000e+002  6.459258e-005
 6.343187e+002  7.338042e-005
 6.349375e+002  7.178089e-005
 6.355562e+002  6.462231e-005
 6.361750e+002  5.888444e-005
 6.367937e+002  6.267103e-005
 6.374125e+002  6.886465e-005
 6.380312e+002  6.519107e-005
 6.386500e+002  6.815953e-005
 6.392687e+002  6.830736e-005
 6.398875e+002  6.912622e-005
 6.405062e+002  6.965276e-005
 6.411250e+002  7.158295e-005
 6.417437e+002  7.452976e-005
 6.423625e+002  6.748491e-005
 6.429812e+002  6.125375e-005
 6.436000e+002  7.116774e-005
 6.442187e+002  7.531789e-005
 6.448375e+002  7.343539e-005
 6.454562e+002  6.515115e-005
 6.460750e+002  6.036599e-005
 6.466937e+002  6.401666e-005
 6.473125e+002  7.896276e-005
 6.479312e+002  7.759839e-005
 6.485500e+002  6.661050e-005
 6.491687e+002  6.716040e-005
 6.497875e+002  1.011935e-004
 6.504062e+002  7.849518e-005
 6.510250e+002  6.355635e-005
 6.516437e+002  6.883257e-005
 6.522625e+002  6.914687e-005
 6.528812e+002  6.660579e-005
 6.535000e+002  6.755142e-005
 6.541187e+002  6.469300e-005
 6.547375e+002  6.397450e-005
 6.553562e+002  6.432685e-005
 6.559750e+002  7.047766e-005
 6.565937e+002  6.948320e-005
 6.572125e+002  6.407530e-005
 6.578312e+002  6.919651e-005
 6.584500e+002  7.201750e-005
 6.590687e+002  6.896047e-005
 6.596875e+002  7.281763e-005
 6.603062e+002  8.713729e-005
 6.609250e+002  5.956913e-005
 6.615437e+002  5.799788e-005
 6.621625e+002  5.372575e-005
 6.627812e+002  6.961938e-005
 6.634000e+002  7.349386e-005
 6.640187e+002  6.193564e-005
 6.646375e+002  6.140222e-005
 6.652562e+002  6.669817e-005
 6.658750e+002  6.791196e-005
 6.664937e+002  7.309069e-005
 6.671125e+002  6.260418e-005
 6.677312e+002  6.306447e-005
 6.683500e+002  7.398271e-005
 6.689687e+002  6.921664e-005
 6.695875e+002  6.193585e-005
 6.702062e+002  5.773067e-005
 6.708250e+002  6.297150e-005
 6.714437e+002  6.681548e-005
 6.720625e+002  6.942363e-005
 6.726812e+002  6.753939e-005
 6.733000e+002  6.169610e-005
 6.739187e+002  6.377414e-005
 6.745375e+002  6.596027e-005
 6.751562e+002  6.119764e-005
 6.757750e+002  5.959063e-005
 6.763937e+002  6.717295e-005
 6.770125e+002  6.747032e-005
 6.776312e+002  7.408354e-005
 6.782500e+002  7.955772e-005
 6.788687e+002  7.822877e-005
 6.794875e+002  6.908246e-005
 6.801062e+002  5.949371e-005
 6.807250e+002  6.075180e-005
 6.813437e+002  6.550528e-005
 6.819625e+002  7.965061e-005
 6.825812e+002  7.209790e-005
 6.832000e+002  6.523687e-005
 6.838187e+002  7.197692e-005
 6.844375e+002  6.429762e-005
 6.850562e+002  5.813912e-005
 6.856750e+002  5.952447e-005
 6.862937e+002  5.191261e-005
 6.869125e+002  5.957978e-005
 6.875312e+002  6.452117e-005
 6.881500e+002  6.706184e-005
 6.887687e+002  6.488208e-005
 6.893875e+002  6.471247e-005
 6.900062e+002  6.994092e-005
 6.906250e+002  7.142861e-005
 6.912437e+002  7.620774e-005
 6.918625e+002  6.995594e-005
 6.924812e+002  7.316180e-005
 6.931000e+002  6.996861e-005
 6.937187e+002  5.482754e-005
 6.943375e+002  6.684768e-005
 6.949562e+002  7.027194e-005
 6.955750e+002  7.310172e-005
 6.961937e+002  7.173886e-005
 6.968125e+002  6.227374e-005
 6.974312e+002  7.091804e-005
 6.980500e+002  7.266499e-005
 6.986687e+002  6.363651e-005
 6.992875e+002  6.818817e-005
 6.999062e+002  6.965521e-005
 7.005250e+002  5.666851e-005
 7.011437e+002  6.457541e-005
 7.017625e+002  6.570354e-005
 7.023812e+002  7.093824e-005
 7.030000e+002  6.394878e-005
 7.036187e+002  6.419437e-005
 7.042375e+002  6.848077e-005
 7.048562e+002  7.075392e-005
 7.054750e+002  6.704207e-005
 7.060937e+002  6.781882e-005
 7.067125e+002  7.363009e-005
 7.073312e+002  7.713074e-005
 7.079500e+002  7.354433e-005
 7.085687e+002  6.756776e-005
 7.091875e+002  7.248358e-005
 7.098062e+002  7.542435e-005
 7.104250e+002  6.540872e-005
 7.110437e+002  6.322662e-005
 7.116625e+002  6.499695e-005
 7.122812e+002  6.055665e-005
 7.129000e+002  6.112717e-005
 7.135187e+002  6.407782e-005
 7.141375e+002  5.776609e-005
 7.147562e+002  7.199469e-005
 7.153750e+002  7.494056e-005
 7.159937e+002  6.290727e-005
 7.166125e+002  5.812497e-005
 7.172312e+002  6.066286e-005
 7.178500e+002  6.007415e-005
 7.184687e+002  6.696171e-005
 7.190875e+002  6.480711e-005
 7.197062e+002  7.543918e-005
 7.203250e+002  8.348312e-005
 7.209437e+002  6.423677e-005
 7.215625e+002  5.895039e-005
 7.221812e+002  7.157855e-005
 7.228000e+002  6.546935e-005
 7.234187e+002  5.918945e-005
 7.240375e+002  7.485357e-005
 7.246562e+002  7.446912e-005
 7.252750e+002  6.736772e-005
 7.258937e+002  6.454841e-005
 7.265125e+002  6.746737e-005
 7.271312e+002  6.679764e-005
 7.277500e+002  6.763209e-005
 7.283687e+002  6.798088e-005
 7.289875e+002  6.693328e-005
 7.296062e+002  6.791515e-005
 7.302250e+002  6.666929e-005
 7.308437e+002  6.382975e-005
 7.314625e+002  6.584675e-005
 7.320812e+002  6.769066e-005
 7.327000e+002  6.068776e-005
 7.333187e+002  6.391895e-005
 7.339375e+002  6.374656e-005
 7.345562e+002  6.490360e-005
 7.351750e+002  6.310076e-005
 7.357937e+002  7.247701e-005
 7.364125e+002  6.163400e-005
 7.370312e+002  6.037211e-005
 7.376500e+002  6.784917e-005
 7.382687e+002  7.028156e-005
 7.388875e+002  6.716010e-005
 7.395062e+002  6.716396e-005
 7.401250e+002  6.769873e-005
 7.407437e+002  6.723777e-005
 7.413625e+002  6.520712e-005
 7.419812e+002  6.634277e-005
 7.426000e+002  5.980985e-005
 7.432187e+002  5.588819e-005
 7.438375e+002  5.605294e-005
 7.444562e+002  6.386172e-005
 7.450750e+002  6.854648e-005
 7.456937e+002  6.763174e-005
 7.463125e+002  5.732472e-005
 7.469312e+002  5.948507e-005
 7.475500e+002  6.404145e-005
 7.481687e+002  6.615238e-005
 7.487875e+002  6.574719e-005
 7.494062e+002  1.348065e-004
 7.500250e+002  1.523526e-004
 7.506437e+002  7.822265e-005
 7.512625e+002  7.505938e-005
 7.518812e+002  7.151504e-005
 7.525000e+002  6.625421e-005
 7.531187e+002  6.248891e-005
 7.537375e+002  6.158086e-005
 7.543562e+002  6.235824e-005
 7.549750e+002  6.450607e-005
 7.555937e+002  6.339049e-005
 7.562125e+002  7.140271e-005
 7.568312e+002  5.370494e-005
 7.574500e+002  5.982256e-005
 7.580687e+002  6.300432e-005
 7.586875e+002  6.302390e-005
 7.593062e+002  5.862629e-005
 7.599250e+002  6.855677e-005
 7.605437e+002  7.384260e-005
 7.611625e+002  6.435794e-005
 7.617812e+002  5.755967e-005
 7.624000e+002  6.526082e-005
 7.630187e+002  6.427542e-005
 7.636375e+002  5.726651e-005
 7.642562e+002  6.235740e-005
 7.648750e+002  7.088415e-005
 7.654937e+002  7.087411e-005
 7.661125e+002  7.009614e-005
 7.667312e+002  6.494581e-005
 7.673500e+002  6.647257e-005
 7.679687e+002  6.197820e-005
 7.685875e+002  6.871972e-005
 7.692062e+002  6.843524e-005
 7.698250e+002  6.139255e-005
 7.704437e+002  6.671418e-005
 7.710625e+002  6.934229e-005
 7.716812e+002  6.368500e-005
 7.723000e+002  6.746851e-005
 7.729187e+002  6.984470e-005
 7.735375e+002  6.715474e-005
 7.741562e+002  7.348916e-005
 7.747750e+002  7.116384e-005
 7.753937e+002  7.124472e-005
 7.760125e+002  6.773084e-005
 7.766312e+002  5.942589e-005
 7.772500e+002  6.396003e-005
 7.778687e+002  6.143572e-005
 7.784875e+002  6.039311e-005
 7.791062e+002  5.617705e-005
 7.797250e+002  7.367084e-005
 7.803437e+002  8.693579e-005
 7.809625e+002  7.918615e-005
 7.815812e+002  7.769312e-005
 7.822000e+002  7.277472e-005
 7.828187e+002  6.209566e-005
 7.834375e+002  6.541736e-005
 7.840562e+002  6.384081e-005
 7.846750e+002  6.228868e-005
 7.852937e+002  5.709338e-005
 7.859125e+002  6.132172e-005
 7.865312e+002  6.761993e-005
 7.871500e+002  6.855952e-005
 7.877687e+002  6.163282e-005
 7.883875e+002  6.064891e-005
 7.890062e+002  5.593228e-005
 7.896250e+002  6.686845e-005
 7.902437e+002  7.621835e-005
 7.908625e+002  6.879172e-005
 7.914812e+002  6.406326e-005
 7.921000e+002  7.012366e-005
 7.927187e+002  7.351021e-005
 7.933375e+002  6.921640e-005
 7.939562e+002  6.989985e-005
 7.945750e+002  7.003492e-005
 7.951937e+002  7.193428e-005
 7.958125e+002  7.093158e-005
 7.964312e+002  7.325029e-005
 7.970500e+002  7.311809e-005
 7.976687e+002  7.006690e-005
 7.982875e+002  6.303864e-005
 7.989062e+002  6.318544e-005
 7.995250e+002  6.853851e-005
 8.001437e+002  7.853778e-005
 8.007625e+002  6.790645e-005
 8.013812e+002  7.281084e-005
 8.020000e+002  6.780279e-005
 8.026187e+002  6.867972e-005
 8.032375e+002  6.163066e-005
 8.038562e+002  6.404245e-005
 8.044750e+002  7.286899e-005
 8.050937e+002  7.048419e-005
 8.057125e+002  6.606503e-005
 8.063312e+002  5.755696e-005
 8.069500e+002  6.177966e-005
 8.075687e+002  7.357539e-005
 8.081875e+002  7.544061e-005
 8.088062e+002  7.615103e-005
 8.094250e+002  7.182000e-005
 8.100437e+002  6.250252e-005
 8.106625e+002  6.095690e-005
 8.112812e+002  7.119134e-005
 8.119000e+002  6.998077e-005
 8.125187e+002  6.814899e-005
 8.131375e+002  7.026009e-005
 8.137562e+002  6.410355e-005
 8.143750e+002  6.113505e-005
 8.149937e+002  6.304943e-005
 8.156125e+002  6.742166e-005
 8.162312e+002  6.961162e-005
 8.168500e+002  6.971627e-005
 8.174687e+002  6.375622e-005
 8.180875e+002  5.775466e-005
 8.187062e+002  5.431192e-005
 8.193250e+002  6.412272e-005
 8.199437e+002  6.518797e-005
 8.205625e+002  6.295286e-005
 8.211812e+002  6.543238e-005
 8.218000e+002  5.596678e-005
 8.224187e+002  6.333340e-005
 8.230375e+002  6.999830e-005
 8.236562e+002  6.414162e-005
 8.242750e+002  6.418621e-005
 8.248937e+002  6.842918e-005
 8.255125e+002  6.284596e-005
 8.261312e+002  6.452192e-005
 8.267500e+002  7.549990e-005
 8.273687e+002  7.492532e-005
 8.279875e+002  6.948738e-005
 8.286062e+002  7.290731e-005
 8.292250e+002  6.811465e-005
 8.298437e+002  5.893622e-005
 8.304625e+002  6.885545e-005
 8.310812e+002  7.561490e-005
 8.317000e+002  7.250426e-005
 8.323187e+002  6.195123e-005
 8.329375e+002  5.498423e-005
 8.335562e+002  6.569505e-005
 8.341750e+002  7.165273e-005
 8.347937e+002  6.980320e-005
 8.354125e+002  6.420486e-005
 8.360312e+002  5.642840e-005
 8.366500e+002  5.744413e-005
 8.372687e+002  6.778586e-005
 8.378875e+002  6.357647e-005
 8.385062e+002  5.860103e-005
 8.391250e+002  6.057520e-005
 8.397437e+002  6.843131e-005
 8.403625e+002  8.154474e-005
 8.409812e+002  7.503060e-005
 8.416000e+002  7.454286e-005
 8.422187e+002  6.846703e-005
 8.428375e+002  6.473537e-005
 8.434562e+002  6.045102e-005
 8.440750e+002  6.821899e-005
 8.446937e+002  7.709641e-005
 8.453125e+002  7.514947e-005
 8.459312e+002  6.239657e-005
 8.465500e+002  5.598471e-005
 8.471687e+002  5.828378e-005
 8.477875e+002  6.670726e-005
 8.484062e+002  5.880183e-005
 8.490250e+002  6.603957e-005
 8.496437e+002  1.057108e-004
 8.502625e+002  1.019407e-004
 8.508812e+002  8.534069e-005
 8.515000e+002  6.826826e-005
 8.521187e+002  6.797138e-005
 8.527375e+002  6.573942e-005
 8.533562e+002  6.496252e-005
 8.539750e+002  6.372857e-005
 8.545937e+002  7.380549e-005
 8.552125e+002  8.583181e-005
 8.558312e+002  6.910628e-005
 8.564500e+002  6.414920e-005
 8.570687e+002  6.708573e-005
 8.576875e+002  7.043620e-005
 8.583062e+002  6.543761e-005
 8.589250e+002  6.360553e-005
 8.595437e+002  6.508780e-005
 8.601625e+002  5.439342e-005
 8.607812e+002  6.733635e-005
 8.614000e+002  6.559176e-005
 8.620187e+002  6.136328e-005
 8.626375e+002  5.751733e-005
 8.632562e+002  6.499566e-005
 8.638750e+002  6.589518e-005
 8.644937e+002  5.819849e-005
 8.651125e+002  6.305329e-005
 8.657312e+002  6.566255e-005
 8.663500e+002  6.592019e-005
 8.669687e+002  5.932428e-005
 8.675875e+002  6.424163e-005
 8.682062e+002  6.893843e-005
 8.688250e+002  6.746925e-005
 8.694437e+002  6.990103e-005
 8.700625e+002  7.612144e-005
 8.706812e+002  7.151144e-005
 8.713000e+002  6.406983e-005
 8.719187e+002  6.679098e-005
 8.725375e+002  6.793847e-005
 8.731562e+002  7.174339e-005
 8.737750e+002  6.662112e-005
 8.743937e+002  6.725238e-005
 8.750125e+002  5.765390e-005
 8.756312e+002  6.384316e-005
 8.762500e+002  6.697347e-005
 8.768687e+002  6.928367e-005
 8.774875e+002  7.069818e-005
 8.781062e+002  6.379571e-005
 8.787250e+002  5.986597e-005
 8.793437e+002  6.460270e-005
 8.799625e+002  6.070487e-005
 8.805812e+002  6.383616e-005
 8.812000e+002  6.875846e-005
 8.818187e+002  6.384278e-005
 8.824375e+002  6.268869e-005
 8.830562e+002  6.965091e-005
 8.836750e+002  6.449177e-005
 8.842937e+002  6.400720e-005
 8.849125e+002  6.051326e-005
 8.855312e+002  6.182890e-005
 8.861500e+002  6.885536e-005
 8.867687e+002  6.170485e-005
 8.873875e+002  6.167078e-005
 8.880062e+002  6.442116e-005
 8.886250e+002  6.501030e-005
 8.892437e+002  5.920799e-005
 8.898625e+002  6.112615e-005
 8.904812e+002  6.215429e-005
 8.911000e+002  5.917612e-005
 8.917187e+002  6.633838e-005
 8.923375e+002  6.351652e-005
 8.929562e+002  6.248787e-005
 8.935750e+002  7.420840e-005
 8.941937e+002  7.296487e-005
 8.948125e+002  6.044319e-005
 8.954312e+002  5.154209e-005
 8.960500e+002  5.440460e-005
 8.966687e+002  6.021986e-005
 8.972875e+002  6.215457e-005
 8.979062e+002  5.758146e-005
 8.985250e+002  5.699957e-005
 8.991437e+002  5.982287e-005
 8.997625e+002  6.856569e-005
 9.003812e+002  8.438154e-005
 9.010000e+002  7.670208e-005
 9.016187e+002  6.959833e-005
 9.022375e+002  5.454533e-005
 9.028562e+002  5.614449e-005
 9.034750e+002  6.618328e-005
 9.040937e+002  6.754162e-005
 9.047125e+002  6.689847e-005
 9.053312e+002  6.332539e-005
 9.059500e+002  6.164715e-005
 9.065687e+002  6.305453e-005
 9.071875e+002  7.226150e-005
 9.078062e+002  7.522923e-005
 9.084250e+002  6.748782e-005
 9.090437e+002  6.533623e-005
 9.096625e+002  6.442437e-005
 9.102812e+002  6.384346e-005
 9.109000e+002  7.022431e-005
 9.115187e+002  5.712196e-005
 9.121375e+002  6.177661e-005
 9.127562e+002  6.604077e-005
 9.133750e+002  6.086497e-005
 9.139937e+002  6.486301e-005
 9.146125e+002  6.842330e-005
 9.152312e+002  7.423513e-005
 9.158500e+002  5.882182e-005
 9.164687e+002  5.713394e-005
 9.170875e+002  7.331411e-005
 9.177062e+002  7.657144e-005
 9.183250e+002  6.582740e-005
 9.189437e+002  6.969127e-005
 9.195625e+002  6.960087e-005
 9.201812e+002  7.060379e-005
 9.208000e+002  7.235654e-005
 9.214187e+002  7.115472e-005
 9.220375e+002  6.638934e-005
 9.226562e+002  6.166126e-005
 9.232750e+002  6.234685e-005
 9.238937e+002  6.058911e-005
 9.245125e+002  5.673967e-005
 9.251312e+002  6.135318e-005
 9.257500e+002  7.467312e-005
 9.263687e+002  7.317931e-005
 9.269875e+002  6.849626e-005
 9.276062e+002  6.784381e-005
 9.282250e+002  7.057143e-005
 9.288437e+002  6.708153e-005
 9.294625e+002  6.950989e-005
 9.300812e+002  6.497727e-005
 9.307000e+002  6.558529e-005
 9.313187e+002  7.012936e-005
 9.319375e+002  6.304069e-005
 9.325562e+002  6.542943e-005
 9.331750e+002  6.491366e-005
 9.337937e+002  6.154319e-005
 9.344125e+002  6.518244e-005
 9.350312e+002  7.175150e-005
 9.356500e+002  6.642278e-005
 9.362687e+002  6.977289e-005
 9.368875e+002  6.218880e-005
 9.375062e+002  6.278692e-005
 9.381250e+002  6.366481e-005
 9.387437e+002  6.004581e-005
 9.393625e+002  5.651275e-005
 9.399812e+002  5.804296e-005
 9.406000e+002  7.064308e-005
 9.412187e+002  6.723185e-005
 9.418375e+002  6.141859e-005
 9.424562e+002  6.565645e-005
 9.430750e+002  6.324937e-005
 9.436937e+002  5.259808e-005
 9.443125e+002  5.424840e-005
 9.449312e+002  5.973534e-005
 9.455500e+002  6.336065e-005
 9.461687e+002  5.584361e-005
 9.467875e+002  6.086837e-005
 9.474062e+002  6.037148e-005
 9.480250e+002  6.242865e-005
 9.486437e+002  6.633700e-005
 9.492625e+002  7.475687e-005
 9.498812e+002  9.366160e-005
 9.505000e+002  7.165709e-005
 9.511187e+002  6.215457e-005
 9.517375e+002  5.748002e-005
 9.523562e+002  5.966989e-005
 9.529750e+002  6.065849e-005
 9.535937e+002  5.983473e-005
 9.542125e+002  6.287762e-005
 9.548312e+002  6.860699e-005
 9.554500e+002  6.339755e-005
 9.560687e+002  6.741309e-005
 9.566875e+002  6.240043e-005
 9.573062e+002  5.420358e-005
 9.579250e+002  6.375142e-005
 9.585437e+002  5.939474e-005
 9.591625e+002  6.011242e-005
 9.597812e+002  6.819100e-005
 9.604000e+002  7.841068e-005
 9.610187e+002  6.706232e-005
 9.616375e+002  7.456558e-005
 9.622562e+002  7.665645e-005
 9.628750e+002  5.796182e-005
 9.634937e+002  5.558981e-005
 9.641125e+002  6.190091e-005
 9.647312e+002  6.691229e-005
 9.653500e+002  6.946381e-005
 9.659687e+002  6.605751e-005
 9.665875e+002  6.692645e-005
 9.672062e+002  7.038173e-005
 9.678250e+002  7.074852e-005
 9.684437e+002  7.120770e-005
 9.690625e+002  6.350265e-005
 9.696812e+002  5.691159e-005
 9.703000e+002  5.810014e-005
 9.709187e+002  6.435588e-005
 9.715375e+002  6.451729e-005
 9.721562e+002  5.274034e-005
 9.727750e+002  5.725065e-005
 9.733937e+002  6.441522e-005
 9.740125e+002  6.375226e-005
 9.746312e+002  6.099339e-005
 9.752500e+002  5.630799e-005
 9.758687e+002  5.867333e-005
 9.764875e+002  6.200736e-005
 9.771062e+002  6.542658e-005
 9.777250e+002  7.245580e-005
 9.783437e+002  6.099534e-005
 9.789625e+002  6.220720e-005
 9.795812e+002  6.289332e-005
 9.802000e+002  6.064475e-005
 9.808187e+002  6.395272e-005
 9.814375e+002  6.503715e-005
 9.820562e+002  6.355516e-005
 9.826750e+002  6.346510e-005
 9.832937e+002  6.651001e-005
 9.839125e+002  5.844497e-005
 9.845312e+002  5.749682e-005
 9.851500e+002  6.755299e-005
 9.857687e+002  7.162015e-005
 9.863875e+002  7.198429e-005
 9.870062e+002  7.579410e-005
 9.876250e+002  6.786141e-005
 9.882437e+002  6.756014e-005
 9.888625e+002  6.397094e-005
 9.894812e+002  6.355085e-005
 9.901000e+002  6.422063e-005
 9.907187e+002  7.005428e-005
 9.913375e+002  7.983011e-005
 9.919562e+002  6.785431e-005
 9.925750e+002  6.075964e-005
 9.931937e+002  7.103216e-005
 9.938125e+002  6.927546e-005
 9.944312e+002  6.646659e-005
 9.950500e+002  7.064130e-005
 9.956687e+002  6.874859e-005
 9.962875e+002  5.599694e-005
 9.969062e+002  5.489345e-005
 9.975250e+002  6.428966e-005
 9.981437e+002  7.187767e-005
 9.987625e+002  6.086924e-005
 9.993812e+002  5.427520e-005
 1.000000e+003  5.624928e-005
