 1.000000e+001  3.626584e-004
 1.061875e+001  3.784903e-004
 1.123750e+001  3.810709e-004
 1.185625e+001  3.534230e-004
 1.247500e+001  3.672168e-004
 1.309375e+001  3.538168e-004
 1.371250e+001  3.654231e-004
 1.433125e+001  3.305083e-004
 1.495000e+001  2.868608e-004
 1.556875e+001  3.026136e-004
 1.618750e+001  3.014451e-004
 1.680625e+001  3.120531e-004
 1.742500e+001  2.931934e-004
 1.804375e+001  2.721371e-004
 1.866250e+001  2.639719e-004
 1.928125e+001  2.670522e-004
 1.990000e+001  2.363761e-004
 2.051875e+001  2.569247e-004
 2.113750e+001  2.885512e-004
 2.175625e+001  2.702576e-004
 2.237500e+001  2.478810e-004
 2.299375e+001  2.445892e-004
 2.361250e+001  2.446249e-004
 2.423125e+001  2.586362e-004
 2.485000e+001  2.830299e-004
 2.546875e+001  2.576438e-004
 2.608750e+001  2.447973e-004
 2.670625e+001  2.033796e-004
 2.732500e+001  2.216958e-004
 2.794375e+001  2.211642e-004
 2.856250e+001  2.091816e-004
 2.918125e+001  2.380877e-004
 2.980000e+001  2.465465e-004
 3.041875e+001  2.264185e-004
 3.103750e+001  2.185471e-004
 3.165625e+001  2.476954e-004
 3.227500e+001  2.673306e-004
 3.289375e+001  2.405868e-004
 3.351250e+001  2.014479e-004
 3.413125e+001  1.982758e-004
 3.475000e+001  2.070704e-004
 3.536875e+001  2.006827e-004
 3.598750e+001  2.086229e-004
 3.660625e+001  2.287869e-004
 3.722500e+001  2.134717e-004
 3.784375e+001  2.084332e-004
 3.846250e+001  2.108125e-004
 3.908125e+001  2.049150e-004
 3.970000e+001  2.162652e-004
 4.031875e+001  2.189452e-004
 4.093750e+001  2.027374e-004
 4.155625e+001  2.007308e-004
 4.217500e+001  1.958907e-004
 4.279375e+001  2.093794e-004
 4.341250e+001  2.063404e-004
 4.403125e+001  1.968836e-004
 4.465000e+001  1.770786e-004
 4.526875e+001  1.873036e-004
 4.588750e+001  1.976618e-004
 4.650625e+001  1.843128e-004
 4.712500e+001  1.714535e-004
 4.774375e+001  1.673685e-004
 4.836250e+001  1.971369e-004
 4.898125e+001  1.933602e-004
 4.960000e+001  7.569402e-004
 5.021875e+001  9.455507e-004
 5.083750e+001  3.120759e-004
 5.145625e+001  1.945348e-004
 5.207500e+001  1.839284e-004
 5.269375e+001  1.906651e-004
 5.331250e+001  1.746922e-004
 5.393125e+001  1.889966e-004
 5.455000e+001  1.882814e-004
 5.516875e+001  1.578525e-004
 5.578750e+001  1.551759e-004
 5.640625e+001  1.597795e-004
 5.702500e+001  1.668751e-004
 5.764375e+001  1.650454e-004
 5.826250e+001  1.789876e-004
 5.888125e+001  1.743789e-004
 5.950000e+001  1.910992e-004
 6.011875e+001  2.419416e-004
 6.073750e+001  1.700527e-004
 6.135625e+001  1.534662e-004
 6.197500e+001  1.579511e-004
 6.259375e+001  1.591205e-004
 6.321250e+001  1.685721e-004
 6.383125e+001  1.647760e-004
 6.445000e+001  1.713017e-004
 6.506875e+001  1.679584e-004
 6.568750e+001  1.689835e-004
 6.630625e+001  1.559284e-004
 6.692500e+001  1.405240e-004
 6.754375e+001  1.463536e-004
 6.816250e+001  1.545601e-004
 6.878125e+001  1.465191e-004
 6.940000e+001  1.459422e-004
 7.001875e+001  1.525235e-004
 7.063750e+001  1.497055e-004
 7.125625e+001  1.545822e-004
 7.187500e+001  1.441740e-004
 7.249375e+001  1.347761e-004
 7.311250e+001  1.495517e-004
 7.373125e+001  1.614229e-004
 7.435000e+001  1.573909e-004
 7.496875e+001  1.417149e-004
 7.558750e+001  1.368218e-004
 7.620625e+001  1.500367e-004
 7.682500e+001  1.417895e-004
 7.744375e+001  1.398851e-004
 7.806250e+001  1.366327e-004
 7.868125e+001  1.419832e-004
 7.930000e+001  1.411690e-004
 7.991875e+001  1.504307e-004
 8.053750e+001  1.521609e-004
 8.115625e+001  1.407679e-004
 8.177500e+001  1.466879e-004
 8.239375e+001  1.445975e-004
 8.301250e+001  1.262740e-004
 8.363125e+001  1.321941e-004
 8.425000e+001  1.495366e-004
 8.486875e+001  1.689155e-004
 8.548750e+001  1.436867e-004
 8.610625e+001  1.328017e-004
 8.672500e+001  1.343148e-004
 8.734375e+001  1.358371e-004
 8.796250e+001  1.334916e-004
 8.858125e+001  1.389150e-004
 8.920000e+001  1.417012e-004
 8.981875e+001  1.245710e-004
 9.043750e+001  1.173540e-004
 9.105625e+001  1.389925e-004
 9.167500e+001  1.318604e-004
 9.229375e+001  1.302123e-004
 9.291250e+001  1.298358e-004
 9.353125e+001  1.287685e-004
 9.415000e+001  1.247771e-004
 9.476875e+001  1.417057e-004
 9.538750e+001  1.190990e-004
 9.600625e+001  1.127261e-004
 9.662500e+001  1.252934e-004
 9.724375e+001  1.251710e-004
 9.786250e+001  1.122017e-004
 9.848125e+001  1.226274e-004
 9.910000e+001  1.356899e-004
 9.971875e+001  1.326995e-004
 1.003375e+002  1.185385e-004
 1.009563e+002  1.119571e-004
 1.015750e+002  1.087156e-004
 1.021938e+002  1.171212e-004
 1.028125e+002  1.331293e-004
 1.034313e+002  1.248862e-004
 1.040500e+002  1.234440e-004
 1.046688e+002  1.198806e-004
 1.052875e+002  1.294596e-004
 1.059063e+002  1.190989e-004
 1.065250e+002  1.229957e-004
 1.071438e+002  1.194855e-004
 1.077625e+002  1.177073e-004
 1.083813e+002  1.162633e-004
 1.090000e+002  1.251433e-004
 1.096188e+002  1.351639e-004
 1.102375e+002  1.410760e-004
 1.108563e+002  1.276129e-004
 1.114750e+002  1.126953e-004
 1.120938e+002  1.088420e-004
 1.127125e+002  1.177345e-004
 1.133313e+002  1.246444e-004
 1.139500e+002  1.222523e-004
 1.145688e+002  1.110846e-004
 1.151875e+002  1.214870e-004
 1.158063e+002  1.193293e-004
 1.164250e+002  1.278045e-004
 1.170438e+002  1.177291e-004
 1.176625e+002  1.140752e-004
 1.182813e+002  1.208710e-004
 1.189000e+002  1.084283e-004
 1.195188e+002  1.299635e-004
 1.201375e+002  1.499519e-004
 1.207563e+002  1.289068e-004
 1.213750e+002  1.086880e-004
 1.219938e+002  1.087773e-004
 1.226125e+002  1.076348e-004
 1.232313e+002  1.175578e-004
 1.238500e+002  1.186687e-004
 1.244688e+002  1.243393e-004
 1.250875e+002  1.165507e-004
 1.257063e+002  1.094012e-004
 1.263250e+002  1.225594e-004
 1.269438e+002  1.320716e-004
 1.275625e+002  1.226612e-004
 1.281813e+002  1.129585e-004
 1.288000e+002  1.190237e-004
 1.294188e+002  1.052459e-004
 1.300375e+002  1.081202e-004
 1.306563e+002  1.165674e-004
 1.312750e+002  1.126070e-004
 1.318938e+002  1.035921e-004
 1.325125e+002  1.000702e-004
 1.331313e+002  1.113335e-004
 1.337500e+002  1.197823e-004
 1.343688e+002  1.182884e-004
 1.349875e+002  1.087910e-004
 1.356063e+002  1.056860e-004
 1.362250e+002  1.107352e-004
 1.368438e+002  1.066002e-004
 1.374625e+002  1.126354e-004
 1.380813e+002  1.138820e-004
 1.387000e+002  1.156242e-004
 1.393188e+002  1.219637e-004
 1.399375e+002  1.193842e-004
 1.405563e+002  1.173157e-004
 1.411750e+002  1.093764e-004
 1.417938e+002  9.818067e-005
 1.424125e+002  1.092226e-004
 1.430313e+002  1.063674e-004
 1.436500e+002  9.970954e-005
 1.442688e+002  1.161505e-004
 1.448875e+002  1.156417e-004
 1.455063e+002  1.066778e-004
 1.461250e+002  9.898197e-005
 1.467438e+002  1.051696e-004
 1.473625e+002  9.375330e-005
 1.479813e+002  9.381432e-005
 1.486000e+002  1.099893e-004
 1.492188e+002  3.294912e-004
 1.498375e+002  1.066970e-003
 1.504563e+002  8.401189e-004
 1.510750e+002  1.281138e-004
 1.516938e+002  1.008804e-004
 1.523125e+002  9.002807e-005
 1.529313e+002  1.006040e-004
 1.535500e+002  8.852984e-005
 1.541688e+002  9.434223e-005
 1.547875e+002  1.051091e-004
 1.554063e+002  9.736469e-005
 1.560250e+002  1.006246e-004
 1.566438e+002  9.545758e-005
 1.572625e+002  9.950886e-005
 1.578813e+002  1.032795e-004
 1.585000e+002  9.675973e-005
 1.591188e+002  9.296285e-005
 1.597375e+002  1.023683e-004
 1.603563e+002  1.017506e-004
 1.609750e+002  1.082134e-004
 1.615938e+002  1.014733e-004
 1.622125e+002  1.068101e-004
 1.628313e+002  9.978017e-005
 1.634500e+002  1.023235e-004
 1.640688e+002  9.157470e-005
 1.646875e+002  9.090241e-005
 1.653063e+002  1.008974e-004
 1.659250e+002  9.849163e-005
 1.665438e+002  9.700320e-005
 1.671625e+002  1.003137e-004
 1.677813e+002  9.850999e-005
 1.684000e+002  9.331456e-005
 1.690188e+002  9.704286e-005
 1.696375e+002  9.256474e-005
 1.702563e+002  8.859671e-005
 1.708750e+002  9.820599e-005
 1.714938e+002  1.001110e-004
 1.721125e+002  9.877096e-005
 1.727313e+002  1.013632e-004
 1.733500e+002  1.011029e-004
 1.739688e+002  1.045157e-004
 1.745875e+002  9.474398e-005
 1.752063e+002  9.785458e-005
 1.758250e+002  1.074268e-004
 1.764438e+002  1.030619e-004
 1.770625e+002  9.648613e-005
 1.776813e+002  9.031434e-005
 1.783000e+002  8.265089e-005
 1.789188e+002  1.026098e-004
 1.795375e+002  1.082563e-004
 1.801563e+002  1.220477e-004
 1.807750e+002  9.107431e-005
 1.813938e+002  8.942096e-005
 1.820125e+002  1.037125e-004
 1.826313e+002  1.073211e-004
 1.832500e+002  1.080619e-004
 1.838688e+002  9.577291e-005
 1.844875e+002  8.675242e-005
 1.851063e+002  1.027173e-004
 1.857250e+002  9.625584e-005
 1.863438e+002  8.729295e-005
 1.869625e+002  9.384262e-005
 1.875813e+002  9.637972e-005
 1.882000e+002  9.043289e-005
 1.888188e+002  9.174596e-005
 1.894375e+002  8.296995e-005
 1.900563e+002  9.106459e-005
 1.906750e+002  9.647023e-005
 1.912938e+002  8.865009e-005
 1.919125e+002  9.057345e-005
 1.925313e+002  9.110093e-005
 1.931500e+002  9.506930e-005
 1.937688e+002  9.211570e-005
 1.943875e+002  8.706031e-005
 1.950063e+002  9.240270e-005
 1.956250e+002  9.075612e-005
 1.962438e+002  9.724106e-005
 1.968625e+002  9.551247e-005
 1.974813e+002  9.182466e-005
 1.981000e+002  9.687548e-005
 1.987188e+002  9.241737e-005
 1.993375e+002  8.333890e-005
 1.999563e+002  9.725012e-005
 2.005750e+002  9.445061e-005
 2.011938e+002  8.335434e-005
 2.018125e+002  8.386659e-005
 2.024313e+002  8.074239e-005
 2.030500e+002  8.880389e-005
 2.036688e+002  9.004993e-005
 2.042875e+002  8.238482e-005
 2.049063e+002  8.108036e-005
 2.055250e+002  7.710326e-005
 2.061438e+002  7.984257e-005
 2.067625e+002  8.954305e-005
 2.073813e+002  8.192259e-005
 2.080000e+002  8.425838e-005
 2.086188e+002  8.607032e-005
 2.092375e+002  9.006675e-005
 2.098563e+002  9.467300e-005
 2.104750e+002  9.049080e-005
 2.110938e+002  8.443740e-005
 2.117125e+002  9.329045e-005
 2.123313e+002  9.122771e-005
 2.129500e+002  8.308669e-005
 2.135688e+002  8.024199e-005
 2.141875e+002  8.682446e-005
 2.148063e+002  9.059521e-005
 2.154250e+002  8.745745e-005
 2.160438e+002  8.695859e-005
 2.166625e+002  8.262202e-005
 2.172813e+002  8.842814e-005
 2.179000e+002  7.984862e-005
 2.185188e+002  7.801955e-005
 2.191375e+002  8.415722e-005
 2.197563e+002  9.233312e-005
 2.203750e+002  8.588893e-005
 2.209938e+002  8.696761e-005
 2.216125e+002  8.234217e-005
 2.222313e+002  7.814045e-005
 2.228500e+002  8.398886e-005
 2.234688e+002  8.606349e-005
 2.240875e+002  8.718136e-005
 2.247063e+002  9.103250e-005
 2.253250e+002  8.842101e-005
 2.259438e+002  8.757031e-005
 2.265625e+002  8.410459e-005
 2.271813e+002  8.716962e-005
 2.278000e+002  8.828798e-005
 2.284188e+002  8.054997e-005
 2.290375e+002  7.519331e-005
 2.296563e+002  8.234814e-005
 2.302750e+002  8.129873e-005
 2.308938e+002  8.508534e-005
 2.315125e+002  8.204023e-005
 2.321313e+002  8.517457e-005
 2.327500e+002  7.721050e-005
 2.333688e+002  7.779997e-005
 2.339875e+002  8.383467e-005
 2.346063e+002  7.614999e-005
 2.352250e+002  7.583235e-005
 2.358438e+002  7.873775e-005
 2.364625e+002  8.275112e-005
 2.370813e+002  8.673025e-005
 2.377000e+002  8.646694e-005
 2.383188e+002  8.611720e-005
 2.389375e+002  8.882293e-005
 2.395563e+002  9.424804e-005
 2.401750e+002  9.267132e-005
 2.407938e+002  8.213271e-005
 2.414125e+002  8.017514e-005
 2.420313e+002  7.337621e-005
 2.426500e+002  7.875426e-005
 2.432688e+002  8.327579e-005
 2.438875e+002  8.508553e-005
 2.445063e+002  8.677281e-005
 2.451250e+002  9.425734e-005
 2.457438e+002  8.825109e-005
 2.463625e+002  9.308316e-005
 2.469813e+002  8.759482e-005
 2.476000e+002  7.547664e-005
 2.482188e+002  8.008187e-005
 2.488375e+002  8.228625e-005
 2.494563e+002  1.511551e-004
 2.500750e+002  2.551200e-004
 2.506938e+002  1.420777e-004
 2.513125e+002  9.571406e-005
 2.519313e+002  9.722352e-005
 2.525500e+002  9.685581e-005
 2.531688e+002  9.365448e-005
 2.537875e+002  8.289239e-005
 2.544063e+002  7.740354e-005
 2.550250e+002  7.857677e-005
 2.556438e+002  7.514150e-005
 2.562625e+002  7.509459e-005
 2.568813e+002  7.563294e-005
 2.575000e+002  7.908225e-005
 2.581188e+002  8.078935e-005
 2.587375e+002  8.521742e-005
 2.593563e+002  8.372741e-005
 2.599750e+002  7.815116e-005
 2.605938e+002  8.454269e-005
 2.612125e+002  7.368044e-005
 2.618313e+002  7.245211e-005
 2.624500e+002  8.328417e-005
 2.630688e+002  8.789225e-005
 2.636875e+002  8.248380e-005
 2.643063e+002  8.700701e-005
 2.649250e+002  8.969018e-005
 2.655438e+002  8.335537e-005
 2.661625e+002  8.483061e-005
 2.667813e+002  8.191300e-005
 2.674000e+002  7.796283e-005
 2.680188e+002  7.663371e-005
 2.686375e+002  7.399128e-005
 2.692563e+002  7.827673e-005
 2.698750e+002  8.146011e-005
 2.704938e+002  8.187260e-005
 2.711125e+002  7.978585e-005
 2.717313e+002  8.034873e-005
 2.723500e+002  7.693692e-005
 2.729688e+002  7.123502e-005
 2.735875e+002  7.491691e-005
 2.742063e+002  7.032726e-005
 2.748250e+002  7.327532e-005
 2.754438e+002  8.552940e-005
 2.760625e+002  8.372798e-005
 2.766813e+002  7.700710e-005
 2.773000e+002  7.750465e-005
 2.779188e+002  7.901197e-005
 2.785375e+002  8.256365e-005
 2.791563e+002  7.717984e-005
 2.797750e+002  7.963433e-005
 2.803938e+002  7.627637e-005
 2.810125e+002  8.177645e-005
 2.816313e+002  8.226525e-005
 2.822500e+002  8.222189e-005
 2.828688e+002  8.213844e-005
 2.834875e+002  8.323327e-005
 2.841063e+002  8.204499e-005
 2.847250e+002  7.820361e-005
 2.853438e+002  8.443026e-005
 2.859625e+002  7.833609e-005
 2.865813e+002  7.870744e-005
 2.872000e+002  8.144055e-005
 2.878188e+002  8.325664e-005
 2.884375e+002  7.011560e-005
 2.890563e+002  7.546168e-005
 2.896750e+002  8.084642e-005
 2.902938e+002  7.667605e-005
 2.909125e+002  7.997360e-005
 2.915313e+002  7.694146e-005
 2.921500e+002  8.066578e-005
 2.927688e+002  7.761168e-005
 2.933875e+002  7.321469e-005
 2.940063e+002  7.962941e-005
 2.946250e+002  7.936560e-005
 2.952438e+002  7.192737e-005
 2.958625e+002  7.199096e-005
 2.964813e+002  6.382258e-005
 2.971000e+002  7.095588e-005
 2.977188e+002  7.597884e-005
 2.983375e+002  7.917121e-005
 2.989563e+002  7.980625e-005
 2.995750e+002  8.779744e-005
 3.001938e+002  1.034421e-004
 3.008125e+002  8.594852e-005
 3.014313e+002  7.851073e-005
 3.020500e+002  7.579439e-005
 3.026688e+002  7.599815e-005
 3.032875e+002  7.766805e-005
 3.039063e+002  7.493829e-005
 3.045250e+002  7.598579e-005
 3.051438e+002  7.749897e-005
 3.057625e+002  7.641009e-005
 3.063813e+002  7.639933e-005
 3.070000e+002  7.608327e-005
 3.076188e+002  7.187766e-005
 3.082375e+002  7.676738e-005
 3.088563e+002  8.109434e-005
 3.094750e+002  8.487640e-005
 3.100938e+002  8.401666e-005
 3.107125e+002  8.117120e-005
 3.113313e+002  7.087166e-005
 3.119500e+002  7.718368e-005
 3.125688e+002  8.274683e-005
 3.131875e+002  8.555632e-005
 3.138063e+002  8.230243e-005
 3.144250e+002  7.914981e-005
 3.150437e+002  7.231930e-005
 3.156625e+002  7.026777e-005
 3.162812e+002  7.688431e-005
 3.169000e+002  7.755029e-005
 3.175187e+002  8.427361e-005
 3.181375e+002  8.857186e-005
 3.187562e+002  8.327770e-005
 3.193750e+002  7.597723e-005
 3.199937e+002  7.339485e-005
 3.206125e+002  7.006783e-005
 3.212312e+002  7.144198e-005
 3.218500e+002  7.788832e-005
 3.224687e+002  7.277660e-005
 3.230875e+002  6.711998e-005
 3.237062e+002  7.371993e-005
 3.243250e+002  7.290214e-005
 3.249437e+002  7.545520e-005
 3.255625e+002  7.449400e-005
 3.261812e+002  7.170677e-005
 3.268000e+002  7.031130e-005
 3.274187e+002  6.879076e-005
 3.280375e+002  7.358228e-005
 3.286562e+002  7.826175e-005
 3.292750e+002  7.705350e-005
 3.298937e+002  7.054661e-005
 3.305125e+002  7.346407e-005
 3.311312e+002  6.774267e-005
 3.317500e+002  6.558899e-005
 3.323687e+002  7.985093e-005
 3.329875e+002  8.736641e-005
 3.336062e+002  7.755466e-005
 3.342250e+002  7.708320e-005
 3.348437e+002  7.679228e-005
 3.354625e+002  7.352815e-005
 3.360812e+002  6.893449e-005
 3.367000e+002  6.591234e-005
 3.373187e+002  6.830100e-005
 3.379375e+002  6.602737e-005
 3.385562e+002  7.856751e-005
 3.391750e+002  7.420702e-005
 3.397937e+002  7.324626e-005
 3.404125e+002  7.470813e-005
 3.410312e+002  7.503544e-005
 3.416500e+002  7.324434e-005
 3.422687e+002  7.634811e-005
 3.428875e+002  6.866732e-005
 3.435062e+002  6.783739e-005
 3.441250e+002  7.014962e-005
 3.447437e+002  7.311807e-005
 3.453625e+002  6.695114e-005
 3.459812e+002  7.984834e-005
 3.466000e+002  8.434276e-005
 3.472187e+002  8.327583e-005
 3.478375e+002  7.056762e-005
 3.484562e+002  6.693665e-005
 3.490750e+002  6.966789e-005
 3.496937e+002  1.378184e-004
 3.503125e+002  1.571484e-004
 3.509312e+002  7.660523e-005
 3.515500e+002  7.306221e-005
 3.521687e+002  7.311747e-005
 3.527875e+002  7.337084e-005
 3.534062e+002  6.533032e-005
 3.540250e+002  6.592521e-005
 3.546437e+002  7.034938e-005
 3.552625e+002  7.132461e-005
 3.558812e+002  7.530082e-005
 3.565000e+002  7.262176e-005
 3.571187e+002  6.822667e-005
 3.577375e+002  7.005149e-005
 3.583562e+002  7.216149e-005
 3.589750e+002  7.144292e-005
 3.595937e+002  7.529539e-005
 3.602125e+002  8.843679e-005
 3.608312e+002  7.803212e-005
 3.614500e+002  6.978529e-005
 3.620687e+002  7.132575e-005
 3.626875e+002  7.663648e-005
 3.633062e+002  7.196594e-005
 3.639250e+002  6.646400e-005
 3.645437e+002  6.586351e-005
 3.651625e+002  6.649879e-005
 3.657812e+002  7.039410e-005
 3.664000e+002  6.847392e-005
 3.670187e+002  7.102746e-005
 3.676375e+002  7.498489e-005
 3.682562e+002  7.918325e-005
 3.688750e+002  7.276021e-005
 3.694937e+002  7.229333e-005
 3.701125e+002  6.967256e-005
 3.707312e+002  6.821911e-005
 3.713500e+002  6.759011e-005
 3.719687e+002  6.972095e-005
 3.725875e+002  7.362498e-005
 3.732062e+002  6.990474e-005
 3.738250e+002  7.122804e-005
 3.744437e+002  7.388686e-005
 3.750625e+002  6.935599e-005
 3.756812e+002  7.187147e-005
 3.763000e+002  7.388305e-005
 3.769187e+002  6.649690e-005
 3.775375e+002  6.178086e-005
 3.781562e+002  6.052298e-005
 3.787750e+002  6.970942e-005
 3.793937e+002  7.600634e-005
 3.800125e+002  7.781637e-005
 3.806312e+002  7.099443e-005
 3.812500e+002  7.233286e-005
 3.818687e+002  7.821364e-005
 3.824875e+002  7.495470e-005
 3.831062e+002  6.523913e-005
 3.837250e+002  6.655300e-005
 3.843437e+002  7.343608e-005
 3.849625e+002  6.899029e-005
 3.855812e+002  7.347783e-005
 3.862000e+002  7.498619e-005
 3.868187e+002  7.670837e-005
 3.874375e+002  7.776821e-005
 3.880562e+002  6.847505e-005
 3.886750e+002  7.397555e-005
 3.892937e+002  7.401093e-005
 3.899125e+002  6.598334e-005
 3.905312e+002  6.510304e-005
 3.911500e+002  7.202773e-005
 3.917687e+002  7.019078e-005
 3.923875e+002  6.755815e-005
 3.930062e+002  6.902657e-005
 3.936250e+002  7.325100e-005
 3.942437e+002  6.596526e-005
 3.948625e+002  6.523519e-005
 3.954812e+002  6.824296e-005
 3.961000e+002  7.124788e-005
 3.967187e+002  6.900936e-005
 3.973375e+002  6.149955e-005
 3.979562e+002  6.115514e-005
 3.985750e+002  6.944656e-005
 3.991937e+002  7.225589e-005
 3.998125e+002  7.464633e-005
 4.004312e+002  7.485596e-005
 4.010500e+002  7.169151e-005
 4.016687e+002  6.529501e-005
 4.022875e+002  6.442532e-005
 4.029062e+002  6.527459e-005
 4.035250e+002  6.264413e-005
 4.041437e+002  6.109542e-005
 4.047625e+002  6.770135e-005
 4.053812e+002  7.471485e-005
 4.060000e+002  7.217420e-005
 4.066187e+002  7.292650e-005
 4.072375e+002  6.799934e-005
 4.078562e+002  7.778595e-005
 4.084750e+002  7.866373e-005
 4.090937e+002  6.992010e-005
 4.097125e+002  7.380608e-005
 4.103312e+002  7.190997e-005
 4.109500e+002  6.706487e-005
 4.115687e+002  7.309377e-005
 4.121875e+002  7.661223e-005
 4.128062e+002  7.960368e-005
 4.134250e+002  6.717189e-005
 4.140437e+002  6.090755e-005
 4.146625e+002  6.259305e-005
 4.152812e+002  6.131393e-005
 4.159000e+002  5.739428e-005
 4.165187e+002  7.044859e-005
 4.171375e+002  6.516298e-005
 4.177562e+002  6.397639e-005
 4.183750e+002  7.084125e-005
 4.189937e+002  6.946680e-005
 4.196125e+002  7.104136e-005
 4.202312e+002  7.465859e-005
 4.208500e+002  7.083383e-005
 4.214687e+002  7.973811e-005
 4.220875e+002  7.535775e-005
 4.227062e+002  7.132393e-005
 4.233250e+002  7.082650e-005
 4.239437e+002  7.205566e-005
 4.245625e+002  7.242929e-005
 4.251812e+002  6.500248e-005
 4.258000e+002  6.429240e-005
 4.264187e+002  6.901018e-005
 4.270375e+002  6.729784e-005
 4.276562e+002  6.177202e-005
 4.282750e+002  6.248782e-005
 4.288937e+002  6.637806e-005
 4.295125e+002  6.275206e-005
 4.301312e+002  6.190258e-005
 4.307500e+002  7.075659e-005
 4.313687e+002  6.862969e-005
 4.319875e+002  6.012418e-005
 4.326062e+002  6.014953e-005
 4.332250e+002  6.844367e-005
 4.338437e+002  7.440242e-005
 4.344625e+002  6.970546e-005
 4.350812e+002  7.710730e-005
 4.357000e+002  7.380568e-005
 4.363187e+002  6.105289e-005
 4.369375e+002  6.248577e-005
 4.375562e+002  6.375477e-005
 4.381750e+002  6.368753e-005
 4.387937e+002  6.254772e-005
 4.394125e+002  6.776411e-005
 4.400312e+002  6.843788e-005
 4.406500e+002  6.574522e-005
 4.412687e+002  6.991977e-005
 4.418875e+002  7.006866e-005
 4.425062e+002  6.460771e-005
 4.431250e+002  6.935194e-005
 4.437437e+002  6.896594e-005
 4.443625e+002  6.379260e-005
 4.449812e+002  6.499851e-005
 4.456000e+002  6.710213e-005
 4.462187e+002  6.328489e-005
 4.468375e+002  6.224744e-005
 4.474562e+002  6.729649e-005
 4.480750e+002  7.114198e-005
 4.486937e+002  6.849155e-005
 4.493125e+002  8.505393e-005
 4.499312e+002  2.027917e-004
 4.505500e+002  1.631263e-004
 4.511687e+002  6.699657e-005
 4.517875e+002  6.962918e-005
 4.524062e+002  6.910179e-005
 4.530250e+002  6.306381e-005
 4.536437e+002  6.647271e-005
 4.542625e+002  6.382708e-005
 4.548812e+002  7.733656e-005
 4.555000e+002  7.758229e-005
 4.561187e+002  7.346161e-005
 4.567375e+002  7.032056e-005
 4.573562e+002  6.752744e-005
 4.579750e+002  6.693890e-005
 4.585937e+002  6.561093e-005
 4.592125e+002  6.502762e-005
 4.598312e+002  6.786364e-005
 4.604500e+002  6.875887e-005
 4.610687e+002  7.059819e-005
 4.616875e+002  6.491977e-005
 4.623062e+002  6.421172e-005
 4.629250e+002  6.096769e-005
 4.635437e+002  6.380521e-005
 4.641625e+002  6.635452e-005
 4.647812e+002  6.772456e-005
 4.654000e+002  6.880866e-005
 4.660187e+002  6.719383e-005
 4.666375e+002  6.060488e-005
 4.672562e+002  6.464600e-005
 4.678750e+002  6.352948e-005
 4.684937e+002  6.225315e-005
 4.691125e+002  6.551987e-005
 4.697312e+002  6.974409e-005
 4.703500e+002  6.800101e-005
 4.709687e+002  6.811418e-005
 4.715875e+002  7.181186e-005
 4.722062e+002  7.363810e-005
 4.728250e+002  6.967322e-005
 4.734437e+002  6.727236e-005
 4.740625e+002  6.441172e-005
 4.746812e+002  6.593397e-005
 4.753000e+002  7.184592e-005
 4.759187e+002  7.177841e-005
 4.765375e+002  6.557302e-005
 4.771562e+002  6.420309e-005
 4.777750e+002  6.508377e-005
 4.783937e+002  6.082880e-005
 4.790125e+002  6.586048e-005
 4.796312e+002  6.859238e-005
 4.802500e+002  7.907758e-005
 4.808687e+002  6.991916e-005
 4.814875e+002  6.453079e-005
 4.821062e+002  6.986318e-005
 4.827250e+002  6.802830e-005
 4.833437e+002  6.937582e-005
 4.839625e+002  6.709156e-005
 4.845812e+002  6.747157e-005
 4.852000e+002  6.431160e-005
 4.858187e+002  6.941162e-005
 4.864375e+002  6.532411e-005
 4.870562e+002  5.647251e-005
 4.876750e+002  6.504925e-005
 4.882937e+002  6.136635e-005
 4.889125e+002  6.508895e-005
 4.895312e+002  6.389302e-005
 4.901500e+002  7.088951e-005
 4.907687e+002  7.244692e-005
 4.913875e+002  7.313167e-005
 4.920062e+002  6.790600e-005
 4.926250e+002  6.372720e-005
 4.932437e+002  6.154194e-005
 4.938625e+002  6.753556e-005
 4.944812e+002  7.132567e-005
 4.951000e+002  5.777038e-005
 4.957187e+002  5.639052e-005
 4.963375e+002  6.005215e-005
 4.969562e+002  6.061411e-005
 4.975750e+002  6.533509e-005
 4.981937e+002  7.144384e-005
 4.988125e+002  6.760725e-005
 4.994312e+002  6.833290e-005
 5.000500e+002  6.875063e-005
 5.006687e+002  6.332454e-005
 5.012875e+002  5.909420e-005
 5.019062e+002  6.479666e-005
 5.025250e+002  6.267101e-005
 5.031437e+002  6.606379e-005
 5.037625e+002  6.288562e-005
 5.043812e+002  6.189583e-005
 5.050000e+002  6.353655e-005
 5.056187e+002  6.337318e-005
 5.062375e+002  6.908055e-005
 5.068562e+002  6.654117e-005
 5.074750e+002  5.761183e-005
 5.080937e+002  6.528097e-005
 5.087125e+002  6.345051e-005
 5.093312e+002  5.900662e-005
 5.099500e+002  6.663155e-005
 5.105687e+002  7.069847e-005
 5.111875e+002  6.092721e-005
 5.118062e+002  6.143181e-005
 5.124250e+002  6.698146e-005
 5.130437e+002  6.403568e-005
 5.136625e+002  6.325212e-005
 5.142812e+002  6.228107e-005
 5.149000e+002  6.924268e-005
 5.155187e+002  6.785511e-005
 5.161375e+002  6.724739e-005
 5.167562e+002  7.255229e-005
 5.173750e+002  7.963379e-005
 5.179937e+002  7.356084e-005
 5.186125e+002  5.960229e-005
 5.192312e+002  6.039046e-005
 5.198500e+002  6.454683e-005
 5.204687e+002  5.641333e-005
 5.210875e+002  5.461517e-005
 5.217062e+002  5.093184e-005
 5.223250e+002  5.751405e-005
 5.229437e+002  6.173049e-005
 5.235625e+002  5.988764e-005
 5.241812e+002  6.874615e-005
 5.248000e+002  6.476528e-005
 5.254187e+002  5.864051e-005
 5.260375e+002  5.561768e-005
 5.266562e+002  5.749496e-005
 5.272750e+002  5.289269e-005
 5.278937e+002  5.764393e-005
 5.285125e+002  6.509387e-005
 5.291312e+002  6.450971e-005
 5.297500e+002  6.176807e-005
 5.303687e+002  6.389498e-005
 5.309875e+002  6.736485e-005
 5.316062e+002  6.755249e-005
 5.322250e+002  6.911554e-005
 5.328437e+002  6.852357e-005
 5.334625e+002  7.317367e-005
 5.340812e+002  6.408028e-005
 5.347000e+002  5.641950e-005
 5.353187e+002  5.757448e-005
 5.359375e+002  6.550014e-005
 5.365562e+002  6.399467e-005
 5.371750e+002  5.965828e-005
 5.377937e+002  6.341183e-005
 5.384125e+002  5.671434e-005
 5.390312e+002  5.794110e-005
 5.396500e+002  6.204059e-005
 5.402687e+002  7.122421e-005
 5.408875e+002  6.335527e-005
 5.415062e+002  6.571205e-005
 5.421250e+002  6.533860e-005
 5.427437e+002  6.308756e-005
 5.433625e+002  6.338875e-005
 5.439812e+002  6.062432e-005
 5.446000e+002  6.467242e-005
 5.452187e+002  6.707700e-005
 5.458375e+002  7.532633e-005
 5.464562e+002  7.037883e-005
 5.470750e+002  6.453604e-005
 5.476937e+002  6.605353e-005
 5.483125e+002  6.340978e-005
 5.489312e+002  5.764475e-005
 5.495500e+002  9.294535e-005
 5.501687e+002  1.391641e-004
 5.507875e+002  8.842106e-005
 5.514062e+002  6.044401e-005
 5.520250e+002  6.090792e-005
 5.526437e+002  6.614470e-005
 5.532625e+002  6.539142e-005
 5.538812e+002  6.700431e-005
 5.545000e+002  6.274483e-005
 5.551187e+002  6.504553e-005
 5.557375e+002  6.638648e-005
 5.563562e+002  6.734052e-005
 5.569750e+002  6.897610e-005
 5.575937e+002  7.208163e-005
 5.582125e+002  6.395023e-005
 5.588312e+002  6.260336e-005
 5.594500e+002  5.885252e-005
 5.600687e+002  6.340236e-005
 5.606875e+002  6.336788e-005
 5.613062e+002  6.283494e-005
 5.619250e+002  5.785797e-005
 5.625437e+002  5.630915e-005
 5.631625e+002  5.475858e-005
 5.637812e+002  5.805686e-005
 5.644000e+002  6.631981e-005
 5.650187e+002  6.490937e-005
 5.656375e+002  6.437613e-005
 5.662562e+002  6.629409e-005
 5.668750e+002  6.220444e-005
 5.674937e+002  6.234732e-005
 5.681125e+002  7.187938e-005
 5.687312e+002  7.299468e-005
 5.693500e+002  7.033440e-005
 5.699687e+002  6.738466e-005
 5.705875e+002  6.421901e-005
 5.712062e+002  6.318114e-005
 5.718250e+002  6.448319e-005
 5.724437e+002  6.087031e-005
 5.730625e+002  6.253940e-005
 5.736812e+002  5.656663e-005
 5.743000e+002  5.928881e-005
 5.749187e+002  6.379306e-005
 5.755375e+002  6.503504e-005
 5.761562e+002  6.181968e-005
 5.767750e+002  6.857072e-005
 5.773937e+002  6.954631e-005
 5.780125e+002  7.126224e-005
 5.786312e+002  6.950186e-005
 5.792500e+002  6.598817e-005
 5.798687e+002  6.047714e-005
 5.804875e+002  6.048283e-005
 5.811062e+002  5.832593e-005
 5.817250e+002  5.908496e-005
 5.823437e+002  6.201348e-005
 5.829625e+002  6.354693e-005
 5.835812e+002  5.965447e-005
 5.842000e+002  6.871816e-005
 5.848187e+002  7.253084e-005
 5.854375e+002  6.371418e-005
 5.860562e+002  5.905727e-005
 5.866750e+002  6.720384e-005
 5.872937e+002  6.567285e-005
 5.879125e+002  6.342214e-005
 5.885312e+002  5.765904e-005
 5.891500e+002  6.035668e-005
 5.897687e+002  6.204215e-005
 5.903875e+002  6.362161e-005
 5.910062e+002  6.617228e-005
 5.916250e+002  6.437589e-005
 5.922437e+002  6.277036e-005
 5.928625e+002  6.216381e-005
 5.934812e+002  5.768610e-005
 5.941000e+002  5.755334e-005
 5.947187e+002  6.800841e-005
 5.953375e+002  6.324572e-005
 5.959562e+002  5.968447e-005
 5.965750e+002  6.123081e-005
 5.971937e+002  6.547117e-005
 5.978125e+002  6.233173e-005
 5.984312e+002  6.881368e-005
 5.990500e+002  6.412145e-005
 5.996687e+002  7.259755e-005
 6.002875e+002  7.832242e-005
 6.009062e+002  6.591000e-005
 6.015250e+002  6.542426e-005
 6.021437e+002  6.499244e-005
 6.027625e+002  5.969107e-005
 6.033812e+002  6.687853e-005
 6.040000e+002  7.260884e-005
 6.046187e+002  6.204794e-005
 6.052375e+002  5.678450e-005
 6.058562e+002  6.292546e-005
 6.064750e+002  5.892909e-005
 6.070937e+002  5.848741e-005
 6.077125e+002  6.223031e-005
 6.083312e+002  7.090934e-005
 6.089500e+002  7.323814e-005
 6.095687e+002  6.964053e-005
 6.101875e+002  6.786894e-005
 6.108062e+002  6.508459e-005
 6.114250e+002  6.616751e-005
 6.120437e+002  7.363517e-005
 6.126625e+002  6.904085e-005
 6.132812e+002  5.558078e-005
 6.139000e+002  5.826692e-005
 6.145187e+002  5.633235e-005
 6.151375e+002  5.697323e-005
 6.157562e+002  6.321726e-005
 6.163750e+002  6.906494e-005
 6.169937e+002  6.352286e-005
 6.176125e+002  6.189875e-005
 6.182312e+002  6.678690e-005
 6.188500e+002  6.958464e-005
 6.194687e+002  6.705775e-005
 6.200875e+002  5.816961e-005
 6.207062e+002  5.845983e-005
 6.213250e+002  6.563652e-005
 6.219437e+002  6.301313e-005
 6.225625e+002  6.282471e-005
 6.231812e+002  6.700584e-005
 6.238000e+002  6.477763e-005
 6.244187e+002  6.403263e-005
 6.250375e+002  6.115345e-005
 6.256562e+002  6.017312e-005
 6.262750e+002  6.373600e-005
 6.268937e+002  6.855835e-005
 6.275125e+002  6.171511e-005
 6.281312e+002  6.022658e-005
 6.287500e+002  6.891533e-005
 6.293687e+002  6.589377e-005
 6.299875e+002  6.354272e-005
 6.306062e+002  6.430590e-005
 6.312250e+002  6.931224e-005
 6.318437e+002  6.376203e-005
 6.324625e+002  6.098627e-005
 6.330812e+002  6.280156e-005
 6.337000e+002  5.996397e-005
 6.343187e+002  6.260365e-005
 6.349375e+002  6.800207e-005
 6.355562e+002  6.952315e-005
 6.361750e+002  6.821191e-005
 6.367937e+002  6.277748e-005
 6.374125e+002  5.634166e-005
 6.380312e+002  5.241793e-005
 6.386500e+002  6.243028e-005
 6.392687e+002  6.473881e-005
 6.398875e+002  5.519721e-005
 6.405062e+002  5.695973e-005
 6.411250e+002  6.299450e-005
 6.417437e+002  6.138490e-005
 6.423625e+002  6.058544e-005
 6.429812e+002  6.078143e-005
 6.436000e+002  6.133650e-005
 6.442187e+002  5.924639e-005
 6.448375e+002  6.107901e-005
 6.454562e+002  6.488908e-005
 6.460750e+002  5.826820e-005
 6.466937e+002  5.863708e-005
 6.473125e+002  6.241867e-005
 6.479312e+002  6.534187e-005
 6.485500e+002  6.089439e-005
 6.491687e+002  5.596863e-005
 6.497875e+002  7.709966e-005
 6.504062e+002  8.883807e-005
 6.510250e+002  6.279613e-005
 6.516437e+002  6.492697e-005
 6.522625e+002  5.997054e-005
 6.528812e+002  5.646936e-005
 6.535000e+002  6.521542e-005
 6.541187e+002  6.486053e-005
 6.547375e+002  6.966486e-005
 6.553562e+002  6.845844e-005
 6.559750e+002  6.276871e-005
 6.565937e+002  6.576120e-005
 6.572125e+002  6.742888e-005
 6.578312e+002  5.928047e-005
 6.584500e+002  5.806393e-005
 6.590687e+002  6.510358e-005
 6.596875e+002  6.981404e-005
 6.603062e+002  7.469630e-005
 6.609250e+002  6.243906e-005
 6.615437e+002  6.417303e-005
 6.621625e+002  6.127768e-005
 6.627812e+002  5.507881e-005
 6.634000e+002  5.830865e-005
 6.640187e+002  5.837125e-005
 6.646375e+002  5.220128e-005
 6.652562e+002  5.789879e-005
 6.658750e+002  6.690395e-005
 6.664937e+002  6.100073e-005
 6.671125e+002  6.310689e-005
 6.677312e+002  6.897457e-005
 6.683500e+002  5.948416e-005
 6.689687e+002  5.985958e-005
 6.695875e+002  6.084904e-005
 6.702062e+002  5.847810e-005
 6.708250e+002  6.606746e-005
 6.714437e+002  6.452937e-005
 6.720625e+002  6.529974e-005
 6.726812e+002  6.013689e-005
 6.733000e+002  6.513412e-005
 6.739187e+002  5.361192e-005
 6.745375e+002  5.712836e-005
 6.751562e+002  6.888762e-005
 6.757750e+002  7.131793e-005
 6.763937e+002  6.283288e-005
 6.770125e+002  6.024982e-005
 6.776312e+002  6.380725e-005
 6.782500e+002  5.978147e-005
 6.788687e+002  5.790316e-005
 6.794875e+002  6.158581e-005
 6.801062e+002  6.596767e-005
 6.807250e+002  6.227663e-005
 6.813437e+002  5.445826e-005
 6.819625e+002  5.855324e-005
 6.825812e+002  6.409260e-005
 6.832000e+002  6.584951e-005
 6.838187e+002  6.398256e-005
 6.844375e+002  6.633023e-005
 6.850562e+002  6.458039e-005
 6.856750e+002  6.214987e-005
 6.862937e+002  5.938348e-005
 6.869125e+002  5.550963e-005
 6.875312e+002  6.015571e-005
 6.881500e+002  5.774702e-005
 6.887687e+002  6.500021e-005
 6.893875e+002  6.652938e-005
 6.900062e+002  6.647069e-005
 6.906250e+002  6.591892e-005
 6.912437e+002  6.942198e-005
 6.918625e+002  6.724724e-005
 6.924812e+002  6.632452e-005
 6.931000e+002  7.299526e-005
 6.937187e+002  6.566115e-005
 6.943375e+002  6.443743e-005
 6.949562e+002  6.422611e-005
 6.955750e+002  6.553111e-005
 6.961937e+002  6.350014e-005
 6.968125e+002  6.577872e-005
 6.974312e+002  5.721871e-005
 6.980500e+002  6.148476e-005
 6.986687e+002  6.205744e-005
 6.992875e+002  5.783436e-005
 6.999062e+002  6.053256e-005
 7.005250e+002  6.114315e-005
 7.011437e+002  6.433906e-005
 7.017625e+002  5.702032e-005
 7.023812e+002  5.932282e-005
 7.030000e+002  5.763187e-005
 7.036187e+002  5.722151e-005
 7.042375e+002  6.092928e-005
 7.048562e+002  6.685466e-005
 7.054750e+002  6.927581e-005
 7.060937e+002  6.600772e-005
 7.067125e+002  5.837378e-005
 7.073312e+002  5.927222e-005
 7.079500e+002  5.814202e-005
 7.085687e+002  6.487798e-005
 7.091875e+002  6.887491e-005
 7.098062e+002  6.373597e-005
 7.104250e+002  6.255285e-005
 7.110437e+002  6.477831e-005
 7.116625e+002  6.822352e-005
 7.122812e+002  6.988491e-005
 7.129000e+002  6.186800e-005
 7.135187e+002  6.429814e-005
 7.141375e+002  5.374323e-005
 7.147562e+002  5.571772e-005
 7.153750e+002  6.088101e-005
 7.159937e+002  5.966872e-005
 7.166125e+002  5.808962e-005
 7.172312e+002  6.344698e-005
 7.178500e+002  6.365344e-005
 7.184687e+002  6.526718e-005
 7.190875e+002  6.304619e-005
 7.197062e+002  6.054805e-005
 7.203250e+002  7.140140e-005
 7.209437e+002  6.981629e-005
 7.215625e+002  6.853101e-005
 7.221812e+002  6.323563e-005
 7.228000e+002  5.970758e-005
 7.234187e+002  6.476476e-005
 7.240375e+002  6.817316e-005
 7.246562e+002  6.512906e-005
 7.252750e+002  5.754005e-005
 7.258937e+002  5.945371e-005
 7.265125e+002  6.332076e-005
 7.271312e+002  6.616006e-005
 7.277500e+002  6.266237e-005
 7.283687e+002  6.438863e-005
 7.289875e+002  6.658582e-005
 7.296062e+002  6.210089e-005
 7.302250e+002  6.932611e-005
 7.308437e+002  6.495703e-005
 7.314625e+002  6.061412e-005
 7.320812e+002  5.810847e-005
 7.327000e+002  5.854802e-005
 7.333187e+002  6.317819e-005
 7.339375e+002  6.266474e-005
 7.345562e+002  5.588887e-005
 7.351750e+002  6.093718e-005
 7.357937e+002  6.641404e-005
 7.364125e+002  6.581858e-005
 7.370312e+002  6.263658e-005
 7.376500e+002  6.101173e-005
 7.382687e+002  6.760664e-005
 7.388875e+002  6.790840e-005
 7.395062e+002  6.304849e-005
 7.401250e+002  6.228976e-005
 7.407437e+002  5.945629e-005
 7.413625e+002  6.357653e-005
 7.419812e+002  6.785109e-005
 7.426000e+002  6.204330e-005
 7.432187e+002  6.039195e-005
 7.438375e+002  6.700535e-005
 7.444562e+002  5.904823e-005
 7.450750e+002  5.739752e-005
 7.456937e+002  6.297872e-005
 7.463125e+002  6.441038e-005
 7.469312e+002  6.217557e-005
 7.475500e+002  6.072179e-005
 7.481687e+002  6.069408e-005
 7.487875e+002  5.723104e-005
 7.494062e+002  7.750960e-005
 7.500250e+002  1.302936e-004
 7.506437e+002  9.787639e-005
 7.512625e+002  5.456729e-005
 7.518812e+002  5.874422e-005
 7.525000e+002  5.673847e-005
 7.531187e+002  5.855798e-005
 7.537375e+002  5.783702e-005
 7.543562e+002  6.490900e-005
 7.549750e+002  6.576582e-005
 7.555937e+002  6.562061e-005
 7.562125e+002  6.421593e-005
 7.568312e+002  6.162396e-005
 7.574500e+002  6.149382e-005
 7.580687e+002  5.856674e-005
 7.586875e+002  5.960676e-005
 7.593062e+002  5.565207e-005
 7.599250e+002  5.417321e-005
 7.605437e+002  5.629313e-005
 7.611625e+002  5.953357e-005
 7.617812e+002  6.375832e-005
 7.624000e+002  6.776323e-005
 7.630187e+002  6.299254e-005
 7.636375e+002  6.104718e-005
 7.642562e+002  6.631128e-005
 7.648750e+002  6.313357e-005
 7.654937e+002  5.814135e-005
 7.661125e+002  6.113494e-005
 7.667312e+002  6.509822e-005
 7.673500e+002  6.601787e-005
 7.679687e+002  5.774022e-005
 7.685875e+002  6.067344e-005
 7.692062e+002  5.958805e-005
 7.698250e+002  5.477255e-005
 7.704437e+002  6.614333e-005
 7.710625e+002  6.537061e-005
 7.716812e+002  5.797429e-005
 7.723000e+002  5.845034e-005
 7.729187e+002  5.620102e-005
 7.735375e+002  5.717668e-005
 7.741562e+002  6.298768e-005
 7.747750e+002  6.358725e-005
 7.753937e+002  6.509963e-005
 7.760125e+002  6.022039e-005
 7.766312e+002  6.252463e-005
 7.772500e+002  6.388617e-005
 7.778687e+002  5.797506e-005
 7.784875e+002  6.079099e-005
 7.791062e+002  6.105467e-005
 7.797250e+002  6.417863e-005
 7.803437e+002  7.904196e-005
 7.809625e+002  7.230527e-005
 7.815812e+002  6.598503e-005
 7.822000e+002  6.483508e-005
 7.828187e+002  5.948301e-005
 7.834375e+002  6.198405e-005
 7.840562e+002  5.676293e-005
 7.846750e+002  5.838104e-005
 7.852937e+002  6.133818e-005
 7.859125e+002  6.148964e-005
 7.865312e+002  6.341655e-005
 7.871500e+002  6.076612e-005
 7.877687e+002  5.867488e-005
 7.883875e+002  6.026751e-005
 7.890062e+002  6.149441e-005
 7.896250e+002  6.491426e-005
 7.902437e+002  6.442671e-005
 7.908625e+002  6.811548e-005
 7.914812e+002  6.374598e-005
 7.921000e+002  5.921020e-005
 7.927187e+002  5.879760e-005
 7.933375e+002  6.250775e-005
 7.939562e+002  6.245711e-005
 7.945750e+002  6.141280e-005
 7.951937e+002  6.091905e-005
 7.958125e+002  5.971917e-005
 7.964312e+002  6.358902e-005
 7.970500e+002  6.201755e-005
 7.976687e+002  5.963946e-005
 7.982875e+002  6.082151e-005
 7.989062e+002  6.055900e-005
 7.995250e+002  5.974443e-005
 8.001437e+002  6.256663e-005
 8.007625e+002  6.414018e-005
 8.013812e+002  5.493069e-005
 8.020000e+002  5.188785e-005
 8.026187e+002  6.841737e-005
 8.032375e+002  6.345785e-005
 8.038562e+002  5.999153e-005
 8.044750e+002  5.936102e-005
 8.050937e+002  6.411252e-005
 8.057125e+002  6.724248e-005
 8.063312e+002  6.725576e-005
 8.069500e+002  6.245234e-005
 8.075687e+002  5.520173e-005
 8.081875e+002  5.423101e-005
 8.088062e+002  5.695718e-005
 8.094250e+002  5.966000e-005
 8.100437e+002  5.915335e-005
 8.106625e+002  5.941142e-005
 8.112812e+002  7.163311e-005
 8.119000e+002  6.550530e-005
 8.125187e+002  6.137416e-005
 8.131375e+002  5.627498e-005
 8.137562e+002  6.112089e-005
 8.143750e+002  6.743846e-005
 8.149937e+002  6.122991e-005
 8.156125e+002  6.196771e-005
 8.162312e+002  6.667261e-005
 8.168500e+002  6.290234e-005
 8.174687e+002  5.709441e-005
 8.180875e+002  5.546604e-005
 8.187062e+002  6.309879e-005
 8.193250e+002  6.323612e-005
 8.199437e+002  6.641420e-005
 8.205625e+002  6.000195e-005
 8.211812e+002  5.626401e-005
 8.218000e+002  5.427441e-005
 8.224187e+002  6.324294e-005
 8.230375e+002  6.649730e-005
 8.236562e+002  5.616698e-005
 8.242750e+002  5.049971e-005
 8.248937e+002  5.183930e-005
 8.255125e+002  5.188002e-005
 8.261312e+002  5.681956e-005
 8.267500e+002  5.719562e-005
 8.273687e+002  5.968309e-005
 8.279875e+002  6.263054e-005
 8.286062e+002  5.713831e-005
 8.292250e+002  5.853967e-005
 8.298437e+002  5.643101e-005
 8.304625e+002  6.130257e-005
 8.310812e+002  5.905817e-005
 8.317000e+002  5.278735e-005
 8.323187e+002  5.024030e-005
 8.329375e+002  4.712834e-005
 8.335562e+002  5.290906e-005
 8.341750e+002  6.424129e-005
 8.347937e+002  6.516600e-005
 8.354125e+002  6.430984e-005
 8.360312e+002  6.954191e-005
 8.366500e+002  6.510376e-005
 8.372687e+002  5.823293e-005
 8.378875e+002  6.526248e-005
 8.385062e+002  6.422098e-005
 8.391250e+002  6.482653e-005
 8.397437e+002  5.976373e-005
 8.403625e+002  6.323610e-005
 8.409812e+002  5.735320e-005
 8.416000e+002  5.768444e-005
 8.422187e+002  6.621845e-005
 8.428375e+002  7.035983e-005
 8.434562e+002  6.694943e-005
 8.440750e+002  6.219344e-005
 8.446937e+002  6.052421e-005
 8.453125e+002  5.987873e-005
 8.459312e+002  6.393253e-005
 8.465500e+002  6.828046e-005
 8.471687e+002  6.343819e-005
 8.477875e+002  6.083085e-005
 8.484062e+002  6.230365e-005
 8.490250e+002  5.685929e-005
 8.496437e+002  7.147941e-005
 8.502625e+002  8.392273e-005
 8.508812e+002  7.226234e-005
 8.515000e+002  6.315984e-005
 8.521187e+002  6.070653e-005
 8.527375e+002  6.382958e-005
 8.533562e+002  6.122267e-005
 8.539750e+002  6.301523e-005
 8.545937e+002  6.294702e-005
 8.552125e+002  5.427461e-005
 8.558312e+002  5.377061e-005
 8.564500e+002  5.893291e-005
 8.570687e+002  6.078957e-005
 8.576875e+002  6.048405e-005
 8.583062e+002  5.993521e-005
 8.589250e+002  6.008199e-005
 8.595437e+002  5.570770e-005
 8.601625e+002  6.180165e-005
 8.607812e+002  6.290590e-005
 8.614000e+002  5.736570e-005
 8.620187e+002  5.613004e-005
 8.626375e+002  5.390935e-005
 8.632562e+002  6.023445e-005
 8.638750e+002  5.899848e-005
 8.644937e+002  5.560081e-005
 8.651125e+002  6.513730e-005
 8.657312e+002  7.354116e-005
 8.663500e+002  6.519992e-005
 8.669687e+002  5.877367e-005
 8.675875e+002  7.030717e-005
 8.682062e+002  6.953729e-005
 8.688250e+002  6.300247e-005
 8.694437e+002  6.229236e-005
 8.700625e+002  5.883807e-005
 8.706812e+002  5.582849e-005
 8.713000e+002  5.874972e-005
 8.719187e+002  6.551300e-005
 8.725375e+002  6.209508e-005
 8.731562e+002  6.404391e-005
 8.737750e+002  6.186742e-005
 8.743937e+002  6.035402e-005
 8.750125e+002  5.876456e-005
 8.756312e+002  6.165330e-005
 8.762500e+002  6.125497e-005
 8.768687e+002  6.150683e-005
 8.774875e+002  6.094999e-005
 8.781062e+002  5.760431e-005
 8.787250e+002  6.072490e-005
 8.793437e+002  5.673392e-005
 8.799625e+002  5.676839e-005
 8.805812e+002  5.773178e-005
 8.812000e+002  5.493376e-005
 8.818187e+002  6.260985e-005
 8.824375e+002  6.024581e-005
 8.830562e+002  5.841994e-005
 8.836750e+002  6.399682e-005
 8.842937e+002  6.065947e-005
 8.849125e+002  6.018682e-005
 8.855312e+002  6.051262e-005
 8.861500e+002  6.426963e-005
 8.867687e+002  5.789098e-005
 8.873875e+002  6.094155e-005
 8.880062e+002  6.228768e-005
 8.886250e+002  6.523061e-005
 8.892437e+002  6.291560e-005
 8.898625e+002  6.340372e-005
 8.904812e+002  6.094270e-005
 8.911000e+002  6.081948e-005
 8.917187e+002  7.181222e-005
 8.923375e+002  7.297690e-005
 8.929562e+002  6.528911e-005
 8.935750e+002  6.024354e-005
 8.941937e+002  5.641834e-005
 8.948125e+002  6.069406e-005
 8.954312e+002  6.611484e-005
 8.960500e+002  6.269069e-005
 8.966687e+002  5.874598e-005
 8.972875e+002  5.795828e-005
 8.979062e+002  5.660413e-005
 8.985250e+002  5.942965e-005
 8.991437e+002  6.237816e-005
 8.997625e+002  6.653160e-005
 9.003812e+002  7.619254e-005
 9.010000e+002  6.328117e-005
 9.016187e+002  5.548709e-005
 9.022375e+002  5.717694e-005
 9.028562e+002  6.377097e-005
 9.034750e+002  6.306736e-005
 9.040937e+002  5.326127e-005
 9.047125e+002  5.977061e-005
 9.053312e+002  6.163460e-005
 9.059500e+002  6.015745e-005
 9.065687e+002  5.986040e-005
 9.071875e+002  5.906102e-005
 9.078062e+002  5.814377e-005
 9.084250e+002  5.960601e-005
 9.090437e+002  5.804624e-005
 9.096625e+002  6.274490e-005
 9.102812e+002  5.874809e-005
 9.109000e+002  5.987860e-005
 9.115187e+002  6.757429e-005
 9.121375e+002  6.024986e-005
 9.127562e+002  5.684595e-005
 9.133750e+002  6.049508e-005
 9.139937e+002  6.502920e-005
 9.146125e+002  6.594169e-005
 9.152312e+002  6.093581e-005
 9.158500e+002  5.956716e-005
 9.164687e+002  6.441634e-005
 9.170875e+002  6.406241e-005
 9.177062e+002  5.848689e-005
 9.183250e+002  5.694696e-005
 9.189437e+002  6.278636e-005
 9.195625e+002  6.447533e-005
 9.201812e+002  6.272062e-005
 9.208000e+002  6.170909e-005
 9.214187e+002  6.063599e-005
 9.220375e+002  5.851160e-005
 9.226562e+002  5.402818e-005
 9.232750e+002  5.521717e-005
 9.238937e+002  5.223540e-005
 9.245125e+002  5.217423e-005
 9.251312e+002  5.802521e-005
 9.257500e+002  5.769251e-005
 9.263687e+002  5.493420e-005
 9.269875e+002  5.267482e-005
 9.276062e+002  5.497220e-005
 9.282250e+002  5.590690e-005
 9.288437e+002  6.269361e-005
 9.294625e+002  5.830643e-005
 9.300812e+002  5.780953e-005
 9.307000e+002  5.596460e-005
 9.313187e+002  5.725715e-005
 9.319375e+002  5.833796e-005
 9.325562e+002  5.954612e-005
 9.331750e+002  6.173953e-005
 9.337937e+002  6.219332e-005
 9.344125e+002  5.662565e-005
 9.350312e+002  5.409605e-005
 9.356500e+002  5.363183e-005
 9.362687e+002  6.486178e-005
 9.368875e+002  6.348982e-005
 9.375062e+002  6.025281e-005
 9.381250e+002  5.797875e-005
 9.387437e+002  6.159223e-005
 9.393625e+002  6.495670e-005
 9.399812e+002  6.180911e-005
 9.406000e+002  6.046066e-005
 9.412187e+002  5.726114e-005
 9.418375e+002  6.288133e-005
 9.424562e+002  5.901083e-005
 9.430750e+002  5.713745e-005
 9.436937e+002  6.418523e-005
 9.443125e+002  6.960544e-005
 9.449312e+002  6.673866e-005
 9.455500e+002  6.832453e-005
 9.461687e+002  6.234926e-005
 9.467875e+002  6.367887e-005
 9.474062e+002  6.206446e-005
 9.480250e+002  5.655047e-005
 9.486437e+002  5.916699e-005
 9.492625e+002  6.369789e-005
 9.498812e+002  8.498062e-005
 9.505000e+002  8.447077e-005
 9.511187e+002  5.711412e-005
 9.517375e+002  5.881758e-005
 9.523562e+002  6.040624e-005
 9.529750e+002  6.396531e-005
 9.535937e+002  6.304547e-005
 9.542125e+002  6.230154e-005
 9.548312e+002  6.327826e-005
 9.554500e+002  6.117609e-005
 9.560687e+002  5.706660e-005
 9.566875e+002  5.874380e-005
 9.573062e+002  5.505250e-005
 9.579250e+002  5.887156e-005
 9.585437e+002  5.952929e-005
 9.591625e+002  5.932980e-005
 9.597812e+002  6.944941e-005
 9.604000e+002  7.877311e-005
 9.610187e+002  6.672361e-005
 9.616375e+002  6.151895e-005
 9.622562e+002  5.964750e-005
 9.628750e+002  5.659837e-005
 9.634937e+002  5.911238e-005
 9.641125e+002  6.443055e-005
 9.647312e+002  6.976241e-005
 9.653500e+002  6.739327e-005
 9.659687e+002  6.224432e-005
 9.665875e+002  5.690345e-005
 9.672062e+002  5.756456e-005
 9.678250e+002  6.254741e-005
 9.684437e+002  6.895207e-005
 9.690625e+002  6.735261e-005
 9.696812e+002  6.221078e-005
 9.703000e+002  6.091266e-005
 9.709187e+002  5.669825e-005
 9.715375e+002  5.981985e-005
 9.721562e+002  5.899948e-005
 9.727750e+002  5.763487e-005
 9.733937e+002  5.664608e-005
 9.740125e+002  6.522132e-005
 9.746312e+002  5.929630e-005
 9.752500e+002  5.463158e-005
 9.758687e+002  5.884753e-005
 9.764875e+002  6.148410e-005
 9.771062e+002  5.964122e-005
 9.777250e+002  5.592525e-005
 9.783437e+002  5.687018e-005
 9.789625e+002  5.975466e-005
 9.795812e+002  6.046797e-005
 9.802000e+002  5.696952e-005
 9.808187e+002  5.617391e-005
 9.814375e+002  6.035881e-005
 9.820562e+002  7.071160e-005
 9.826750e+002  5.980025e-005
 9.832937e+002  6.317810e-005
 9.839125e+002  6.924181e-005
 9.845312e+002  6.186482e-005
 9.851500e+002  6.341531e-005
 9.857687e+002  5.370033e-005
 9.863875e+002  5.466417e-005
 9.870062e+002  5.795504e-005
 9.876250e+002  5.999523e-005
 9.882437e+002  5.936072e-005
 9.888625e+002  5.892421e-005
 9.894812e+002  5.795024e-005
 9.901000e+002  5.811566e-005
 9.907187e+002  5.787487e-005
 9.913375e+002  6.381965e-005
 9.919562e+002  6.293765e-005
 9.925750e+002  6.437644e-005
 9.931937e+002  7.010324e-005
 9.938125e+002  6.764453e-005
 9.944312e+002  6.260065e-005
 9.950500e+002  6.058441e-005
 9.956687e+002  6.086400e-005
 9.962875e+002  5.989015e-005
 9.969062e+002  6.271463e-005
 9.975250e+002  6.099146e-005
 9.981437e+002  5.490684e-005
 9.987625e+002  5.575378e-005
 9.993812e+002  5.438260e-005
 1.000000e+003  5.776852e-005
