 1.000000e+000  1.000984e-003
 1.247500e+000  1.019964e-003
 1.495000e+000  9.258103e-004
 1.742500e+000  8.927438e-004
 1.990000e+000  8.758575e-004
 2.237500e+000  8.709340e-004
 2.485000e+000  8.621408e-004
 2.732500e+000  6.832914e-004
 2.980000e+000  6.094644e-004
 3.227500e+000  6.510026e-004
 3.475000e+000  6.494735e-004
 3.722500e+000  5.772038e-004
 3.970000e+000  5.232675e-004
 4.217500e+000  5.198688e-004
 4.465000e+000  4.424272e-004
 4.712500e+000  4.924020e-004
 4.960000e+000  5.309702e-004
 5.207500e+000  4.923373e-004
 5.455000e+000  5.212907e-004
 5.702500e+000  4.964704e-004
 5.950000e+000  4.647183e-004
 6.197500e+000  4.602120e-004
 6.445000e+000  4.575945e-004
 6.692500e+000  4.258239e-004
 6.940000e+000  4.779898e-004
 7.187500e+000  4.996467e-004
 7.435000e+000  4.450042e-004
 7.682500e+000  3.976672e-004
 7.930000e+000  3.854837e-004
 8.177500e+000  4.522368e-004
 8.425000e+000  4.412241e-004
 8.672500e+000  3.505821e-004
 8.920000e+000  3.634568e-004
 9.167500e+000  4.019244e-004
 9.415000e+000  3.921299e-004
 9.662500e+000  3.881761e-004
 9.910000e+000  4.133772e-004
 1.015750e+001  4.051307e-004
 1.040500e+001  4.427363e-004
 1.065250e+001  4.340600e-004
 1.090000e+001  3.777557e-004
 1.114750e+001  3.501332e-004
 1.139500e+001  3.349919e-004
 1.164250e+001  3.891650e-004
 1.189000e+001  3.516090e-004
 1.213750e+001  3.464569e-004
 1.238500e+001  3.230172e-004
 1.263250e+001  3.551060e-004
 1.288000e+001  3.811360e-004
 1.312750e+001  3.606438e-004
 1.337500e+001  3.562912e-004
 1.362250e+001  3.291904e-004
 1.387000e+001  3.434375e-004
 1.411750e+001  3.368313e-004
 1.436500e+001  2.877512e-004
 1.461250e+001  2.835956e-004
 1.486000e+001  3.112294e-004
 1.510750e+001  3.234555e-004
 1.535500e+001  3.296704e-004
 1.560250e+001  3.583542e-004
 1.585000e+001  3.477391e-004
 1.609750e+001  3.407244e-004
 1.634500e+001  3.284812e-004
 1.659250e+001  3.356185e-004
 1.684000e+001  2.835477e-004
 1.708750e+001  2.906577e-004
 1.733500e+001  3.636255e-004
 1.758250e+001  3.702985e-004
 1.783000e+001  3.026527e-004
 1.807750e+001  2.709820e-004
 1.832500e+001  2.726655e-004
 1.857250e+001  2.989004e-004
 1.882000e+001  3.083445e-004
 1.906750e+001  3.223055e-004
 1.931500e+001  3.008086e-004
 1.956250e+001  2.621177e-004
 1.981000e+001  2.836654e-004
 2.005750e+001  2.843387e-004
 2.030500e+001  2.867424e-004
 2.055250e+001  3.243626e-004
 2.080000e+001  2.857047e-004
 2.104750e+001  2.569351e-004
 2.129500e+001  2.625339e-004
 2.154250e+001  2.935149e-004
 2.179000e+001  3.109079e-004
 2.203750e+001  3.122447e-004
 2.228500e+001  3.217568e-004
 2.253250e+001  3.086170e-004
 2.278000e+001  2.768290e-004
 2.302750e+001  2.701839e-004
 2.327500e+001  2.655679e-004
 2.352250e+001  2.626563e-004
 2.377000e+001  2.496551e-004
 2.401750e+001  2.496106e-004
 2.426500e+001  2.474125e-004
 2.451250e+001  2.785630e-004
 2.476000e+001  2.683311e-004
 2.500750e+001  2.767836e-004
 2.525500e+001  2.691511e-004
 2.550250e+001  2.285913e-004
 2.575000e+001  2.328362e-004
 2.599750e+001  2.277228e-004
 2.624500e+001  2.241962e-004
 2.649250e+001  2.664817e-004
 2.674000e+001  2.747012e-004
 2.698750e+001  2.162656e-004
 2.723500e+001  2.284406e-004
 2.748250e+001  2.395096e-004
 2.773000e+001  2.375545e-004
 2.797750e+001  2.569206e-004
 2.822500e+001  2.521909e-004
 2.847250e+001  2.235864e-004
 2.872000e+001  1.990167e-004
 2.896750e+001  2.218572e-004
 2.921500e+001  2.123478e-004
 2.946250e+001  2.184000e-004
 2.971000e+001  2.256023e-004
 2.995750e+001  2.235057e-004
 3.020500e+001  1.839971e-004
 3.045250e+001  1.987645e-004
 3.070000e+001  2.254527e-004
 3.094750e+001  2.598020e-004
 3.119500e+001  2.426026e-004
 3.144250e+001  2.299953e-004
 3.169000e+001  2.364189e-004
 3.193750e+001  2.672511e-004
 3.218500e+001  2.249125e-004
 3.243250e+001  2.056940e-004
 3.268000e+001  2.547494e-004
 3.292750e+001  2.385628e-004
 3.317500e+001  2.525650e-004
 3.342250e+001  2.309278e-004
 3.367000e+001  2.083455e-004
 3.391750e+001  2.518265e-004
 3.416500e+001  2.455144e-004
 3.441250e+001  2.414122e-004
 3.466000e+001  2.065136e-004
 3.490750e+001  2.069669e-004
 3.515500e+001  2.069329e-004
 3.540250e+001  1.915954e-004
 3.565000e+001  1.989079e-004
 3.589750e+001  2.162606e-004
 3.614500e+001  2.193790e-004
 3.639250e+001  2.018954e-004
 3.664000e+001  1.722690e-004
 3.688750e+001  1.952407e-004
 3.713500e+001  2.130200e-004
 3.738250e+001  2.414257e-004
 3.763000e+001  2.348886e-004
 3.787750e+001  2.431120e-004
 3.812500e+001  2.248917e-004
 3.837250e+001  2.120871e-004
 3.862000e+001  1.892106e-004
 3.886750e+001  1.971719e-004
 3.911500e+001  2.071482e-004
 3.936250e+001  1.996417e-004
 3.961000e+001  2.247977e-004
 3.985750e+001  2.280632e-004
 4.010500e+001  2.234655e-004
 4.035250e+001  2.176226e-004
 4.060000e+001  2.056809e-004
 4.084750e+001  1.848768e-004
 4.109500e+001  1.934612e-004
 4.134250e+001  2.140319e-004
 4.159000e+001  2.187892e-004
 4.183750e+001  2.026305e-004
 4.208500e+001  2.068630e-004
 4.233250e+001  1.874893e-004
 4.258000e+001  1.790800e-004
 4.282750e+001  1.974485e-004
 4.307500e+001  2.224206e-004
 4.332250e+001  1.735590e-004
 4.357000e+001  1.840798e-004
 4.381750e+001  1.911991e-004
 4.406500e+001  1.632654e-004
 4.431250e+001  1.851883e-004
 4.456000e+001  2.044185e-004
 4.480750e+001  2.410538e-004
 4.505500e+001  2.058035e-004
 4.530250e+001  1.799231e-004
 4.555000e+001  2.066076e-004
 4.579750e+001  1.869744e-004
 4.604500e+001  1.615685e-004
 4.629250e+001  1.469658e-004
 4.654000e+001  1.846341e-004
 4.678750e+001  2.017854e-004
 4.703500e+001  1.802040e-004
 4.728250e+001  1.741487e-004
 4.753000e+001  1.922950e-004
 4.777750e+001  2.036430e-004
 4.802500e+001  2.015712e-004
 4.827250e+001  1.951195e-004
 4.852000e+001  1.977781e-004
 4.876750e+001  1.584830e-004
 4.901500e+001  1.754826e-004
 4.926250e+001  1.846995e-004
 4.951000e+001  1.732353e-004
 4.975750e+001  8.448757e-004
 5.000500e+001  1.566437e-003
 5.025250e+001  7.387013e-004
 5.050000e+001  1.802601e-004
 5.074750e+001  1.891793e-004
 5.099500e+001  1.957946e-004
 5.124250e+001  1.759042e-004
 5.149000e+001  1.767420e-004
 5.173750e+001  1.810982e-004
 5.198500e+001  1.749636e-004
 5.223250e+001  1.633565e-004
 5.248000e+001  1.715323e-004
 5.272750e+001  2.074340e-004
 5.297500e+001  1.773107e-004
 5.322250e+001  1.661078e-004
 5.347000e+001  1.670344e-004
 5.371750e+001  1.609630e-004
 5.396500e+001  1.681719e-004
 5.421250e+001  1.698909e-004
 5.446000e+001  2.105039e-004
 5.470750e+001  1.887241e-004
 5.495500e+001  1.802195e-004
 5.520250e+001  1.959587e-004
 5.545000e+001  1.773678e-004
 5.569750e+001  1.697923e-004
 5.594500e+001  1.812408e-004
 5.619250e+001  1.585521e-004
 5.644000e+001  1.554166e-004
 5.668750e+001  1.613762e-004
 5.693500e+001  1.780585e-004
 5.718250e+001  1.609382e-004
 5.743000e+001  1.653966e-004
 5.767750e+001  1.721730e-004
 5.792500e+001  1.452088e-004
 5.817250e+001  1.620658e-004
 5.842000e+001  1.892966e-004
 5.866750e+001  1.811588e-004
 5.891500e+001  1.576274e-004
 5.916250e+001  1.381948e-004
 5.941000e+001  1.498666e-004
 5.965750e+001  1.669673e-004
 5.990500e+001  3.123115e-004
 6.015250e+001  2.866782e-004
 6.040000e+001  1.605792e-004
 6.064750e+001  1.733847e-004
 6.089500e+001  1.615176e-004
 6.114250e+001  1.822911e-004
 6.139000e+001  1.871250e-004
 6.163750e+001  1.725102e-004
 6.188500e+001  1.493798e-004
 6.213250e+001  1.675420e-004
 6.238000e+001  1.684694e-004
 6.262750e+001  1.869404e-004
 6.287500e+001  1.802873e-004
 6.312250e+001  1.595750e-004
 6.337000e+001  1.709465e-004
 6.361750e+001  1.533341e-004
 6.386500e+001  1.644757e-004
 6.411250e+001  1.483911e-004
 6.436000e+001  1.488559e-004
 6.460750e+001  1.743190e-004
 6.485500e+001  1.620482e-004
 6.510250e+001  1.797759e-004
 6.535000e+001  1.504672e-004
 6.559750e+001  1.526688e-004
 6.584500e+001  1.605367e-004
 6.609250e+001  1.620413e-004
 6.634000e+001  1.773878e-004
 6.658750e+001  1.464113e-004
 6.683500e+001  1.531122e-004
 6.708250e+001  1.427049e-004
 6.733000e+001  1.469874e-004
 6.757750e+001  1.567952e-004
 6.782500e+001  1.588533e-004
 6.807250e+001  1.905189e-004
 6.832000e+001  1.834799e-004
 6.856750e+001  1.866639e-004
 6.881500e+001  1.722340e-004
 6.906250e+001  1.502835e-004
 6.931000e+001  1.175090e-004
 6.955750e+001  1.526334e-004
 6.980500e+001  1.569065e-004
 7.005250e+001  1.606530e-004
 7.030000e+001  1.897555e-004
 7.054750e+001  2.044386e-004
 7.079500e+001  1.498103e-004
 7.104250e+001  1.451514e-004
 7.129000e+001  1.560734e-004
 7.153750e+001  1.698549e-004
 7.178500e+001  1.801349e-004
 7.203250e+001  1.525867e-004
 7.228000e+001  1.312975e-004
 7.252750e+001  1.497627e-004
 7.277500e+001  1.538910e-004
 7.302250e+001  1.690742e-004
 7.327000e+001  1.561532e-004
 7.351750e+001  1.424353e-004
 7.376500e+001  1.603583e-004
 7.401250e+001  1.438004e-004
 7.426000e+001  1.368808e-004
 7.450750e+001  1.441637e-004
 7.475500e+001  1.329007e-004
 7.500250e+001  1.573223e-004
 7.525000e+001  1.672779e-004
 7.549750e+001  1.545850e-004
 7.574500e+001  1.603967e-004
 7.599250e+001  1.570834e-004
 7.624000e+001  1.543782e-004
 7.648750e+001  1.601911e-004
 7.673500e+001  1.384095e-004
 7.698250e+001  1.485100e-004
 7.723000e+001  1.532009e-004
 7.747750e+001  1.490730e-004
 7.772500e+001  1.375897e-004
 7.797250e+001  1.540490e-004
 7.822000e+001  1.446446e-004
 7.846750e+001  1.353391e-004
 7.871500e+001  1.506809e-004
 7.896250e+001  1.465032e-004
 7.921000e+001  1.476838e-004
 7.945750e+001  1.424303e-004
 7.970500e+001  1.295367e-004
 7.995250e+001  1.263127e-004
 8.020000e+001  1.362199e-004
 8.044750e+001  1.340684e-004
 8.069500e+001  1.454914e-004
 8.094250e+001  1.417082e-004
 8.119000e+001  1.401275e-004
 8.143750e+001  1.182518e-004
 8.168500e+001  1.422214e-004
 8.193250e+001  1.616640e-004
 8.218000e+001  1.404434e-004
 8.242750e+001  1.480647e-004
 8.267500e+001  1.249121e-004
 8.292250e+001  1.380232e-004
 8.317000e+001  1.429644e-004
 8.341750e+001  1.273477e-004
 8.366500e+001  1.109079e-004
 8.391250e+001  1.281448e-004
 8.416000e+001  1.390869e-004
 8.440750e+001  1.528081e-004
 8.465500e+001  1.497184e-004
 8.490250e+001  1.412844e-004
 8.515000e+001  1.546944e-004
 8.539750e+001  1.393650e-004
 8.564500e+001  1.441036e-004
 8.589250e+001  1.494673e-004
 8.614000e+001  1.385393e-004
 8.638750e+001  1.549698e-004
 8.663500e+001  1.593727e-004
 8.688250e+001  1.576506e-004
 8.713000e+001  1.455260e-004
 8.737750e+001  1.315148e-004
 8.762500e+001  1.338600e-004
 8.787250e+001  1.531256e-004
 8.812000e+001  1.403434e-004
 8.836750e+001  1.361396e-004
 8.861500e+001  1.308419e-004
 8.886250e+001  1.256449e-004
 8.911000e+001  1.285246e-004
 8.935750e+001  1.362643e-004
 8.960500e+001  1.203721e-004
 8.985250e+001  1.424911e-004
 9.010000e+001  1.452275e-004
 9.034750e+001  1.161417e-004
 9.059500e+001  1.237250e-004
 9.084250e+001  1.327112e-004
 9.109000e+001  1.055381e-004
 9.133750e+001  1.036539e-004
 9.158500e+001  1.298408e-004
 9.183250e+001  1.461133e-004
 9.208000e+001  1.347102e-004
 9.232750e+001  1.303002e-004
 9.257500e+001  1.371871e-004
 9.282250e+001  1.374313e-004
 9.307000e+001  1.289852e-004
 9.331750e+001  1.245394e-004
 9.356500e+001  1.046407e-004
 9.381250e+001  1.091190e-004
 9.406000e+001  1.275933e-004
 9.430750e+001  1.317953e-004
 9.455500e+001  1.243606e-004
 9.480250e+001  1.295730e-004
 9.505000e+001  1.460080e-004
 9.529750e+001  1.418628e-004
 9.554500e+001  1.235227e-004
 9.579250e+001  1.193034e-004
 9.604000e+001  1.210947e-004
 9.628750e+001  1.305294e-004
 9.653500e+001  1.202490e-004
 9.678250e+001  1.250798e-004
 9.703000e+001  1.260762e-004
 9.727750e+001  1.267120e-004
 9.752500e+001  1.270975e-004
 9.777250e+001  1.253819e-004
 9.802000e+001  1.316599e-004
 9.826750e+001  1.338898e-004
 9.851500e+001  1.303703e-004
 9.876250e+001  1.207172e-004
 9.901000e+001  1.287209e-004
 9.925750e+001  1.159207e-004
 9.950500e+001  1.131473e-004
 9.975250e+001  1.333850e-004
 1.000000e+002  1.546621e-004
