 1.000000e+000  1.306524e-003
 1.247500e+000  1.146478e-003
 1.495000e+000  9.264175e-004
 1.742500e+000  9.054225e-004
 1.990000e+000  7.233642e-004
 2.237500e+000  6.429911e-004
 2.485000e+000  6.486933e-004
 2.732500e+000  7.069022e-004
 2.980000e+000  7.568454e-004
 3.227500e+000  6.961568e-004
 3.475000e+000  5.857404e-004
 3.722500e+000  6.212109e-004
 3.970000e+000  6.239150e-004
 4.217500e+000  6.147100e-004
 4.465000e+000  6.338192e-004
 4.712500e+000  5.332104e-004
 4.960000e+000  4.936472e-004
 5.207500e+000  5.035602e-004
 5.455000e+000  4.894627e-004
 5.702500e+000  5.361992e-004
 5.950000e+000  4.752075e-004
 6.197500e+000  4.678852e-004
 6.445000e+000  4.959472e-004
 6.692500e+000  5.145127e-004
 6.940000e+000  5.690818e-004
 7.187500e+000  4.763035e-004
 7.435000e+000  4.266258e-004
 7.682500e+000  4.968654e-004
 7.930000e+000  4.534322e-004
 8.177500e+000  4.272528e-004
 8.425000e+000  4.225623e-004
 8.672500e+000  4.576537e-004
 8.920000e+000  4.364597e-004
 9.167500e+000  4.046710e-004
 9.415000e+000  4.181500e-004
 9.662500e+000  4.029833e-004
 9.910000e+000  4.302150e-004
 1.015750e+001  4.337587e-004
 1.040500e+001  3.904891e-004
 1.065250e+001  3.270812e-004
 1.090000e+001  3.408550e-004
 1.114750e+001  4.053028e-004
 1.139500e+001  3.923072e-004
 1.164250e+001  3.787477e-004
 1.189000e+001  3.480619e-004
 1.213750e+001  4.245437e-004
 1.238500e+001  4.301115e-004
 1.263250e+001  4.314121e-004
 1.288000e+001  4.015269e-004
 1.312750e+001  3.672244e-004
 1.337500e+001  3.465635e-004
 1.362250e+001  3.805599e-004
 1.387000e+001  3.892108e-004
 1.411750e+001  4.585740e-004
 1.436500e+001  4.516593e-004
 1.461250e+001  3.602973e-004
 1.486000e+001  3.387843e-004
 1.510750e+001  3.225377e-004
 1.535500e+001  3.062500e-004
 1.560250e+001  3.244773e-004
 1.585000e+001  3.488212e-004
 1.609750e+001  3.816057e-004
 1.634500e+001  3.259600e-004
 1.659250e+001  3.531040e-004
 1.684000e+001  3.892437e-004
 1.708750e+001  3.787942e-004
 1.733500e+001  2.874794e-004
 1.758250e+001  3.167106e-004
 1.783000e+001  2.965551e-004
 1.807750e+001  3.064940e-004
 1.832500e+001  3.291634e-004
 1.857250e+001  3.396991e-004
 1.882000e+001  2.716196e-004
 1.906750e+001  3.078610e-004
 1.931500e+001  3.170871e-004
 1.956250e+001  2.897608e-004
 1.981000e+001  2.705905e-004
 2.005750e+001  3.471332e-004
 2.030500e+001  3.479093e-004
 2.055250e+001  3.067155e-004
 2.080000e+001  3.039565e-004
 2.104750e+001  2.851263e-004
 2.129500e+001  2.713533e-004
 2.154250e+001  2.696699e-004
 2.179000e+001  2.465427e-004
 2.203750e+001  2.653335e-004
 2.228500e+001  2.523867e-004
 2.253250e+001  2.355553e-004
 2.278000e+001  2.928813e-004
 2.302750e+001  3.031539e-004
 2.327500e+001  2.724661e-004
 2.352250e+001  2.834199e-004
 2.377000e+001  2.913083e-004
 2.401750e+001  2.744462e-004
 2.426500e+001  3.113379e-004
 2.451250e+001  2.644507e-004
 2.476000e+001  2.799193e-004
 2.500750e+001  2.972392e-004
 2.525500e+001  2.775591e-004
 2.550250e+001  2.500186e-004
 2.575000e+001  2.731319e-004
 2.599750e+001  2.738296e-004
 2.624500e+001  2.633652e-004
 2.649250e+001  2.673518e-004
 2.674000e+001  2.743831e-004
 2.698750e+001  2.630071e-004
 2.723500e+001  2.272171e-004
 2.748250e+001  2.623007e-004
 2.773000e+001  2.808661e-004
 2.797750e+001  2.366113e-004
 2.822500e+001  2.400758e-004
 2.847250e+001  2.712438e-004
 2.872000e+001  2.904745e-004
 2.896750e+001  2.753176e-004
 2.921500e+001  2.826835e-004
 2.946250e+001  2.608042e-004
 2.971000e+001  2.552446e-004
 2.995750e+001  2.696283e-004
 3.020500e+001  2.524170e-004
 3.045250e+001  2.164918e-004
 3.070000e+001  2.032829e-004
 3.094750e+001  2.333374e-004
 3.119500e+001  2.608504e-004
 3.144250e+001  2.447668e-004
 3.169000e+001  2.343598e-004
 3.193750e+001  2.654625e-004
 3.218500e+001  2.313671e-004
 3.243250e+001  2.278783e-004
 3.268000e+001  2.224314e-004
 3.292750e+001  2.463888e-004
 3.317500e+001  2.363018e-004
 3.342250e+001  2.266480e-004
 3.367000e+001  2.470836e-004
 3.391750e+001  2.259021e-004
 3.416500e+001  2.058317e-004
 3.441250e+001  2.055781e-004
 3.466000e+001  2.021487e-004
 3.490750e+001  2.116286e-004
 3.515500e+001  1.976718e-004
 3.540250e+001  2.182001e-004
 3.565000e+001  2.743778e-004
 3.589750e+001  2.603628e-004
 3.614500e+001  2.111292e-004
 3.639250e+001  2.069442e-004
 3.664000e+001  2.042726e-004
 3.688750e+001  2.420716e-004
 3.713500e+001  2.340631e-004
 3.738250e+001  2.142577e-004
 3.763000e+001  1.951585e-004
 3.787750e+001  2.240755e-004
 3.812500e+001  2.239619e-004
 3.837250e+001  2.078460e-004
 3.862000e+001  2.137365e-004
 3.886750e+001  2.188189e-004
 3.911500e+001  1.845391e-004
 3.936250e+001  2.148902e-004
 3.961000e+001  2.294661e-004
 3.985750e+001  2.264119e-004
 4.010500e+001  1.727601e-004
 4.035250e+001  1.762257e-004
 4.060000e+001  1.723765e-004
 4.084750e+001  1.897577e-004
 4.109500e+001  2.329801e-004
 4.134250e+001  2.286125e-004
 4.159000e+001  1.936465e-004
 4.183750e+001  1.964243e-004
 4.208500e+001  2.298592e-004
 4.233250e+001  2.381743e-004
 4.258000e+001  2.200295e-004
 4.282750e+001  2.068679e-004
 4.307500e+001  2.125549e-004
 4.332250e+001  1.959174e-004
 4.357000e+001  1.805403e-004
 4.381750e+001  1.899125e-004
 4.406500e+001  2.223416e-004
 4.431250e+001  1.947336e-004
 4.456000e+001  2.122743e-004
 4.480750e+001  2.128302e-004
 4.505500e+001  2.113537e-004
 4.530250e+001  2.030534e-004
 4.555000e+001  1.840965e-004
 4.579750e+001  1.988086e-004
 4.604500e+001  1.875108e-004
 4.629250e+001  2.076028e-004
 4.654000e+001  2.078533e-004
 4.678750e+001  2.112446e-004
 4.703500e+001  2.132197e-004
 4.728250e+001  2.123800e-004
 4.753000e+001  2.108316e-004
 4.777750e+001  1.992727e-004
 4.802500e+001  2.056931e-004
 4.827250e+001  2.136705e-004
 4.852000e+001  1.984578e-004
 4.876750e+001  2.041164e-004
 4.901500e+001  1.971637e-004
 4.926250e+001  1.896224e-004
 4.951000e+001  1.743217e-004
 4.975750e+001  1.074802e-003
 5.000500e+001  1.773222e-003
 5.025250e+001  7.342585e-004
 5.050000e+001  2.080653e-004
 5.074750e+001  1.819474e-004
 5.099500e+001  1.978215e-004
 5.124250e+001  1.907368e-004
 5.149000e+001  1.782706e-004
 5.173750e+001  1.808764e-004
 5.198500e+001  1.604966e-004
 5.223250e+001  1.602506e-004
 5.248000e+001  1.695017e-004
 5.272750e+001  1.531449e-004
 5.297500e+001  1.563467e-004
 5.322250e+001  1.760708e-004
 5.347000e+001  1.705652e-004
 5.371750e+001  1.604034e-004
 5.396500e+001  1.639532e-004
 5.421250e+001  1.753634e-004
 5.446000e+001  1.826278e-004
 5.470750e+001  1.795290e-004
 5.495500e+001  1.693941e-004
 5.520250e+001  1.769646e-004
 5.545000e+001  1.723340e-004
 5.569750e+001  1.596612e-004
 5.594500e+001  1.554098e-004
 5.619250e+001  1.705990e-004
 5.644000e+001  1.801427e-004
 5.668750e+001  1.465208e-004
 5.693500e+001  1.575045e-004
 5.718250e+001  1.848954e-004
 5.743000e+001  1.796127e-004
 5.767750e+001  1.676396e-004
 5.792500e+001  1.671856e-004
 5.817250e+001  1.648735e-004
 5.842000e+001  1.873178e-004
 5.866750e+001  2.010533e-004
 5.891500e+001  1.766496e-004
 5.916250e+001  1.731148e-004
 5.941000e+001  1.725693e-004
 5.965750e+001  2.087286e-004
 5.990500e+001  3.409755e-004
 6.015250e+001  2.985029e-004
 6.040000e+001  1.748025e-004
 6.064750e+001  1.609731e-004
 6.089500e+001  1.461065e-004
 6.114250e+001  1.549830e-004
 6.139000e+001  1.681410e-004
 6.163750e+001  1.673570e-004
 6.188500e+001  1.465755e-004
 6.213250e+001  1.718752e-004
 6.238000e+001  1.620733e-004
 6.262750e+001  1.674065e-004
 6.287500e+001  1.503955e-004
 6.312250e+001  1.411534e-004
 6.337000e+001  1.681135e-004
 6.361750e+001  1.795311e-004
 6.386500e+001  1.737350e-004
 6.411250e+001  1.643698e-004
 6.436000e+001  1.478804e-004
 6.460750e+001  1.386525e-004
 6.485500e+001  1.495748e-004
 6.510250e+001  1.429338e-004
 6.535000e+001  1.368282e-004
 6.559750e+001  1.290138e-004
 6.584500e+001  1.637345e-004
 6.609250e+001  1.525556e-004
 6.634000e+001  1.357638e-004
 6.658750e+001  1.264231e-004
 6.683500e+001  1.468079e-004
 6.708250e+001  1.749379e-004
 6.733000e+001  1.286994e-004
 6.757750e+001  1.388164e-004
 6.782500e+001  1.583762e-004
 6.807250e+001  1.554068e-004
 6.832000e+001  1.528211e-004
 6.856750e+001  1.446314e-004
 6.881500e+001  1.592860e-004
 6.906250e+001  1.412475e-004
 6.931000e+001  1.424994e-004
 6.955750e+001  1.334612e-004
 6.980500e+001  1.501623e-004
 7.005250e+001  1.444984e-004
 7.030000e+001  1.580654e-004
 7.054750e+001  1.791341e-004
 7.079500e+001  1.356868e-004
 7.104250e+001  1.561633e-004
 7.129000e+001  1.497990e-004
 7.153750e+001  1.468908e-004
 7.178500e+001  1.386678e-004
 7.203250e+001  1.348956e-004
 7.228000e+001  1.416951e-004
 7.252750e+001  1.430295e-004
 7.277500e+001  1.387623e-004
 7.302250e+001  1.309547e-004
 7.327000e+001  1.262689e-004
 7.351750e+001  1.486705e-004
 7.376500e+001  1.523667e-004
 7.401250e+001  1.306246e-004
 7.426000e+001  1.460648e-004
 7.450750e+001  1.712037e-004
 7.475500e+001  1.745088e-004
 7.500250e+001  1.628848e-004
 7.525000e+001  1.378461e-004
 7.549750e+001  1.314040e-004
 7.574500e+001  1.300973e-004
 7.599250e+001  1.264389e-004
 7.624000e+001  1.492843e-004
 7.648750e+001  1.343750e-004
 7.673500e+001  1.361609e-004
 7.698250e+001  1.656417e-004
 7.723000e+001  1.623841e-004
 7.747750e+001  1.241971e-004
 7.772500e+001  1.235645e-004
 7.797250e+001  1.274324e-004
 7.822000e+001  1.330199e-004
 7.846750e+001  1.513540e-004
 7.871500e+001  1.384914e-004
 7.896250e+001  1.455369e-004
 7.921000e+001  1.582375e-004
 7.945750e+001  1.427929e-004
 7.970500e+001  1.413115e-004
 7.995250e+001  1.320351e-004
 8.020000e+001  1.343016e-004
 8.044750e+001  1.508596e-004
 8.069500e+001  1.604292e-004
 8.094250e+001  1.401934e-004
 8.119000e+001  1.413233e-004
 8.143750e+001  1.323430e-004
 8.168500e+001  1.347951e-004
 8.193250e+001  1.241965e-004
 8.218000e+001  1.342842e-004
 8.242750e+001  1.442110e-004
 8.267500e+001  1.212344e-004
 8.292250e+001  1.297935e-004
 8.317000e+001  1.352737e-004
 8.341750e+001  1.231989e-004
 8.366500e+001  1.190302e-004
 8.391250e+001  1.214760e-004
 8.416000e+001  1.346701e-004
 8.440750e+001  1.321213e-004
 8.465500e+001  1.295609e-004
 8.490250e+001  1.592686e-004
 8.515000e+001  1.601374e-004
 8.539750e+001  1.449725e-004
 8.564500e+001  1.249189e-004
 8.589250e+001  1.259164e-004
 8.614000e+001  1.441817e-004
 8.638750e+001  1.606900e-004
 8.663500e+001  1.459262e-004
 8.688250e+001  1.466915e-004
 8.713000e+001  1.309003e-004
 8.737750e+001  1.255621e-004
 8.762500e+001  1.488699e-004
 8.787250e+001  1.488074e-004
 8.812000e+001  1.301796e-004
 8.836750e+001  1.291751e-004
 8.861500e+001  1.227808e-004
 8.886250e+001  1.275901e-004
 8.911000e+001  1.410953e-004
 8.935750e+001  1.400833e-004
 8.960500e+001  1.317075e-004
 8.985250e+001  1.377308e-004
 9.010000e+001  1.527354e-004
 9.034750e+001  1.340936e-004
 9.059500e+001  1.333649e-004
 9.084250e+001  1.357767e-004
 9.109000e+001  1.166156e-004
 9.133750e+001  1.248992e-004
 9.158500e+001  1.138438e-004
 9.183250e+001  1.306877e-004
 9.208000e+001  1.290679e-004
 9.232750e+001  1.258653e-004
 9.257500e+001  1.492708e-004
 9.282250e+001  1.382018e-004
 9.307000e+001  1.355652e-004
 9.331750e+001  1.319268e-004
 9.356500e+001  1.273507e-004
 9.381250e+001  1.328595e-004
 9.406000e+001  1.312995e-004
 9.430750e+001  1.319686e-004
 9.455500e+001  1.358705e-004
 9.480250e+001  1.305008e-004
 9.505000e+001  1.224769e-004
 9.529750e+001  1.251807e-004
 9.554500e+001  1.022813e-004
 9.579250e+001  1.122918e-004
 9.604000e+001  1.264325e-004
 9.628750e+001  1.241114e-004
 9.653500e+001  1.294466e-004
 9.678250e+001  1.374911e-004
 9.703000e+001  1.256557e-004
 9.727750e+001  1.285409e-004
 9.752500e+001  1.448516e-004
 9.777250e+001  1.330903e-004
 9.802000e+001  1.339487e-004
 9.826750e+001  1.365540e-004
 9.851500e+001  1.099356e-004
 9.876250e+001  1.105585e-004
 9.901000e+001  1.216560e-004
 9.925750e+001  1.126038e-004
 9.950500e+001  1.422706e-004
 9.975250e+001  1.430868e-004
 1.000000e+002  1.440258e-004
