 1.000000e+001  5.628597e-005
 1.061875e+001  4.833769e-005
 1.123750e+001  4.828374e-005
 1.185625e+001  4.916431e-005
 1.247500e+001  4.825573e-005
 1.309375e+001  4.027273e-005
 1.371250e+001  3.282105e-005
 1.433125e+001  3.525005e-005
 1.495000e+001  3.800005e-005
 1.556875e+001  3.764430e-005
 1.618750e+001  3.855256e-005
 1.680625e+001  3.844108e-005
 1.742500e+001  3.749603e-005
 1.804375e+001  3.944911e-005
 1.866250e+001  3.614679e-005
 1.928125e+001  3.476845e-005
 1.990000e+001  3.396558e-005
 2.051875e+001  3.362743e-005
 2.113750e+001  3.126972e-005
 2.175625e+001  2.951995e-005
 2.237500e+001  2.638352e-005
 2.299375e+001  2.700125e-005
 2.361250e+001  2.847272e-005
 2.423125e+001  3.099820e-005
 2.485000e+001  3.191887e-005
 2.546875e+001  2.852851e-005
 2.608750e+001  2.704638e-005
 2.670625e+001  2.495758e-005
 2.732500e+001  2.616671e-005
 2.794375e+001  2.312678e-005
 2.856250e+001  2.619816e-005
 2.918125e+001  2.698946e-005
 2.980000e+001  2.718019e-005
 3.041875e+001  2.803373e-005
 3.103750e+001  2.956306e-005
 3.165625e+001  2.803917e-005
 3.227500e+001  2.398189e-005
 3.289375e+001  2.331838e-005
 3.351250e+001  2.320226e-005
 3.413125e+001  2.448141e-005
 3.475000e+001  2.427972e-005
 3.536875e+001  2.513412e-005
 3.598750e+001  2.316881e-005
 3.660625e+001  2.172410e-005
 3.722500e+001  2.421563e-005
 3.784375e+001  2.244750e-005
 3.846250e+001  2.599315e-005
 3.908125e+001  2.548256e-005
 3.970000e+001  2.400681e-005
 4.031875e+001  2.313104e-005
 4.093750e+001  2.712480e-005
 4.155625e+001  2.712532e-005
 4.217500e+001  2.029860e-005
 4.279375e+001  2.212917e-005
 4.341250e+001  2.199270e-005
 4.403125e+001  2.147410e-005
 4.465000e+001  2.232012e-005
 4.526875e+001  2.146552e-005
 4.588750e+001  2.058267e-005
 4.650625e+001  2.287502e-005
 4.712500e+001  2.389016e-005
 4.774375e+001  2.371663e-005
 4.836250e+001  2.849536e-005
 4.898125e+001  1.126868e-004
 4.960000e+001  7.198051e-004
 5.021875e+001  8.331216e-004
 5.083750e+001  2.146607e-004
 5.145625e+001  3.259901e-005
 5.207500e+001  2.311750e-005
 5.269375e+001  2.211932e-005
 5.331250e+001  2.111818e-005
 5.393125e+001  2.149878e-005
 5.455000e+001  2.024430e-005
 5.516875e+001  2.195926e-005
 5.578750e+001  1.970713e-005
 5.640625e+001  1.755442e-005
 5.702500e+001  1.846369e-005
 5.764375e+001  1.891867e-005
 5.826250e+001  2.082366e-005
 5.888125e+001  2.019491e-005
 5.950000e+001  1.436311e-004
 6.011875e+001  2.305787e-004
 6.073750e+001  9.177086e-005
 6.135625e+001  1.873224e-005
 6.197500e+001  1.741160e-005
 6.259375e+001  2.019388e-005
 6.321250e+001  2.132145e-005
 6.383125e+001  1.918590e-005
 6.445000e+001  1.937804e-005
 6.506875e+001  2.107219e-005
 6.568750e+001  2.023159e-005
 6.630625e+001  1.984700e-005
 6.692500e+001  1.794344e-005
 6.754375e+001  1.909984e-005
 6.816250e+001  1.876538e-005
 6.878125e+001  1.809590e-005
 6.940000e+001  1.866518e-005
 7.001875e+001  1.893434e-005
 7.063750e+001  1.835952e-005
 7.125625e+001  1.719315e-005
 7.187500e+001  1.837258e-005
 7.249375e+001  1.833697e-005
 7.311250e+001  1.551889e-005
 7.373125e+001  1.681473e-005
 7.435000e+001  1.717673e-005
 7.496875e+001  1.647222e-005
 7.558750e+001  1.565482e-005
 7.620625e+001  1.584772e-005
 7.682500e+001  1.667803e-005
 7.744375e+001  1.749480e-005
 7.806250e+001  1.862826e-005
 7.868125e+001  1.815518e-005
 7.930000e+001  1.733143e-005
 7.991875e+001  1.859989e-005
 8.053750e+001  1.849358e-005
 8.115625e+001  1.898669e-005
 8.177500e+001  2.207318e-005
 8.239375e+001  3.907818e-005
 8.301250e+001  3.027044e-005
 8.363125e+001  1.641878e-005
 8.425000e+001  1.795967e-005
 8.486875e+001  1.777555e-005
 8.548750e+001  1.946116e-005
 8.610625e+001  1.687999e-005
 8.672500e+001  1.628371e-005
 8.734375e+001  1.903111e-005
 8.796250e+001  1.904127e-005
 8.858125e+001  1.739597e-005
 8.920000e+001  1.736028e-005
 8.981875e+001  1.918499e-005
 9.043750e+001  1.874342e-005
 9.105625e+001  1.726727e-005
 9.167500e+001  1.699029e-005
 9.229375e+001  1.723428e-005
 9.291250e+001  1.640872e-005
 9.353125e+001  1.540794e-005
 9.415000e+001  1.620482e-005
 9.476875e+001  1.963147e-005
 9.538750e+001  1.800077e-005
 9.600625e+001  1.658475e-005
 9.662500e+001  1.636248e-005
 9.724375e+001  1.562080e-005
 9.786250e+001  1.751233e-005
 9.848125e+001  1.903339e-005
 9.910000e+001  1.883392e-005
 9.971875e+001  3.608657e-005
 1.003375e+002  3.036504e-005
 1.009563e+002  1.627826e-005
 1.015750e+002  1.805457e-005
 1.021938e+002  1.707589e-005
 1.028125e+002  1.738748e-005
 1.034313e+002  1.848626e-005
 1.040500e+002  1.756595e-005
 1.046688e+002  1.626254e-005
 1.052875e+002  1.587496e-005
 1.059063e+002  1.634059e-005
 1.065250e+002  1.610586e-005
 1.071438e+002  1.687239e-005
 1.077625e+002  1.582466e-005
 1.083813e+002  1.505455e-005
 1.090000e+002  1.410940e-005
 1.096188e+002  1.747480e-005
 1.102375e+002  1.930713e-005
 1.108563e+002  1.895411e-005
 1.114750e+002  1.811308e-005
 1.120938e+002  1.714739e-005
 1.127125e+002  1.673823e-005
 1.133313e+002  1.672789e-005
 1.139500e+002  1.725452e-005
 1.145688e+002  1.718383e-005
 1.151875e+002  1.735145e-005
 1.158063e+002  1.612829e-005
 1.164250e+002  1.657821e-005
 1.170438e+002  1.684324e-005
 1.176625e+002  1.629387e-005
 1.182813e+002  1.635228e-005
 1.189000e+002  1.627432e-005
 1.195188e+002  7.733651e-005
 1.201375e+002  1.228088e-004
 1.207563e+002  5.044332e-005
 1.213750e+002  1.981792e-005
 1.219938e+002  1.932498e-005
 1.226125e+002  1.588223e-005
 1.232313e+002  1.485855e-005
 1.238500e+002  1.607237e-005
 1.244688e+002  1.542067e-005
 1.250875e+002  1.504346e-005
 1.257063e+002  1.387500e-005
 1.263250e+002  1.484239e-005
 1.269438e+002  1.632883e-005
 1.275625e+002  1.705837e-005
 1.281813e+002  1.684172e-005
 1.288000e+002  1.401462e-005
 1.294188e+002  1.404348e-005
 1.300375e+002  1.417933e-005
 1.306563e+002  1.587852e-005
 1.312750e+002  1.376814e-005
 1.318938e+002  1.314584e-005
 1.325125e+002  1.548118e-005
 1.331313e+002  1.522297e-005
 1.337500e+002  1.487955e-005
 1.343688e+002  1.369843e-005
 1.349875e+002  1.422452e-005
 1.356063e+002  1.571408e-005
 1.362250e+002  1.601586e-005
 1.368438e+002  1.539402e-005
 1.374625e+002  1.551008e-005
 1.380813e+002  1.487072e-005
 1.387000e+002  1.421537e-005
 1.393188e+002  1.506319e-005
 1.399375e+002  1.546646e-005
 1.405563e+002  1.518405e-005
 1.411750e+002  1.494218e-005
 1.417938e+002  1.646736e-005
 1.424125e+002  1.590782e-005
 1.430313e+002  1.390193e-005
 1.436500e+002  1.508138e-005
 1.442688e+002  1.526600e-005
 1.448875e+002  1.548707e-005
 1.455063e+002  1.443727e-005
 1.461250e+002  1.554470e-005
 1.467438e+002  1.419574e-005
 1.473625e+002  1.478057e-005
 1.479813e+002  1.656397e-005
 1.486000e+002  2.688694e-005
 1.492188e+002  4.419145e-004
 1.498375e+002  1.121764e-003
 1.504563e+002  7.004239e-004
 1.510750e+002  4.088023e-005
 1.516938e+002  1.836059e-005
 1.523125e+002  1.625474e-005
 1.529313e+002  1.621599e-005
 1.535500e+002  1.567667e-005
 1.541688e+002  1.637089e-005
 1.547875e+002  1.621307e-005
 1.554063e+002  1.779214e-005
 1.560250e+002  1.638697e-005
 1.566438e+002  1.492556e-005
 1.572625e+002  1.552187e-005
 1.578813e+002  1.533779e-005
 1.585000e+002  1.586667e-005
 1.591188e+002  1.502700e-005
 1.597375e+002  1.438263e-005
 1.603563e+002  1.512782e-005
 1.609750e+002  1.413484e-005
 1.615938e+002  1.528291e-005
 1.622125e+002  1.494858e-005
 1.628313e+002  1.476933e-005
 1.634500e+002  1.456565e-005
 1.640688e+002  1.379011e-005
 1.646875e+002  1.580696e-005
 1.653063e+002  1.653697e-005
 1.659250e+002  1.565925e-005
 1.665438e+002  1.562529e-005
 1.671625e+002  1.631218e-005
 1.677813e+002  1.659493e-005
 1.684000e+002  1.563165e-005
 1.690188e+002  1.459969e-005
 1.696375e+002  1.151514e-005
 1.702563e+002  1.459481e-005
 1.708750e+002  1.676122e-005
 1.714938e+002  1.634107e-005
 1.721125e+002  1.585538e-005
 1.727313e+002  1.464883e-005
 1.733500e+002  1.395874e-005
 1.739688e+002  1.454260e-005
 1.745875e+002  1.477114e-005
 1.752063e+002  1.384104e-005
 1.758250e+002  1.531417e-005
 1.764438e+002  1.504528e-005
 1.770625e+002  1.243305e-005
 1.776813e+002  1.313125e-005
 1.783000e+002  1.462978e-005
 1.789188e+002  1.512735e-005
 1.795375e+002  5.690067e-005
 1.801563e+002  9.119944e-005
 1.807750e+002  4.002014e-005
 1.813938e+002  1.470818e-005
 1.820125e+002  1.494926e-005
 1.826313e+002  1.514098e-005
 1.832500e+002  1.482973e-005
 1.838688e+002  1.469250e-005
 1.844875e+002  1.295062e-005
 1.851063e+002  1.420927e-005
 1.857250e+002  1.541611e-005
 1.863438e+002  1.517712e-005
 1.869625e+002  1.430013e-005
 1.875813e+002  1.577459e-005
 1.882000e+002  1.565010e-005
 1.888188e+002  1.513442e-005
 1.894375e+002  1.347503e-005
 1.900563e+002  1.419657e-005
 1.906750e+002  1.398226e-005
 1.912938e+002  1.272573e-005
 1.919125e+002  1.006642e-005
 1.925313e+002  1.462458e-005
 1.931500e+002  1.460342e-005
 1.937688e+002  1.236308e-005
 1.943875e+002  1.328305e-005
 1.950063e+002  1.342536e-005
 1.956250e+002  1.535708e-005
 1.962438e+002  1.503537e-005
 1.968625e+002  1.159321e-005
 1.974813e+002  1.266544e-005
 1.981000e+002  1.415999e-005
 1.987188e+002  1.449052e-005
 1.993375e+002  1.992505e-005
 1.999563e+002  2.770588e-005
 2.005750e+002  1.709485e-005
 2.011938e+002  1.315032e-005
 2.018125e+002  1.386563e-005
 2.024313e+002  1.403766e-005
 2.030500e+002  1.580420e-005
 2.036688e+002  1.536369e-005
 2.042875e+002  1.511514e-005
 2.049063e+002  1.690127e-005
 2.055250e+002  1.656485e-005
 2.061438e+002  1.710383e-005
 2.067625e+002  1.722550e-005
 2.073813e+002  1.663262e-005
 2.080000e+002  1.483079e-005
 2.086188e+002  1.544792e-005
 2.092375e+002  1.478292e-005
 2.098563e+002  1.556151e-005
 2.104750e+002  1.606214e-005
 2.110938e+002  1.577780e-005
 2.117125e+002  1.378154e-005
 2.123313e+002  1.341927e-005
 2.129500e+002  1.459009e-005
 2.135688e+002  1.405104e-005
 2.141875e+002  1.368937e-005
 2.148063e+002  1.437929e-005
 2.154250e+002  1.489360e-005
 2.160438e+002  1.420061e-005
 2.166625e+002  1.557254e-005
 2.172813e+002  1.636890e-005
 2.179000e+002  1.433317e-005
 2.185188e+002  1.474772e-005
 2.191375e+002  1.497684e-005
 2.197563e+002  1.570425e-005
 2.203750e+002  1.495355e-005
 2.209938e+002  1.488557e-005
 2.216125e+002  1.380046e-005
 2.222313e+002  1.273475e-005
 2.228500e+002  1.317425e-005
 2.234688e+002  1.444075e-005
 2.240875e+002  1.250271e-005
 2.247063e+002  1.403280e-005
 2.253250e+002  1.525516e-005
 2.259438e+002  1.614255e-005
 2.265625e+002  1.568613e-005
 2.271813e+002  1.336718e-005
 2.278000e+002  1.448914e-005
 2.284188e+002  1.356289e-005
 2.290375e+002  1.431245e-005
 2.296563e+002  1.475643e-005
 2.302750e+002  1.332937e-005
 2.308938e+002  1.461356e-005
 2.315125e+002  1.533923e-005
 2.321313e+002  1.370529e-005
 2.327500e+002  1.309559e-005
 2.333688e+002  1.440682e-005
 2.339875e+002  1.403666e-005
 2.346063e+002  1.375297e-005
 2.352250e+002  1.400988e-005
 2.358438e+002  1.370256e-005
 2.364625e+002  1.352851e-005
 2.370813e+002  1.229216e-005
 2.377000e+002  1.189027e-005
 2.383188e+002  1.235494e-005
 2.389375e+002  1.486747e-005
 2.395563e+002  4.808930e-005
 2.401750e+002  7.710848e-005
 2.407938e+002  3.338540e-005
 2.414125e+002  1.431865e-005
 2.420313e+002  1.517799e-005
 2.426500e+002  1.380730e-005
 2.432688e+002  1.372601e-005
 2.438875e+002  1.354935e-005
 2.445063e+002  1.406289e-005
 2.451250e+002  1.264427e-005
 2.457438e+002  1.260592e-005
 2.463625e+002  1.458610e-005
 2.469813e+002  1.349658e-005
 2.476000e+002  1.379775e-005
 2.482188e+002  1.310459e-005
 2.488375e+002  2.933233e-005
 2.494563e+002  2.317836e-004
 2.500750e+002  3.023416e-004
 2.506938e+002  9.351815e-005
 2.513125e+002  1.651338e-005
 2.519313e+002  1.323509e-005
 2.525500e+002  1.450876e-005
 2.531688e+002  1.248744e-005
 2.537875e+002  1.072877e-005
 2.544063e+002  1.249306e-005
 2.550250e+002  1.486267e-005
 2.556438e+002  1.628668e-005
 2.562625e+002  1.434013e-005
 2.568813e+002  1.284887e-005
 2.575000e+002  1.286987e-005
 2.581188e+002  1.191657e-005
 2.587375e+002  1.304390e-005
 2.593563e+002  1.414966e-005
 2.599750e+002  1.441227e-005
 2.605938e+002  1.333673e-005
 2.612125e+002  1.438973e-005
 2.618313e+002  1.439030e-005
 2.624500e+002  1.534184e-005
 2.630688e+002  1.457004e-005
 2.636875e+002  1.360878e-005
 2.643063e+002  1.491281e-005
 2.649250e+002  1.560027e-005
 2.655438e+002  1.419045e-005
 2.661625e+002  1.360143e-005
 2.667813e+002  1.406442e-005
 2.674000e+002  1.478621e-005
 2.680188e+002  1.516977e-005
 2.686375e+002  1.511438e-005
 2.692563e+002  1.554747e-005
 2.698750e+002  1.427704e-005
 2.704938e+002  1.336880e-005
 2.711125e+002  1.403626e-005
 2.717313e+002  1.623505e-005
 2.723500e+002  1.589965e-005
 2.729688e+002  1.375420e-005
 2.735875e+002  1.344211e-005
 2.742063e+002  1.261079e-005
 2.748250e+002  1.271383e-005
 2.754438e+002  1.468070e-005
 2.760625e+002  1.415954e-005
 2.766813e+002  1.351008e-005
 2.773000e+002  1.329865e-005
 2.779188e+002  1.381183e-005
 2.785375e+002  1.377972e-005
 2.791563e+002  1.354915e-005
 2.797750e+002  1.371346e-005
 2.803938e+002  1.215533e-005
 2.810125e+002  1.341210e-005
 2.816313e+002  1.502889e-005
 2.822500e+002  1.536081e-005
 2.828688e+002  1.363586e-005
 2.834875e+002  1.234205e-005
 2.841063e+002  1.283713e-005
 2.847250e+002  1.319053e-005
 2.853438e+002  1.321877e-005
 2.859625e+002  1.336771e-005
 2.865813e+002  1.419314e-005
 2.872000e+002  1.534750e-005
 2.878188e+002  1.326749e-005
 2.884375e+002  1.237512e-005
 2.890563e+002  1.424996e-005
 2.896750e+002  1.571102e-005
 2.902938e+002  1.606167e-005
 2.909125e+002  1.538744e-005
 2.915313e+002  1.429338e-005
 2.921500e+002  1.315640e-005
 2.927688e+002  1.182154e-005
 2.933875e+002  1.434764e-005
 2.940063e+002  1.349682e-005
 2.946250e+002  1.436423e-005
 2.952438e+002  1.487265e-005
 2.958625e+002  1.254841e-005
 2.964813e+002  1.246128e-005
 2.971000e+002  1.357266e-005
 2.977188e+002  1.344062e-005
 2.983375e+002  1.325930e-005
 2.989563e+002  1.460060e-005
 2.995750e+002  4.340354e-005
 3.001938e+002  7.139991e-005
 3.008125e+002  3.191844e-005
 3.014313e+002  1.318865e-005
 3.020500e+002  1.307114e-005
 3.026688e+002  1.302326e-005
 3.032875e+002  1.438116e-005
 3.039063e+002  1.509513e-005
 3.045250e+002  1.499797e-005
 3.051438e+002  1.581889e-005
 3.057625e+002  1.507326e-005
 3.063813e+002  1.328022e-005
 3.070000e+002  1.428853e-005
 3.076188e+002  1.443943e-005
 3.082375e+002  1.268058e-005
 3.088563e+002  1.241939e-005
 3.094750e+002  1.430129e-005
 3.100938e+002  1.278574e-005
 3.107125e+002  1.267254e-005
 3.113313e+002  1.414090e-005
 3.119500e+002  1.425368e-005
 3.125688e+002  1.433856e-005
 3.131875e+002  1.262382e-005
 3.138063e+002  1.251511e-005
 3.144250e+002  1.298406e-005
 3.150437e+002  1.281948e-005
 3.156625e+002  1.170374e-005
 3.162812e+002  1.299773e-005
 3.169000e+002  1.511007e-005
 3.175187e+002  1.539220e-005
 3.181375e+002  1.311529e-005
 3.187562e+002  1.183949e-005
 3.193750e+002  1.196033e-005
 3.199937e+002  1.409633e-005
 3.206125e+002  1.432623e-005
 3.212312e+002  1.440501e-005
 3.218500e+002  1.395875e-005
 3.224687e+002  1.426754e-005
 3.230875e+002  1.427779e-005
 3.237062e+002  1.357142e-005
 3.243250e+002  1.304186e-005
 3.249437e+002  1.262221e-005
 3.255625e+002  1.307664e-005
 3.261812e+002  1.365992e-005
 3.268000e+002  1.274485e-005
 3.274187e+002  1.325971e-005
 3.280375e+002  1.303525e-005
 3.286562e+002  1.376706e-005
 3.292750e+002  1.212967e-005
 3.298937e+002  1.244954e-005
 3.305125e+002  1.459642e-005
 3.311312e+002  1.287751e-005
 3.317500e+002  1.186277e-005
 3.323687e+002  1.390983e-005
 3.329875e+002  1.362328e-005
 3.336062e+002  1.342061e-005
 3.342250e+002  1.307751e-005
 3.348437e+002  1.258570e-005
 3.354625e+002  1.197661e-005
 3.360812e+002  1.255816e-005
 3.367000e+002  1.269997e-005
 3.373187e+002  1.306642e-005
 3.379375e+002  1.352469e-005
 3.385562e+002  1.229747e-005
 3.391750e+002  1.293056e-005
 3.397937e+002  1.420203e-005
 3.404125e+002  1.374147e-005
 3.410312e+002  1.207700e-005
 3.416500e+002  1.134386e-005
 3.422687e+002  1.378519e-005
 3.428875e+002  1.389807e-005
 3.435062e+002  1.346081e-005
 3.441250e+002  1.348151e-005
 3.447437e+002  1.389597e-005
 3.453625e+002  1.393498e-005
 3.459812e+002  1.351855e-005
 3.466000e+002  1.362706e-005
 3.472187e+002  1.340551e-005
 3.478375e+002  1.236577e-005
 3.484562e+002  1.327357e-005
 3.490750e+002  4.600113e-005
 3.496937e+002  1.322071e-004
 3.503125e+002  9.415898e-005
 3.509312e+002  1.566576e-005
 3.515500e+002  1.330854e-005
 3.521687e+002  1.337759e-005
 3.527875e+002  1.210327e-005
 3.534062e+002  1.154407e-005
 3.540250e+002  1.287612e-005
 3.546437e+002  1.465100e-005
 3.552625e+002  1.341483e-005
 3.558812e+002  1.269442e-005
 3.565000e+002  1.139504e-005
 3.571187e+002  1.230575e-005
 3.577375e+002  1.232848e-005
 3.583562e+002  1.222687e-005
 3.589750e+002  1.336156e-005
 3.595937e+002  4.149957e-005
 3.602125e+002  6.511697e-005
 3.608312e+002  2.920857e-005
 3.614500e+002  1.293278e-005
 3.620687e+002  1.324441e-005
 3.626875e+002  1.226839e-005
 3.633062e+002  1.211617e-005
 3.639250e+002  1.306283e-005
 3.645437e+002  1.442173e-005
 3.651625e+002  1.420455e-005
 3.657812e+002  1.453319e-005
 3.664000e+002  1.268345e-005
 3.670187e+002  1.266473e-005
 3.676375e+002  1.341143e-005
 3.682562e+002  1.448502e-005
 3.688750e+002  1.532073e-005
 3.694937e+002  1.336638e-005
 3.701125e+002  1.306716e-005
 3.707312e+002  1.377945e-005
 3.713500e+002  1.374339e-005
 3.719687e+002  1.519173e-005
 3.725875e+002  1.461591e-005
 3.732062e+002  1.371086e-005
 3.738250e+002  1.431669e-005
 3.744437e+002  1.387851e-005
 3.750625e+002  1.428632e-005
 3.756812e+002  1.487650e-005
 3.763000e+002  1.405512e-005
 3.769187e+002  1.311513e-005
 3.775375e+002  1.345186e-005
 3.781562e+002  1.388234e-005
 3.787750e+002  1.543557e-005
 3.793937e+002  1.319367e-005
 3.800125e+002  1.236937e-005
 3.806312e+002  1.324771e-005
 3.812500e+002  1.457523e-005
 3.818687e+002  1.390032e-005
 3.824875e+002  1.453349e-005
 3.831062e+002  1.304705e-005
 3.837250e+002  1.159145e-005
 3.843437e+002  1.256162e-005
 3.849625e+002  1.260290e-005
 3.855812e+002  1.327837e-005
 3.862000e+002  1.319824e-005
 3.868187e+002  1.242471e-005
 3.874375e+002  1.374328e-005
 3.880562e+002  1.462356e-005
 3.886750e+002  1.430452e-005
 3.892937e+002  1.335250e-005
 3.899125e+002  1.276945e-005
 3.905312e+002  1.150979e-005
 3.911500e+002  1.251671e-005
 3.917687e+002  1.260158e-005
 3.923875e+002  1.370329e-005
 3.930062e+002  1.306743e-005
 3.936250e+002  1.236422e-005
 3.942437e+002  1.321720e-005
 3.948625e+002  1.255858e-005
 3.954812e+002  1.171373e-005
 3.961000e+002  1.365814e-005
 3.967187e+002  1.595202e-005
 3.973375e+002  1.403278e-005
 3.979562e+002  1.329752e-005
 3.985750e+002  1.310340e-005
 3.991937e+002  1.197279e-005
 3.998125e+002  1.307206e-005
 4.004312e+002  1.273892e-005
 4.010500e+002  1.182235e-005
 4.016687e+002  1.207693e-005
 4.022875e+002  1.175235e-005
 4.029062e+002  1.460172e-005
 4.035250e+002  1.552082e-005
 4.041437e+002  1.376265e-005
 4.047625e+002  1.167381e-005
 4.053812e+002  1.263828e-005
 4.060000e+002  1.402850e-005
 4.066187e+002  1.421522e-005
 4.072375e+002  1.492819e-005
 4.078562e+002  1.203285e-005
 4.084750e+002  1.147824e-005
 4.090937e+002  1.275972e-005
 4.097125e+002  1.317150e-005
 4.103312e+002  1.285056e-005
 4.109500e+002  1.265753e-005
 4.115687e+002  1.260486e-005
 4.121875e+002  1.256977e-005
 4.128062e+002  1.279831e-005
 4.134250e+002  1.262410e-005
 4.140437e+002  1.380054e-005
 4.146625e+002  1.408562e-005
 4.152812e+002  1.389884e-005
 4.159000e+002  1.342148e-005
 4.165187e+002  1.339808e-005
 4.171375e+002  1.260642e-005
 4.177562e+002  1.318279e-005
 4.183750e+002  1.172714e-005
 4.189937e+002  1.346912e-005
 4.196125e+002  4.186560e-005
 4.202312e+002  6.745846e-005
 4.208500e+002  3.146104e-005
 4.214687e+002  1.303038e-005
 4.220875e+002  1.274610e-005
 4.227062e+002  1.324711e-005
 4.233250e+002  1.412019e-005
 4.239437e+002  1.519429e-005
 4.245625e+002  1.360349e-005
 4.251812e+002  1.140089e-005
 4.258000e+002  9.413677e-006
 4.264187e+002  1.146543e-005
 4.270375e+002  1.143082e-005
 4.276562e+002  1.142588e-005
 4.282750e+002  1.241136e-005
 4.288937e+002  1.203188e-005
 4.295125e+002  1.340854e-005
 4.301312e+002  1.312853e-005
 4.307500e+002  1.377708e-005
 4.313687e+002  1.252639e-005
 4.319875e+002  1.160281e-005
 4.326062e+002  1.210268e-005
 4.332250e+002  1.333517e-005
 4.338437e+002  1.345469e-005
 4.344625e+002  1.333106e-005
 4.350812e+002  1.318562e-005
 4.357000e+002  1.385813e-005
 4.363187e+002  1.296364e-005
 4.369375e+002  1.190312e-005
 4.375562e+002  1.268527e-005
 4.381750e+002  1.339955e-005
 4.387937e+002  1.241544e-005
 4.394125e+002  1.268527e-005
 4.400312e+002  1.233153e-005
 4.406500e+002  1.168077e-005
 4.412687e+002  1.120369e-005
 4.418875e+002  1.300477e-005
 4.425062e+002  1.183258e-005
 4.431250e+002  1.119395e-005
 4.437437e+002  1.146914e-005
 4.443625e+002  1.161796e-005
 4.449812e+002  1.331458e-005
 4.456000e+002  1.400643e-005
 4.462187e+002  1.449425e-005
 4.468375e+002  1.385286e-005
 4.474562e+002  1.298523e-005
 4.480750e+002  1.239026e-005
 4.486937e+002  1.691548e-005
 4.493125e+002  1.555018e-004
 4.499312e+002  2.286920e-004
 4.505500e+002  8.319566e-005
 4.511687e+002  1.412735e-005
 4.517875e+002  1.295324e-005
 4.524062e+002  1.342685e-005
 4.530250e+002  1.279586e-005
 4.536437e+002  1.252659e-005
 4.542625e+002  1.252366e-005
 4.548812e+002  1.266404e-005
 4.555000e+002  1.262267e-005
 4.561187e+002  1.145323e-005
 4.567375e+002  1.114326e-005
 4.573562e+002  1.160255e-005
 4.579750e+002  1.243312e-005
 4.585937e+002  1.119897e-005
 4.592125e+002  1.201064e-005
 4.598312e+002  1.385466e-005
 4.604500e+002  1.323926e-005
 4.610687e+002  1.193447e-005
 4.616875e+002  1.346176e-005
 4.623062e+002  1.292727e-005
 4.629250e+002  1.265626e-005
 4.635437e+002  1.251267e-005
 4.641625e+002  1.277479e-005
 4.647812e+002  1.109124e-005
 4.654000e+002  1.357241e-005
 4.660187e+002  1.292021e-005
 4.666375e+002  1.302005e-005
 4.672562e+002  1.295157e-005
 4.678750e+002  1.285140e-005
 4.684937e+002  1.277552e-005
 4.691125e+002  1.188583e-005
 4.697312e+002  1.174666e-005
 4.703500e+002  1.377679e-005
 4.709687e+002  1.305676e-005
 4.715875e+002  1.171666e-005
 4.722062e+002  1.219405e-005
 4.728250e+002  1.118154e-005
 4.734437e+002  1.064859e-005
 4.740625e+002  1.219532e-005
 4.746812e+002  1.219332e-005
 4.753000e+002  1.203634e-005
 4.759187e+002  1.204944e-005
 4.765375e+002  1.318353e-005
 4.771562e+002  1.274860e-005
 4.777750e+002  1.140358e-005
 4.783937e+002  1.187694e-005
 4.790125e+002  1.231874e-005
 4.796312e+002  4.139661e-005
 4.802500e+002  6.760162e-005
 4.808687e+002  3.109494e-005
 4.814875e+002  1.271248e-005
 4.821062e+002  1.278699e-005
 4.827250e+002  1.059928e-005
 4.833437e+002  1.186619e-005
 4.839625e+002  1.278782e-005
 4.845812e+002  1.070850e-005
 4.852000e+002  1.134984e-005
 4.858187e+002  1.298919e-005
 4.864375e+002  1.193042e-005
 4.870562e+002  1.302913e-005
 4.876750e+002  1.203140e-005
 4.882937e+002  1.173204e-005
 4.889125e+002  1.296049e-005
 4.895312e+002  1.227286e-005
 4.901500e+002  1.135536e-005
 4.907687e+002  1.295263e-005
 4.913875e+002  1.361114e-005
 4.920062e+002  1.443123e-005
 4.926250e+002  1.399746e-005
 4.932437e+002  1.318423e-005
 4.938625e+002  1.181211e-005
 4.944812e+002  1.213529e-005
 4.951000e+002  1.228655e-005
 4.957187e+002  1.110112e-005
 4.963375e+002  1.244122e-005
 4.969562e+002  1.424828e-005
 4.975750e+002  1.251381e-005
 4.981937e+002  1.225199e-005
 4.988125e+002  1.245064e-005
 4.994312e+002  1.280773e-005
 5.000500e+002  1.342112e-005
 5.006687e+002  1.308102e-005
 5.012875e+002  1.293589e-005
 5.019062e+002  1.201230e-005
 5.025250e+002  1.153955e-005
 5.031437e+002  1.161817e-005
 5.037625e+002  1.302564e-005
 5.043812e+002  1.233214e-005
 5.050000e+002  1.368288e-005
 5.056187e+002  1.383435e-005
 5.062375e+002  1.252168e-005
 5.068562e+002  1.220719e-005
 5.074750e+002  1.504620e-005
 5.080937e+002  1.413526e-005
 5.087125e+002  1.278969e-005
 5.093312e+002  1.201354e-005
 5.099500e+002  1.100722e-005
 5.105687e+002  1.209606e-005
 5.111875e+002  1.225809e-005
 5.118062e+002  1.363127e-005
 5.124250e+002  1.361444e-005
 5.130437e+002  1.354757e-005
 5.136625e+002  1.218987e-005
 5.142812e+002  1.270530e-005
 5.149000e+002  1.256812e-005
 5.155187e+002  1.076628e-005
 5.161375e+002  1.215490e-005
 5.167562e+002  1.189472e-005
 5.173750e+002  1.290952e-005
 5.179937e+002  1.229420e-005
 5.186125e+002  1.234251e-005
 5.192312e+002  1.246829e-005
 5.198500e+002  1.359052e-005
 5.204687e+002  1.191211e-005
 5.210875e+002  1.197900e-005
 5.217062e+002  1.299721e-005
 5.223250e+002  1.249194e-005
 5.229437e+002  1.239299e-005
 5.235625e+002  1.236470e-005
 5.241812e+002  1.311989e-005
 5.248000e+002  1.240693e-005
 5.254187e+002  1.203649e-005
 5.260375e+002  1.231991e-005
 5.266562e+002  1.266287e-005
 5.272750e+002  1.435389e-005
 5.278937e+002  1.348609e-005
 5.285125e+002  1.390212e-005
 5.291312e+002  1.365485e-005
 5.297500e+002  1.300946e-005
 5.303687e+002  1.242430e-005
 5.309875e+002  1.386127e-005
 5.316062e+002  1.321587e-005
 5.322250e+002  1.267391e-005
 5.328437e+002  1.216790e-005
 5.334625e+002  1.188528e-005
 5.340812e+002  1.196874e-005
 5.347000e+002  1.327371e-005
 5.353187e+002  1.302204e-005
 5.359375e+002  1.358405e-005
 5.365562e+002  1.358263e-005
 5.371750e+002  1.358324e-005
 5.377937e+002  1.261578e-005
 5.384125e+002  1.223459e-005
 5.390312e+002  1.267607e-005
 5.396500e+002  3.915969e-005
 5.402687e+002  6.382332e-005
 5.408875e+002  2.917345e-005
 5.415062e+002  1.257984e-005
 5.421250e+002  1.158778e-005
 5.427437e+002  1.129255e-005
 5.433625e+002  1.059817e-005
 5.439812e+002  1.100147e-005
 5.446000e+002  1.191330e-005
 5.452187e+002  1.242506e-005
 5.458375e+002  1.195924e-005
 5.464562e+002  1.337482e-005
 5.470750e+002  1.247093e-005
 5.476937e+002  1.366243e-005
 5.483125e+002  1.368268e-005
 5.489312e+002  3.542361e-005
 5.495500e+002  1.147302e-004
 5.501687e+002  9.237302e-005
 5.507875e+002  1.579921e-005
 5.514062e+002  1.322348e-005
 5.520250e+002  1.305011e-005
 5.526437e+002  1.220186e-005
 5.532625e+002  1.249988e-005
 5.538812e+002  1.274058e-005
 5.545000e+002  1.198025e-005
 5.551187e+002  1.073575e-005
 5.557375e+002  1.064835e-005
 5.563562e+002  1.156200e-005
 5.569750e+002  1.114809e-005
 5.575937e+002  1.196938e-005
 5.582125e+002  1.217625e-005
 5.588312e+002  1.176446e-005
 5.594500e+002  1.359435e-005
 5.600687e+002  1.205733e-005
 5.606875e+002  1.307630e-005
 5.613062e+002  1.167559e-005
 5.619250e+002  1.348974e-005
 5.625437e+002  1.517403e-005
 5.631625e+002  1.532460e-005
 5.637812e+002  1.219770e-005
 5.644000e+002  1.218713e-005
 5.650187e+002  1.248359e-005
 5.656375e+002  1.109270e-005
 5.662562e+002  1.185237e-005
 5.668750e+002  1.298931e-005
 5.674937e+002  1.337162e-005
 5.681125e+002  1.316322e-005
 5.687312e+002  1.293476e-005
 5.693500e+002  1.312872e-005
 5.699687e+002  1.188697e-005
 5.705875e+002  1.196258e-005
 5.712062e+002  1.431031e-005
 5.718250e+002  1.316266e-005
 5.724437e+002  1.356516e-005
 5.730625e+002  1.292872e-005
 5.736812e+002  1.342007e-005
 5.743000e+002  1.338204e-005
 5.749187e+002  1.395667e-005
 5.755375e+002  1.309394e-005
 5.761562e+002  1.224361e-005
 5.767750e+002  1.298399e-005
 5.773937e+002  1.430335e-005
 5.780125e+002  1.418254e-005
 5.786312e+002  1.258978e-005
 5.792500e+002  1.197321e-005
 5.798687e+002  1.217767e-005
 5.804875e+002  1.542859e-005
 5.811062e+002  1.449602e-005
 5.817250e+002  1.231563e-005
 5.823437e+002  1.164635e-005
 5.829625e+002  1.323819e-005
 5.835812e+002  1.448602e-005
 5.842000e+002  1.324392e-005
 5.848187e+002  1.227004e-005
 5.854375e+002  1.156071e-005
 5.860562e+002  1.201777e-005
 5.866750e+002  1.274546e-005
 5.872937e+002  1.102439e-005
 5.879125e+002  1.236375e-005
 5.885312e+002  1.348627e-005
 5.891500e+002  1.320574e-005
 5.897687e+002  1.367567e-005
 5.903875e+002  1.238231e-005
 5.910062e+002  1.228358e-005
 5.916250e+002  1.203106e-005
 5.922437e+002  1.087821e-005
 5.928625e+002  1.157307e-005
 5.934812e+002  1.121231e-005
 5.941000e+002  1.071468e-005
 5.947187e+002  1.242001e-005
 5.953375e+002  1.345987e-005
 5.959562e+002  1.125092e-005
 5.965750e+002  1.098559e-005
 5.971937e+002  1.126217e-005
 5.978125e+002  1.216592e-005
 5.984312e+002  1.261444e-005
 5.990500e+002  1.306198e-005
 5.996687e+002  3.604467e-005
 6.002875e+002  6.167251e-005
 6.009062e+002  2.945998e-005
 6.015250e+002  1.282634e-005
 6.021437e+002  1.244512e-005
 6.027625e+002  1.306785e-005
 6.033812e+002  1.353894e-005
 6.040000e+002  1.282948e-005
 6.046187e+002  1.252598e-005
 6.052375e+002  1.199693e-005
 6.058562e+002  1.415150e-005
 6.064750e+002  1.291017e-005
 6.070937e+002  1.098511e-005
 6.077125e+002  1.173553e-005
 6.083312e+002  1.106689e-005
 6.089500e+002  1.175172e-005
 6.095687e+002  1.153278e-005
 6.101875e+002  1.219735e-005
 6.108062e+002  1.311736e-005
 6.114250e+002  1.065381e-005
 6.120437e+002  1.238674e-005
 6.126625e+002  1.299047e-005
 6.132812e+002  1.214509e-005
 6.139000e+002  1.119552e-005
 6.145187e+002  1.196929e-005
 6.151375e+002  1.114269e-005
 6.157562e+002  1.168195e-005
 6.163750e+002  1.217858e-005
 6.169937e+002  1.327989e-005
 6.176125e+002  1.300418e-005
 6.182312e+002  1.231207e-005
 6.188500e+002  1.368245e-005
 6.194687e+002  1.266413e-005
 6.200875e+002  1.157671e-005
 6.207062e+002  1.193994e-005
 6.213250e+002  1.237196e-005
 6.219437e+002  1.282112e-005
 6.225625e+002  1.204221e-005
 6.231812e+002  1.204287e-005
 6.238000e+002  1.277945e-005
 6.244187e+002  1.277898e-005
 6.250375e+002  1.170925e-005
 6.256562e+002  1.111497e-005
 6.262750e+002  1.246256e-005
 6.268937e+002  1.183481e-005
 6.275125e+002  1.166897e-005
 6.281312e+002  1.320386e-005
 6.287500e+002  1.214696e-005
 6.293687e+002  1.174443e-005
 6.299875e+002  1.223106e-005
 6.306062e+002  1.301656e-005
 6.312250e+002  1.233981e-005
 6.318437e+002  1.267899e-005
 6.324625e+002  1.192608e-005
 6.330812e+002  1.210905e-005
 6.337000e+002  1.281580e-005
 6.343187e+002  1.251383e-005
 6.349375e+002  1.359180e-005
 6.355562e+002  1.184304e-005
 6.361750e+002  1.091662e-005
 6.367937e+002  1.239065e-005
 6.374125e+002  1.226715e-005
 6.380312e+002  1.360589e-005
 6.386500e+002  1.349961e-005
 6.392687e+002  1.092677e-005
 6.398875e+002  1.131515e-005
 6.405062e+002  1.253497e-005
 6.411250e+002  1.250495e-005
 6.417437e+002  1.264409e-005
 6.423625e+002  1.276353e-005
 6.429812e+002  1.083423e-005
 6.436000e+002  1.151836e-005
 6.442187e+002  1.123772e-005
 6.448375e+002  1.125644e-005
 6.454562e+002  1.213832e-005
 6.460750e+002  1.220325e-005
 6.466937e+002  1.098940e-005
 6.473125e+002  1.194759e-005
 6.479312e+002  1.249568e-005
 6.485500e+002  1.394982e-005
 6.491687e+002  5.062745e-005
 6.497875e+002  8.140239e-005
 6.504062e+002  3.511780e-005
 6.510250e+002  1.219533e-005
 6.516437e+002  1.224473e-005
 6.522625e+002  1.329188e-005
 6.528812e+002  1.235167e-005
 6.535000e+002  1.274432e-005
 6.541187e+002  1.391795e-005
 6.547375e+002  1.225066e-005
 6.553562e+002  1.218350e-005
 6.559750e+002  1.216551e-005
 6.565937e+002  1.228539e-005
 6.572125e+002  1.120563e-005
 6.578312e+002  1.138768e-005
 6.584500e+002  1.225950e-005
 6.590687e+002  1.285158e-005
 6.596875e+002  3.235036e-005
 6.603062e+002  5.870344e-005
 6.609250e+002  2.831722e-005
 6.615437e+002  1.263711e-005
 6.621625e+002  1.302494e-005
 6.627812e+002  1.173876e-005
 6.634000e+002  1.302470e-005
 6.640187e+002  1.462418e-005
 6.646375e+002  1.390465e-005
 6.652562e+002  1.355526e-005
 6.658750e+002  1.275685e-005
 6.664937e+002  1.244167e-005
 6.671125e+002  1.158610e-005
 6.677312e+002  1.149551e-005
 6.683500e+002  1.308268e-005
 6.689687e+002  1.085065e-005
 6.695875e+002  1.012722e-005
 6.702062e+002  1.114918e-005
 6.708250e+002  1.184106e-005
 6.714437e+002  1.290463e-005
 6.720625e+002  1.302984e-005
 6.726812e+002  1.379033e-005
 6.733000e+002  1.315170e-005
 6.739187e+002  1.272077e-005
 6.745375e+002  1.276826e-005
 6.751562e+002  1.173375e-005
 6.757750e+002  1.142787e-005
 6.763937e+002  1.153871e-005
 6.770125e+002  1.244663e-005
 6.776312e+002  1.189438e-005
 6.782500e+002  1.240533e-005
 6.788687e+002  1.265242e-005
 6.794875e+002  1.268259e-005
 6.801062e+002  1.221044e-005
 6.807250e+002  1.202542e-005
 6.813437e+002  1.169020e-005
 6.819625e+002  1.223639e-005
 6.825812e+002  1.075540e-005
 6.832000e+002  1.219191e-005
 6.838187e+002  1.221766e-005
 6.844375e+002  1.175633e-005
 6.850562e+002  1.193333e-005
 6.856750e+002  1.246706e-005
 6.862937e+002  1.177649e-005
 6.869125e+002  1.203976e-005
 6.875312e+002  1.203157e-005
 6.881500e+002  1.212108e-005
 6.887687e+002  1.205778e-005
 6.893875e+002  1.232923e-005
 6.900062e+002  1.397502e-005
 6.906250e+002  1.313454e-005
 6.912437e+002  1.122016e-005
 6.918625e+002  1.359118e-005
 6.924812e+002  1.117293e-005
 6.931000e+002  1.200770e-005
 6.937187e+002  1.216150e-005
 6.943375e+002  1.179135e-005
 6.949562e+002  1.174720e-005
 6.955750e+002  1.370783e-005
 6.961937e+002  1.458816e-005
 6.968125e+002  1.182955e-005
 6.974312e+002  1.223749e-005
 6.980500e+002  1.304864e-005
 6.986687e+002  1.296519e-005
 6.992875e+002  1.228710e-005
 6.999062e+002  1.312556e-005
 7.005250e+002  1.356589e-005
 7.011437e+002  1.101897e-005
 7.017625e+002  1.180604e-005
 7.023812e+002  1.147720e-005
 7.030000e+002  1.221269e-005
 7.036187e+002  1.183693e-005
 7.042375e+002  1.205799e-005
 7.048562e+002  1.228979e-005
 7.054750e+002  1.273523e-005
 7.060937e+002  1.180317e-005
 7.067125e+002  9.944064e-006
 7.073312e+002  1.120485e-005
 7.079500e+002  1.311779e-005
 7.085687e+002  1.309530e-005
 7.091875e+002  1.339928e-005
 7.098062e+002  1.306250e-005
 7.104250e+002  1.288689e-005
 7.110437e+002  1.315133e-005
 7.116625e+002  1.232285e-005
 7.122812e+002  1.218560e-005
 7.129000e+002  1.183986e-005
 7.135187e+002  1.220984e-005
 7.141375e+002  1.156577e-005
 7.147562e+002  1.195752e-005
 7.153750e+002  1.143090e-005
 7.159937e+002  1.151112e-005
 7.166125e+002  1.204553e-005
 7.172312e+002  1.250231e-005
 7.178500e+002  1.214243e-005
 7.184687e+002  1.187754e-005
 7.190875e+002  1.130201e-005
 7.197062e+002  3.437066e-005
 7.203250e+002  6.055408e-005
 7.209437e+002  3.047658e-005
 7.215625e+002  1.384687e-005
 7.221812e+002  1.312536e-005
 7.228000e+002  1.237349e-005
 7.234187e+002  1.311871e-005
 7.240375e+002  1.272555e-005
 7.246562e+002  1.246578e-005
 7.252750e+002  1.219981e-005
 7.258937e+002  1.240313e-005
 7.265125e+002  1.286176e-005
 7.271312e+002  1.241254e-005
 7.277500e+002  1.215577e-005
 7.283687e+002  1.366386e-005
 7.289875e+002  1.383651e-005
 7.296062e+002  1.333801e-005
 7.302250e+002  1.251980e-005
 7.308437e+002  1.152607e-005
 7.314625e+002  1.215388e-005
 7.320812e+002  1.226554e-005
 7.327000e+002  1.192399e-005
 7.333187e+002  1.239060e-005
 7.339375e+002  1.318243e-005
 7.345562e+002  1.204115e-005
 7.351750e+002  1.117853e-005
 7.357937e+002  1.169956e-005
 7.364125e+002  1.125761e-005
 7.370312e+002  1.148381e-005
 7.376500e+002  1.140465e-005
 7.382687e+002  1.153240e-005
 7.388875e+002  1.206646e-005
 7.395062e+002  1.096726e-005
 7.401250e+002  1.175499e-005
 7.407437e+002  1.162289e-005
 7.413625e+002  1.247586e-005
 7.419812e+002  1.432719e-005
 7.426000e+002  1.384310e-005
 7.432187e+002  1.330615e-005
 7.438375e+002  1.354802e-005
 7.444562e+002  1.269244e-005
 7.450750e+002  1.123693e-005
 7.456937e+002  1.272784e-005
 7.463125e+002  1.327321e-005
 7.469312e+002  1.267079e-005
 7.475500e+002  1.193624e-005
 7.481687e+002  1.112975e-005
 7.487875e+002  3.419776e-005
 7.494062e+002  1.304941e-004
 7.500250e+002  1.196588e-004
 7.506437e+002  2.578989e-005
 7.512625e+002  1.096856e-005
 7.518812e+002  1.232911e-005
 7.525000e+002  1.349510e-005
 7.531187e+002  1.169662e-005
 7.537375e+002  1.284337e-005
 7.543562e+002  1.346073e-005
 7.549750e+002  1.302499e-005
 7.555937e+002  1.187289e-005
 7.562125e+002  1.237281e-005
 7.568312e+002  1.134991e-005
 7.574500e+002  1.355606e-005
 7.580687e+002  1.293073e-005
 7.586875e+002  1.362633e-005
 7.593062e+002  1.310292e-005
 7.599250e+002  1.176826e-005
 7.605437e+002  1.170117e-005
 7.611625e+002  1.194452e-005
 7.617812e+002  1.071510e-005
 7.624000e+002  1.154785e-005
 7.630187e+002  1.247724e-005
 7.636375e+002  1.366891e-005
 7.642562e+002  1.217109e-005
 7.648750e+002  1.167356e-005
 7.654937e+002  1.140351e-005
 7.661125e+002  1.206125e-005
 7.667312e+002  1.230987e-005
 7.673500e+002  1.324524e-005
 7.679687e+002  1.240457e-005
 7.685875e+002  1.161376e-005
 7.692062e+002  1.256253e-005
 7.698250e+002  1.248833e-005
 7.704437e+002  1.151195e-005
 7.710625e+002  1.158055e-005
 7.716812e+002  1.140197e-005
 7.723000e+002  1.051790e-005
 7.729187e+002  1.021021e-005
 7.735375e+002  1.205807e-005
 7.741562e+002  1.350477e-005
 7.747750e+002  1.219221e-005
 7.753937e+002  1.204387e-005
 7.760125e+002  1.167572e-005
 7.766312e+002  1.291028e-005
 7.772500e+002  1.309264e-005
 7.778687e+002  1.321404e-005
 7.784875e+002  1.292450e-005
 7.791062e+002  1.150813e-005
 7.797250e+002  3.286082e-005
 7.803437e+002  5.828235e-005
 7.809625e+002  2.863742e-005
 7.815812e+002  1.130970e-005
 7.822000e+002  1.223943e-005
 7.828187e+002  1.241031e-005
 7.834375e+002  1.290646e-005
 7.840562e+002  1.294900e-005
 7.846750e+002  1.137891e-005
 7.852937e+002  1.199640e-005
 7.859125e+002  1.193085e-005
 7.865312e+002  1.179458e-005
 7.871500e+002  1.300432e-005
 7.877687e+002  1.176894e-005
 7.883875e+002  1.022066e-005
 7.890062e+002  1.063970e-005
 7.896250e+002  1.300764e-005
 7.902437e+002  1.197223e-005
 7.908625e+002  1.222579e-005
 7.914812e+002  1.190291e-005
 7.921000e+002  1.304825e-005
 7.927187e+002  1.335376e-005
 7.933375e+002  1.188495e-005
 7.939562e+002  1.003296e-005
 7.945750e+002  1.146724e-005
 7.951937e+002  1.124107e-005
 7.958125e+002  1.145721e-005
 7.964312e+002  1.131531e-005
 7.970500e+002  1.108127e-005
 7.976687e+002  1.193217e-005
 7.982875e+002  1.065551e-005
 7.989062e+002  1.112336e-005
 7.995250e+002  1.148286e-005
 8.001437e+002  1.205211e-005
 8.007625e+002  1.047168e-005
 8.013812e+002  1.077206e-005
 8.020000e+002  1.031945e-005
 8.026187e+002  1.197486e-005
 8.032375e+002  1.295444e-005
 8.038562e+002  1.200185e-005
 8.044750e+002  1.134398e-005
 8.050937e+002  1.209505e-005
 8.057125e+002  1.272167e-005
 8.063312e+002  1.202597e-005
 8.069500e+002  1.152035e-005
 8.075687e+002  1.115946e-005
 8.081875e+002  1.172158e-005
 8.088062e+002  1.208695e-005
 8.094250e+002  1.147650e-005
 8.100437e+002  1.255812e-005
 8.106625e+002  1.234273e-005
 8.112812e+002  1.287335e-005
 8.119000e+002  1.250442e-005
 8.125187e+002  1.346956e-005
 8.131375e+002  1.233109e-005
 8.137562e+002  1.189950e-005
 8.143750e+002  1.259421e-005
 8.149937e+002  1.158832e-005
 8.156125e+002  1.142927e-005
 8.162312e+002  1.194789e-005
 8.168500e+002  1.102455e-005
 8.174687e+002  1.310092e-005
 8.180875e+002  1.205576e-005
 8.187062e+002  9.543279e-006
 8.193250e+002  1.117552e-005
 8.199437e+002  1.286902e-005
 8.205625e+002  1.350817e-005
 8.211812e+002  1.185794e-005
 8.218000e+002  1.221452e-005
 8.224187e+002  1.221553e-005
 8.230375e+002  1.112295e-005
 8.236562e+002  1.162239e-005
 8.242750e+002  1.204177e-005
 8.248937e+002  1.239114e-005
 8.255125e+002  1.319818e-005
 8.261312e+002  1.313261e-005
 8.267500e+002  1.304210e-005
 8.273687e+002  1.353169e-005
 8.279875e+002  1.210856e-005
 8.286062e+002  1.117062e-005
 8.292250e+002  1.148503e-005
 8.298437e+002  1.225396e-005
 8.304625e+002  1.324254e-005
 8.310812e+002  1.371529e-005
 8.317000e+002  1.395081e-005
 8.323187e+002  1.209415e-005
 8.329375e+002  1.198937e-005
 8.335562e+002  1.123263e-005
 8.341750e+002  1.194650e-005
 8.347937e+002  1.289145e-005
 8.354125e+002  1.224670e-005
 8.360312e+002  1.276036e-005
 8.366500e+002  1.277920e-005
 8.372687e+002  1.133644e-005
 8.378875e+002  1.269769e-005
 8.385062e+002  1.358588e-005
 8.391250e+002  1.144719e-005
 8.397437e+002  3.203567e-005
 8.403625e+002  5.884665e-005
 8.409812e+002  3.060867e-005
 8.416000e+002  1.339516e-005
 8.422187e+002  1.251899e-005
 8.428375e+002  1.241459e-005
 8.434562e+002  1.255737e-005
 8.440750e+002  1.346091e-005
 8.446937e+002  1.182071e-005
 8.453125e+002  1.056768e-005
 8.459312e+002  1.292616e-005
 8.465500e+002  1.251774e-005
 8.471687e+002  1.323836e-005
 8.477875e+002  1.201922e-005
 8.484062e+002  1.206423e-005
 8.490250e+002  3.479824e-005
 8.496437e+002  6.565224e-005
 8.502625e+002  3.432840e-005
 8.508812e+002  1.341188e-005
 8.515000e+002  1.314725e-005
 8.521187e+002  1.262775e-005
 8.527375e+002  1.119911e-005
 8.533562e+002  1.176247e-005
 8.539750e+002  1.404804e-005
 8.545937e+002  1.334104e-005
 8.552125e+002  1.298759e-005
 8.558312e+002  1.157029e-005
 8.564500e+002  1.191463e-005
 8.570687e+002  1.173407e-005
 8.576875e+002  1.236825e-005
 8.583062e+002  1.196396e-005
 8.589250e+002  1.084145e-005
 8.595437e+002  1.134799e-005
 8.601625e+002  1.212845e-005
 8.607812e+002  1.330441e-005
 8.614000e+002  1.261848e-005
 8.620187e+002  1.159003e-005
 8.626375e+002  1.130649e-005
 8.632562e+002  1.088826e-005
 8.638750e+002  1.136012e-005
 8.644937e+002  1.327736e-005
 8.651125e+002  1.161372e-005
 8.657312e+002  1.151141e-005
 8.663500e+002  1.208823e-005
 8.669687e+002  1.179409e-005
 8.675875e+002  1.226451e-005
 8.682062e+002  1.238886e-005
 8.688250e+002  1.135630e-005
 8.694437e+002  1.178949e-005
 8.700625e+002  1.297537e-005
 8.706812e+002  1.304180e-005
 8.713000e+002  1.273717e-005
 8.719187e+002  1.248173e-005
 8.725375e+002  1.344310e-005
 8.731562e+002  1.361021e-005
 8.737750e+002  1.316198e-005
 8.743937e+002  1.087001e-005
 8.750125e+002  1.181880e-005
 8.756312e+002  1.320475e-005
 8.762500e+002  1.333444e-005
 8.768687e+002  1.290613e-005
 8.774875e+002  1.100936e-005
 8.781062e+002  1.064074e-005
 8.787250e+002  1.240562e-005
 8.793437e+002  1.287906e-005
 8.799625e+002  1.145870e-005
 8.805812e+002  1.084459e-005
 8.812000e+002  1.061380e-005
 8.818187e+002  1.125127e-005
 8.824375e+002  9.744873e-006
 8.830562e+002  1.007904e-005
 8.836750e+002  1.046647e-005
 8.842937e+002  1.270046e-005
 8.849125e+002  1.282659e-005
 8.855312e+002  1.288776e-005
 8.861500e+002  1.337186e-005
 8.867687e+002  1.328772e-005
 8.873875e+002  1.276376e-005
 8.880062e+002  1.234631e-005
 8.886250e+002  1.302125e-005
 8.892437e+002  1.336231e-005
 8.898625e+002  1.203916e-005
 8.904812e+002  1.203804e-005
 8.911000e+002  1.206171e-005
 8.917187e+002  1.159556e-005
 8.923375e+002  1.168587e-005
 8.929562e+002  1.197872e-005
 8.935750e+002  1.258798e-005
 8.941937e+002  1.182363e-005
 8.948125e+002  1.192790e-005
 8.954312e+002  1.107022e-005
 8.960500e+002  1.006286e-005
 8.966687e+002  1.114740e-005
 8.972875e+002  1.285852e-005
 8.979062e+002  1.240332e-005
 8.985250e+002  1.299221e-005
 8.991437e+002  1.297430e-005
 8.997625e+002  3.061861e-005
 9.003812e+002  5.471804e-005
 9.010000e+002  2.874786e-005
 9.016187e+002  1.185340e-005
 9.022375e+002  1.239940e-005
 9.028562e+002  1.076954e-005
 9.034750e+002  1.202903e-005
 9.040937e+002  1.167216e-005
 9.047125e+002  1.147552e-005
 9.053312e+002  1.137414e-005
 9.059500e+002  1.320743e-005
 9.065687e+002  1.378921e-005
 9.071875e+002  1.269455e-005
 9.078062e+002  1.302062e-005
 9.084250e+002  1.190562e-005
 9.090437e+002  1.073018e-005
 9.096625e+002  1.113527e-005
 9.102812e+002  1.078605e-005
 9.109000e+002  1.246055e-005
 9.115187e+002  1.322444e-005
 9.121375e+002  1.268565e-005
 9.127562e+002  1.179326e-005
 9.133750e+002  1.165385e-005
 9.139937e+002  1.024452e-005
 9.146125e+002  1.087478e-005
 9.152312e+002  1.158148e-005
 9.158500e+002  1.092935e-005
 9.164687e+002  1.092757e-005
 9.170875e+002  1.124564e-005
 9.177062e+002  1.286300e-005
 9.183250e+002  1.384867e-005
 9.189437e+002  1.317757e-005
 9.195625e+002  1.200937e-005
 9.201812e+002  1.223512e-005
 9.208000e+002  1.195494e-005
 9.214187e+002  1.140697e-005
 9.220375e+002  1.277786e-005
 9.226562e+002  1.261537e-005
 9.232750e+002  1.218301e-005
 9.238937e+002  1.209197e-005
 9.245125e+002  1.344847e-005
 9.251312e+002  1.493255e-005
 9.257500e+002  1.235275e-005
 9.263687e+002  1.222472e-005
 9.269875e+002  1.342720e-005
 9.276062e+002  1.289559e-005
 9.282250e+002  1.202143e-005
 9.288437e+002  1.254764e-005
 9.294625e+002  1.280414e-005
 9.300812e+002  1.191910e-005
 9.307000e+002  1.248862e-005
 9.313187e+002  1.335160e-005
 9.319375e+002  1.144978e-005
 9.325562e+002  1.089200e-005
 9.331750e+002  1.194430e-005
 9.337937e+002  1.194594e-005
 9.344125e+002  1.211254e-005
 9.350312e+002  1.212321e-005
 9.356500e+002  1.296773e-005
 9.362687e+002  1.313044e-005
 9.368875e+002  1.183377e-005
 9.375062e+002  1.130323e-005
 9.381250e+002  1.149753e-005
 9.387437e+002  1.260214e-005
 9.393625e+002  1.218110e-005
 9.399812e+002  1.079055e-005
 9.406000e+002  1.021931e-005
 9.412187e+002  1.087546e-005
 9.418375e+002  1.087011e-005
 9.424562e+002  1.231816e-005
 9.430750e+002  1.225922e-005
 9.436937e+002  1.191764e-005
 9.443125e+002  1.141723e-005
 9.449312e+002  1.128450e-005
 9.455500e+002  1.329801e-005
 9.461687e+002  1.285460e-005
 9.467875e+002  1.163405e-005
 9.474062e+002  1.266668e-005
 9.480250e+002  1.274542e-005
 9.486437e+002  1.569910e-005
 9.492625e+002  6.363403e-005
 9.498812e+002  6.449224e-005
 9.505000e+002  1.756044e-005
 9.511187e+002  1.244023e-005
 9.517375e+002  1.318844e-005
 9.523562e+002  1.283555e-005
 9.529750e+002  1.267916e-005
 9.535937e+002  1.161223e-005
 9.542125e+002  1.167934e-005
 9.548312e+002  1.233111e-005
 9.554500e+002  1.175998e-005
 9.560687e+002  1.233962e-005
 9.566875e+002  1.199609e-005
 9.573062e+002  1.313919e-005
 9.579250e+002  1.330310e-005
 9.585437e+002  1.336311e-005
 9.591625e+002  1.264405e-005
 9.597812e+002  3.349113e-005
 9.604000e+002  5.694596e-005
 9.610187e+002  2.903010e-005
 9.616375e+002  1.217940e-005
 9.622562e+002  1.104333e-005
 9.628750e+002  1.157984e-005
 9.634937e+002  1.084967e-005
 9.641125e+002  1.111131e-005
 9.647312e+002  1.128100e-005
 9.653500e+002  1.073294e-005
 9.659687e+002  1.078660e-005
 9.665875e+002  1.182230e-005
 9.672062e+002  1.402873e-005
 9.678250e+002  1.361736e-005
 9.684437e+002  1.240439e-005
 9.690625e+002  1.247275e-005
 9.696812e+002  1.328597e-005
 9.703000e+002  1.196588e-005
 9.709187e+002  1.073813e-005
 9.715375e+002  1.182651e-005
 9.721562e+002  1.119200e-005
 9.727750e+002  1.190271e-005
 9.733937e+002  1.306163e-005
 9.740125e+002  1.331516e-005
 9.746312e+002  1.257866e-005
 9.752500e+002  1.308511e-005
 9.758687e+002  1.212988e-005
 9.764875e+002  1.285519e-005
 9.771062e+002  1.341590e-005
 9.777250e+002  1.279183e-005
 9.783437e+002  1.176189e-005
 9.789625e+002  1.012209e-005
 9.795812e+002  1.072186e-005
 9.802000e+002  1.091253e-005
 9.808187e+002  1.228448e-005
 9.814375e+002  1.214213e-005
 9.820562e+002  1.097927e-005
 9.826750e+002  1.261553e-005
 9.832937e+002  1.227357e-005
 9.839125e+002  1.259832e-005
 9.845312e+002  1.196130e-005
 9.851500e+002  1.041334e-005
 9.857687e+002  1.187096e-005
 9.863875e+002  1.156832e-005
 9.870062e+002  1.043194e-005
 9.876250e+002  1.140200e-005
 9.882437e+002  1.197127e-005
 9.888625e+002  1.361172e-005
 9.894812e+002  1.198287e-005
 9.901000e+002  1.081619e-005
 9.907187e+002  1.171851e-005
 9.913375e+002  1.185438e-005
 9.919562e+002  1.109712e-005
 9.925750e+002  1.089898e-005
 9.931937e+002  1.194242e-005
 9.938125e+002  1.113493e-005
 9.944312e+002  1.232947e-005
 9.950500e+002  1.323842e-005
 9.956687e+002  1.316617e-005
 9.962875e+002  1.159304e-005
 9.969062e+002  1.076034e-005
 9.975250e+002  1.106372e-005
 9.981437e+002  1.251458e-005
 9.987625e+002  9.732770e-006
 9.993812e+002  1.141161e-005
 1.000000e+003  1.233177e-005
