 1.000000e+001  2.689072e-004
 1.061875e+001  2.453608e-004
 1.123750e+001  2.354275e-004
 1.185625e+001  2.504281e-004
 1.247500e+001  2.502712e-004
 1.309375e+001  2.383936e-004
 1.371250e+001  2.436184e-004
 1.433125e+001  2.117817e-004
 1.495000e+001  2.045237e-004
 1.556875e+001  2.216936e-004
 1.618750e+001  2.002640e-004
 1.680625e+001  1.919885e-004
 1.742500e+001  2.245223e-004
 1.804375e+001  2.305051e-004
 1.866250e+001  1.627444e-004
 1.928125e+001  1.536930e-004
 1.990000e+001  1.495610e-004
 2.051875e+001  1.476349e-004
 2.113750e+001  1.505206e-004
 2.175625e+001  1.468302e-004
 2.237500e+001  1.476725e-004
 2.299375e+001  1.483762e-004
 2.361250e+001  1.425460e-004
 2.423125e+001  1.422933e-004
 2.485000e+001  1.286043e-004
 2.546875e+001  1.306999e-004
 2.608750e+001  1.269867e-004
 2.670625e+001  1.261023e-004
 2.732500e+001  1.272865e-004
 2.794375e+001  1.453966e-004
 2.856250e+001  1.311885e-004
 2.918125e+001  1.312731e-004
 2.980000e+001  1.166909e-004
 3.041875e+001  1.153320e-004
 3.103750e+001  1.102585e-004
 3.165625e+001  1.159977e-004
 3.227500e+001  1.126849e-004
 3.289375e+001  9.589809e-005
 3.351250e+001  9.142950e-005
 3.413125e+001  8.676321e-005
 3.475000e+001  8.649683e-005
 3.536875e+001  1.214951e-004
 3.598750e+001  1.266462e-004
 3.660625e+001  8.956976e-005
 3.722500e+001  8.340391e-005
 3.784375e+001  8.237362e-005
 3.846250e+001  7.919965e-005
 3.908125e+001  7.163091e-005
 3.970000e+001  7.700227e-005
 4.031875e+001  7.098196e-005
 4.093750e+001  6.824388e-005
 4.155625e+001  6.209057e-005
 4.217500e+001  6.227152e-005
 4.279375e+001  6.446841e-005
 4.341250e+001  6.349793e-005
 4.403125e+001  6.336792e-005
 4.465000e+001  6.136165e-005
 4.526875e+001  6.017663e-005
 4.588750e+001  5.988156e-005
 4.650625e+001  5.786964e-005
 4.712500e+001  5.723751e-005
 4.774375e+001  5.913414e-005
 4.836250e+001  6.261537e-005
 4.898125e+001  1.190213e-004
 4.960000e+001  8.419288e-004
 5.021875e+001  1.021812e-003
 5.083750e+001  2.789467e-004
 5.145625e+001  5.636710e-005
 5.207500e+001  4.830039e-005
 5.269375e+001  5.210936e-005
 5.331250e+001  6.003633e-005
 5.393125e+001  5.765133e-005
 5.455000e+001  4.837536e-005
 5.516875e+001  4.233191e-005
 5.578750e+001  4.513690e-005
 5.640625e+001  4.450418e-005
 5.702500e+001  4.439228e-005
 5.764375e+001  4.063793e-005
 5.826250e+001  4.059463e-005
 5.888125e+001  4.354393e-005
 5.950000e+001  1.109629e-004
 6.011875e+001  1.677904e-004
 6.073750e+001  7.457802e-005
 6.135625e+001  4.154095e-005
 6.197500e+001  3.971878e-005
 6.259375e+001  3.828020e-005
 6.321250e+001  3.941345e-005
 6.383125e+001  4.465165e-005
 6.445000e+001  4.586134e-005
 6.506875e+001  3.875653e-005
 6.568750e+001  3.731993e-005
 6.630625e+001  3.844830e-005
 6.692500e+001  3.815427e-005
 6.754375e+001  3.806022e-005
 6.816250e+001  3.715551e-005
 6.878125e+001  3.963120e-005
 6.940000e+001  4.180788e-005
 7.001875e+001  3.717350e-005
 7.063750e+001  3.681856e-005
 7.125625e+001  3.465907e-005
 7.187500e+001  3.332869e-005
 7.249375e+001  3.402740e-005
 7.311250e+001  3.309071e-005
 7.373125e+001  3.326446e-005
 7.435000e+001  3.450634e-005
 7.496875e+001  3.210326e-005
 7.558750e+001  3.110491e-005
 7.620625e+001  3.013486e-005
 7.682500e+001  3.199271e-005
 7.744375e+001  3.332948e-005
 7.806250e+001  3.038087e-005
 7.868125e+001  2.875925e-005
 7.930000e+001  3.087188e-005
 7.991875e+001  3.529538e-005
 8.053750e+001  4.287969e-005
 8.115625e+001  3.283370e-005
 8.177500e+001  2.884669e-005
 8.239375e+001  2.907178e-005
 8.301250e+001  2.859524e-005
 8.363125e+001  2.867767e-005
 8.425000e+001  2.759874e-005
 8.486875e+001  2.710540e-005
 8.548750e+001  2.465234e-005
 8.610625e+001  2.838229e-005
 8.672500e+001  2.924950e-005
 8.734375e+001  2.958295e-005
 8.796250e+001  2.891558e-005
 8.858125e+001  3.174972e-005
 8.920000e+001  4.213606e-005
 8.981875e+001  3.889637e-005
 9.043750e+001  3.241168e-005
 9.105625e+001  3.071353e-005
 9.167500e+001  2.942781e-005
 9.229375e+001  2.820211e-005
 9.291250e+001  2.649480e-005
 9.353125e+001  2.776719e-005
 9.415000e+001  2.979466e-005
 9.476875e+001  2.822360e-005
 9.538750e+001  2.920214e-005
 9.600625e+001  2.493565e-005
 9.662500e+001  2.538753e-005
 9.724375e+001  2.820144e-005
 9.786250e+001  2.752732e-005
 9.848125e+001  2.656117e-005
 9.910000e+001  2.957830e-005
 9.971875e+001  6.697740e-005
 1.003375e+002  6.226206e-005
 1.009563e+002  2.734747e-005
 1.015750e+002  2.640072e-005
 1.021938e+002  2.515800e-005
 1.028125e+002  2.708413e-005
 1.034313e+002  2.599982e-005
 1.040500e+002  2.444878e-005
 1.046688e+002  2.353910e-005
 1.052875e+002  2.533441e-005
 1.059063e+002  2.683857e-005
 1.065250e+002  2.794776e-005
 1.071438e+002  2.744106e-005
 1.077625e+002  2.790996e-005
 1.083813e+002  2.565058e-005
 1.090000e+002  2.644217e-005
 1.096188e+002  2.758438e-005
 1.102375e+002  2.572702e-005
 1.108563e+002  2.415067e-005
 1.114750e+002  2.471096e-005
 1.120938e+002  2.328852e-005
 1.127125e+002  2.450173e-005
 1.133313e+002  2.460956e-005
 1.139500e+002  2.692386e-005
 1.145688e+002  2.705677e-005
 1.151875e+002  2.871344e-005
 1.158063e+002  2.399836e-005
 1.164250e+002  2.281016e-005
 1.170438e+002  2.337101e-005
 1.176625e+002  2.236608e-005
 1.182813e+002  2.313921e-005
 1.189000e+002  2.477662e-005
 1.195188e+002  5.565456e-005
 1.201375e+002  8.364906e-005
 1.207563e+002  4.210071e-005
 1.213750e+002  2.282070e-005
 1.219938e+002  2.511394e-005
 1.226125e+002  2.634144e-005
 1.232313e+002  2.263125e-005
 1.238500e+002  2.175323e-005
 1.244688e+002  2.313267e-005
 1.250875e+002  2.391503e-005
 1.257063e+002  2.369092e-005
 1.263250e+002  2.303767e-005
 1.269438e+002  2.291099e-005
 1.275625e+002  2.534871e-005
 1.281813e+002  2.377830e-005
 1.288000e+002  2.309070e-005
 1.294188e+002  2.521772e-005
 1.300375e+002  2.479508e-005
 1.306563e+002  2.342167e-005
 1.312750e+002  2.340857e-005
 1.318938e+002  2.183846e-005
 1.325125e+002  2.292912e-005
 1.331313e+002  2.296906e-005
 1.337500e+002  2.356910e-005
 1.343688e+002  2.296173e-005
 1.349875e+002  2.107225e-005
 1.356063e+002  2.270192e-005
 1.362250e+002  2.195027e-005
 1.368438e+002  2.119375e-005
 1.374625e+002  2.162314e-005
 1.380813e+002  2.398449e-005
 1.387000e+002  2.596546e-005
 1.393188e+002  2.305693e-005
 1.399375e+002  2.333186e-005
 1.405563e+002  2.097369e-005
 1.411750e+002  2.242455e-005
 1.417938e+002  2.145798e-005
 1.424125e+002  2.173908e-005
 1.430313e+002  2.328774e-005
 1.436500e+002  2.179534e-005
 1.442688e+002  2.185856e-005
 1.448875e+002  2.263296e-005
 1.455063e+002  2.253396e-005
 1.461250e+002  2.149188e-005
 1.467438e+002  2.221463e-005
 1.473625e+002  2.293512e-005
 1.479813e+002  2.421090e-005
 1.486000e+002  3.954180e-005
 1.492188e+002  4.324117e-004
 1.498375e+002  1.292922e-003
 1.504563e+002  9.301564e-004
 1.510750e+002  9.287018e-005
 1.516938e+002  2.690693e-005
 1.523125e+002  2.173981e-005
 1.529313e+002  2.155594e-005
 1.535500e+002  2.201445e-005
 1.541688e+002  2.188062e-005
 1.547875e+002  2.288964e-005
 1.554063e+002  1.989720e-005
 1.560250e+002  2.089528e-005
 1.566438e+002  2.085187e-005
 1.572625e+002  2.212626e-005
 1.578813e+002  2.263391e-005
 1.585000e+002  2.306618e-005
 1.591188e+002  2.154310e-005
 1.597375e+002  2.191473e-005
 1.603563e+002  2.078107e-005
 1.609750e+002  1.939646e-005
 1.615938e+002  1.913427e-005
 1.622125e+002  1.920530e-005
 1.628313e+002  2.042349e-005
 1.634500e+002  2.217089e-005
 1.640688e+002  2.369696e-005
 1.646875e+002  2.129766e-005
 1.653063e+002  2.095179e-005
 1.659250e+002  1.963674e-005
 1.665438e+002  2.204978e-005
 1.671625e+002  2.154892e-005
 1.677813e+002  2.078469e-005
 1.684000e+002  2.152156e-005
 1.690188e+002  1.970144e-005
 1.696375e+002  1.878024e-005
 1.702563e+002  2.002820e-005
 1.708750e+002  1.846546e-005
 1.714938e+002  1.986532e-005
 1.721125e+002  2.195239e-005
 1.727313e+002  2.133983e-005
 1.733500e+002  2.023508e-005
 1.739688e+002  1.946352e-005
 1.745875e+002  1.760216e-005
 1.752063e+002  1.978412e-005
 1.758250e+002  2.075652e-005
 1.764438e+002  2.015809e-005
 1.770625e+002  2.160018e-005
 1.776813e+002  2.165407e-005
 1.783000e+002  2.040219e-005
 1.789188e+002  2.016649e-005
 1.795375e+002  3.496868e-005
 1.801563e+002  5.588676e-005
 1.807750e+002  3.014311e-005
 1.813938e+002  1.951052e-005
 1.820125e+002  2.001353e-005
 1.826313e+002  2.139727e-005
 1.832500e+002  2.240423e-005
 1.838688e+002  2.169693e-005
 1.844875e+002  2.173306e-005
 1.851063e+002  2.173104e-005
 1.857250e+002  1.878152e-005
 1.863438e+002  1.756429e-005
 1.869625e+002  2.004987e-005
 1.875813e+002  2.130745e-005
 1.882000e+002  1.921079e-005
 1.888188e+002  1.891335e-005
 1.894375e+002  1.997993e-005
 1.900563e+002  2.073801e-005
 1.906750e+002  1.857929e-005
 1.912938e+002  1.759388e-005
 1.919125e+002  2.143819e-005
 1.925313e+002  1.974758e-005
 1.931500e+002  1.899471e-005
 1.937688e+002  1.993048e-005
 1.943875e+002  1.991568e-005
 1.950063e+002  1.903692e-005
 1.956250e+002  1.946333e-005
 1.962438e+002  1.990448e-005
 1.968625e+002  2.104246e-005
 1.974813e+002  2.096822e-005
 1.981000e+002  2.012210e-005
 1.987188e+002  2.002458e-005
 1.993375e+002  3.239279e-005
 1.999563e+002  5.658873e-005
 2.005750e+002  3.523714e-005
 2.011938e+002  1.986977e-005
 2.018125e+002  1.957001e-005
 2.024313e+002  2.007947e-005
 2.030500e+002  1.958620e-005
 2.036688e+002  1.889542e-005
 2.042875e+002  1.932029e-005
 2.049063e+002  1.859584e-005
 2.055250e+002  1.853441e-005
 2.061438e+002  1.791058e-005
 2.067625e+002  1.897299e-005
 2.073813e+002  1.969470e-005
 2.080000e+002  1.843596e-005
 2.086188e+002  1.909906e-005
 2.092375e+002  1.783186e-005
 2.098563e+002  1.834521e-005
 2.104750e+002  2.087517e-005
 2.110938e+002  1.893431e-005
 2.117125e+002  1.842166e-005
 2.123313e+002  1.834729e-005
 2.129500e+002  1.825610e-005
 2.135688e+002  1.987146e-005
 2.141875e+002  2.089332e-005
 2.148063e+002  2.148039e-005
 2.154250e+002  1.915091e-005
 2.160438e+002  1.884884e-005
 2.166625e+002  1.914318e-005
 2.172813e+002  1.774130e-005
 2.179000e+002  1.832681e-005
 2.185188e+002  1.832795e-005
 2.191375e+002  2.060242e-005
 2.197563e+002  1.939366e-005
 2.203750e+002  1.854752e-005
 2.209938e+002  1.793030e-005
 2.216125e+002  1.812178e-005
 2.222313e+002  1.826207e-005
 2.228500e+002  1.945239e-005
 2.234688e+002  2.036105e-005
 2.240875e+002  1.960740e-005
 2.247063e+002  1.966796e-005
 2.253250e+002  2.041333e-005
 2.259438e+002  1.912015e-005
 2.265625e+002  1.865588e-005
 2.271813e+002  2.015827e-005
 2.278000e+002  1.969586e-005
 2.284188e+002  1.870136e-005
 2.290375e+002  1.812018e-005
 2.296563e+002  1.909312e-005
 2.302750e+002  1.887276e-005
 2.308938e+002  1.868911e-005
 2.315125e+002  1.756718e-005
 2.321313e+002  1.740672e-005
 2.327500e+002  1.763039e-005
 2.333688e+002  1.968922e-005
 2.339875e+002  2.169391e-005
 2.346063e+002  2.034166e-005
 2.352250e+002  1.819808e-005
 2.358438e+002  1.799854e-005
 2.364625e+002  1.770791e-005
 2.370813e+002  1.826425e-005
 2.377000e+002  1.876931e-005
 2.383188e+002  1.914080e-005
 2.389375e+002  1.939036e-005
 2.395563e+002  2.997277e-005
 2.401750e+002  4.374304e-005
 2.407938e+002  2.431326e-005
 2.414125e+002  1.954511e-005
 2.420313e+002  2.192955e-005
 2.426500e+002  2.030896e-005
 2.432688e+002  1.977222e-005
 2.438875e+002  1.770182e-005
 2.445063e+002  1.743698e-005
 2.451250e+002  1.780168e-005
 2.457438e+002  1.846046e-005
 2.463625e+002  1.852003e-005
 2.469813e+002  1.826231e-005
 2.476000e+002  1.795853e-005
 2.482188e+002  1.769540e-005
 2.488375e+002  2.103957e-005
 2.494563e+002  1.672478e-004
 2.500750e+002  2.676138e-004
 2.506938e+002  1.097494e-004
 2.513125e+002  1.642464e-005
 2.519313e+002  1.839544e-005
 2.525500e+002  1.725358e-005
 2.531688e+002  1.562513e-005
 2.537875e+002  1.671409e-005
 2.544063e+002  1.979214e-005
 2.550250e+002  1.916767e-005
 2.556438e+002  1.804238e-005
 2.562625e+002  1.438562e-005
 2.568813e+002  1.461449e-005
 2.575000e+002  1.620563e-005
 2.581188e+002  1.886726e-005
 2.587375e+002  2.019183e-005
 2.593563e+002  1.967584e-005
 2.599750e+002  1.850279e-005
 2.605938e+002  1.876683e-005
 2.612125e+002  1.867766e-005
 2.618313e+002  1.803221e-005
 2.624500e+002  1.937811e-005
 2.630688e+002  1.719871e-005
 2.636875e+002  1.523497e-005
 2.643063e+002  1.514073e-005
 2.649250e+002  1.758811e-005
 2.655438e+002  1.974381e-005
 2.661625e+002  1.978997e-005
 2.667813e+002  1.847343e-005
 2.674000e+002  1.709980e-005
 2.680188e+002  1.744467e-005
 2.686375e+002  1.800065e-005
 2.692563e+002  1.918840e-005
 2.698750e+002  1.860643e-005
 2.704938e+002  1.708223e-005
 2.711125e+002  1.675706e-005
 2.717313e+002  1.783311e-005
 2.723500e+002  1.880100e-005
 2.729688e+002  1.814516e-005
 2.735875e+002  1.757063e-005
 2.742063e+002  1.650918e-005
 2.748250e+002  1.774220e-005
 2.754438e+002  1.910344e-005
 2.760625e+002  1.605917e-005
 2.766813e+002  1.678704e-005
 2.773000e+002  1.683331e-005
 2.779188e+002  1.645681e-005
 2.785375e+002  1.637185e-005
 2.791563e+002  1.753540e-005
 2.797750e+002  1.937820e-005
 2.803938e+002  1.944930e-005
 2.810125e+002  1.758988e-005
 2.816313e+002  1.788842e-005
 2.822500e+002  1.750272e-005
 2.828688e+002  1.727482e-005
 2.834875e+002  1.599794e-005
 2.841063e+002  1.749947e-005
 2.847250e+002  1.800750e-005
 2.853438e+002  1.604687e-005
 2.859625e+002  1.605249e-005
 2.865813e+002  1.608414e-005
 2.872000e+002  1.902882e-005
 2.878188e+002  1.881119e-005
 2.884375e+002  1.735901e-005
 2.890563e+002  1.901574e-005
 2.896750e+002  1.926814e-005
 2.902938e+002  1.740075e-005
 2.909125e+002  1.883970e-005
 2.915313e+002  1.599375e-005
 2.921500e+002  1.650378e-005
 2.927688e+002  1.651279e-005
 2.933875e+002  1.646279e-005
 2.940063e+002  1.560086e-005
 2.946250e+002  1.637841e-005
 2.952438e+002  1.654763e-005
 2.958625e+002  1.655088e-005
 2.964813e+002  1.558502e-005
 2.971000e+002  1.728597e-005
 2.977188e+002  1.812394e-005
 2.983375e+002  1.887319e-005
 2.989563e+002  1.767545e-005
 2.995750e+002  2.575437e-005
 3.001938e+002  3.717327e-005
 3.008125e+002  2.273582e-005
 3.014313e+002  1.723047e-005
 3.020500e+002  1.840051e-005
 3.026688e+002  6.790940e-005
 3.032875e+002  1.007551e-004
 3.039063e+002  7.164231e-005
 3.045250e+002  3.662537e-005
 3.051438e+002  1.939527e-005
 3.057625e+002  1.696068e-005
 3.063813e+002  1.624099e-005
 3.070000e+002  1.570256e-005
 3.076188e+002  1.515234e-005
 3.082375e+002  1.645888e-005
 3.088563e+002  1.779059e-005
 3.094750e+002  1.927619e-005
 3.100938e+002  1.813051e-005
 3.107125e+002  1.678275e-005
 3.113313e+002  1.679445e-005
 3.119500e+002  1.767768e-005
 3.125688e+002  1.831827e-005
 3.131875e+002  1.642001e-005
 3.138063e+002  1.654283e-005
 3.144250e+002  1.748980e-005
 3.150437e+002  1.798506e-005
 3.156625e+002  1.527327e-005
 3.162812e+002  1.647237e-005
 3.169000e+002  1.723190e-005
 3.175187e+002  1.695326e-005
 3.181375e+002  1.649226e-005
 3.187562e+002  1.643439e-005
 3.193750e+002  1.809090e-005
 3.199937e+002  1.898232e-005
 3.206125e+002  1.910552e-005
 3.212312e+002  1.847991e-005
 3.218500e+002  1.677123e-005
 3.224687e+002  1.700560e-005
 3.230875e+002  1.808827e-005
 3.237062e+002  1.684781e-005
 3.243250e+002  1.785951e-005
 3.249437e+002  1.838479e-005
 3.255625e+002  1.736597e-005
 3.261812e+002  1.692943e-005
 3.268000e+002  1.744951e-005
 3.274187e+002  1.763236e-005
 3.280375e+002  1.812480e-005
 3.286562e+002  1.872913e-005
 3.292750e+002  1.663921e-005
 3.298937e+002  1.780865e-005
 3.305125e+002  1.936428e-005
 3.311312e+002  1.907321e-005
 3.317500e+002  1.735948e-005
 3.323687e+002  1.671527e-005
 3.329875e+002  1.669073e-005
 3.336062e+002  1.787231e-005
 3.342250e+002  1.718874e-005
 3.348437e+002  1.698335e-005
 3.354625e+002  1.800059e-005
 3.360812e+002  1.821383e-005
 3.367000e+002  1.767692e-005
 3.373187e+002  1.599565e-005
 3.379375e+002  1.775422e-005
 3.385562e+002  1.715452e-005
 3.391750e+002  1.713633e-005
 3.397937e+002  1.810075e-005
 3.404125e+002  1.715668e-005
 3.410312e+002  1.788991e-005
 3.416500e+002  1.719659e-005
 3.422687e+002  1.701985e-005
 3.428875e+002  1.772701e-005
 3.435062e+002  1.795161e-005
 3.441250e+002  1.863014e-005
 3.447437e+002  1.705653e-005
 3.453625e+002  1.613056e-005
 3.459812e+002  1.682089e-005
 3.466000e+002  1.636448e-005
 3.472187e+002  1.659888e-005
 3.478375e+002  1.586094e-005
 3.484562e+002  1.790737e-005
 3.490750e+002  4.184376e-005
 3.496937e+002  1.639659e-004
 3.503125e+002  1.585104e-004
 3.509312e+002  3.588807e-005
 3.515500e+002  1.655084e-005
 3.521687e+002  1.589788e-005
 3.527875e+002  1.580332e-005
 3.534062e+002  1.679455e-005
 3.540250e+002  1.634278e-005
 3.546437e+002  1.555200e-005
 3.552625e+002  1.486254e-005
 3.558812e+002  1.498372e-005
 3.565000e+002  1.668933e-005
 3.571187e+002  1.764151e-005
 3.577375e+002  1.640589e-005
 3.583562e+002  1.524768e-005
 3.589750e+002  1.603854e-005
 3.595937e+002  2.505523e-005
 3.602125e+002  3.429842e-005
 3.608312e+002  2.152122e-005
 3.614500e+002  1.694921e-005
 3.620687e+002  1.767841e-005
 3.626875e+002  1.688276e-005
 3.633062e+002  1.810858e-005
 3.639250e+002  1.854087e-005
 3.645437e+002  1.751323e-005
 3.651625e+002  1.553951e-005
 3.657812e+002  1.735920e-005
 3.664000e+002  1.801971e-005
 3.670187e+002  1.717039e-005
 3.676375e+002  1.650802e-005
 3.682562e+002  1.655880e-005
 3.688750e+002  1.691216e-005
 3.694937e+002  1.650887e-005
 3.701125e+002  1.692953e-005
 3.707312e+002  1.712140e-005
 3.713500e+002  1.810037e-005
 3.719687e+002  1.780447e-005
 3.725875e+002  1.612121e-005
 3.732062e+002  1.627041e-005
 3.738250e+002  1.680429e-005
 3.744437e+002  1.652994e-005
 3.750625e+002  1.705738e-005
 3.756812e+002  1.840913e-005
 3.763000e+002  1.751351e-005
 3.769187e+002  1.717046e-005
 3.775375e+002  1.802167e-005
 3.781562e+002  1.666658e-005
 3.787750e+002  1.659639e-005
 3.793937e+002  1.764180e-005
 3.800125e+002  1.613813e-005
 3.806312e+002  1.711163e-005
 3.812500e+002  1.802826e-005
 3.818687e+002  1.807006e-005
 3.824875e+002  1.729899e-005
 3.831062e+002  1.699211e-005
 3.837250e+002  1.737603e-005
 3.843437e+002  1.574882e-005
 3.849625e+002  1.538866e-005
 3.855812e+002  1.522082e-005
 3.862000e+002  1.683357e-005
 3.868187e+002  1.751414e-005
 3.874375e+002  1.636433e-005
 3.880562e+002  1.673273e-005
 3.886750e+002  1.668508e-005
 3.892937e+002  1.611214e-005
 3.899125e+002  1.546642e-005
 3.905312e+002  1.613047e-005
 3.911500e+002  1.568963e-005
 3.917687e+002  1.527262e-005
 3.923875e+002  1.652646e-005
 3.930062e+002  1.687241e-005
 3.936250e+002  1.568966e-005
 3.942437e+002  1.608120e-005
 3.948625e+002  1.711239e-005
 3.954812e+002  1.668282e-005
 3.961000e+002  1.658559e-005
 3.967187e+002  1.602165e-005
 3.973375e+002  1.408106e-005
 3.979562e+002  1.591305e-005
 3.985750e+002  1.658457e-005
 3.991937e+002  1.654565e-005
 3.998125e+002  1.741410e-005
 4.004312e+002  1.610682e-005
 4.010500e+002  1.506477e-005
 4.016687e+002  1.514851e-005
 4.022875e+002  1.653060e-005
 4.029062e+002  1.639752e-005
 4.035250e+002  1.535747e-005
 4.041437e+002  1.464310e-005
 4.047625e+002  1.419635e-005
 4.053812e+002  1.595599e-005
 4.060000e+002  1.485639e-005
 4.066187e+002  1.466811e-005
 4.072375e+002  1.543286e-005
 4.078562e+002  1.693634e-005
 4.084750e+002  1.819252e-005
 4.090937e+002  1.770945e-005
 4.097125e+002  1.657755e-005
 4.103312e+002  1.522318e-005
 4.109500e+002  1.693570e-005
 4.115687e+002  1.676115e-005
 4.121875e+002  1.769621e-005
 4.128062e+002  1.577445e-005
 4.134250e+002  1.418982e-005
 4.140437e+002  1.487699e-005
 4.146625e+002  1.578358e-005
 4.152812e+002  1.604121e-005
 4.159000e+002  1.540922e-005
 4.165187e+002  1.437928e-005
 4.171375e+002  1.495678e-005
 4.177562e+002  1.514760e-005
 4.183750e+002  1.451224e-005
 4.189937e+002  1.576465e-005
 4.196125e+002  2.242389e-005
 4.202312e+002  3.190491e-005
 4.208500e+002  2.301308e-005
 4.214687e+002  1.842072e-005
 4.220875e+002  1.699808e-005
 4.227062e+002  1.667780e-005
 4.233250e+002  1.713456e-005
 4.239437e+002  1.586052e-005
 4.245625e+002  1.655789e-005
 4.251812e+002  1.588097e-005
 4.258000e+002  1.624035e-005
 4.264187e+002  1.593217e-005
 4.270375e+002  1.643289e-005
 4.276562e+002  1.723570e-005
 4.282750e+002  1.627658e-005
 4.288937e+002  1.517227e-005
 4.295125e+002  1.535453e-005
 4.301312e+002  1.682031e-005
 4.307500e+002  1.635389e-005
 4.313687e+002  1.636220e-005
 4.319875e+002  1.698531e-005
 4.326062e+002  1.762443e-005
 4.332250e+002  1.534063e-005
 4.338437e+002  1.614842e-005
 4.344625e+002  1.760223e-005
 4.350812e+002  1.776048e-005
 4.357000e+002  1.925716e-005
 4.363187e+002  1.703579e-005
 4.369375e+002  1.504983e-005
 4.375562e+002  1.573068e-005
 4.381750e+002  1.621519e-005
 4.387937e+002  1.612230e-005
 4.394125e+002  1.583479e-005
 4.400312e+002  1.601206e-005
 4.406500e+002  1.633632e-005
 4.412687e+002  1.724860e-005
 4.418875e+002  1.682554e-005
 4.425062e+002  1.677848e-005
 4.431250e+002  1.537814e-005
 4.437437e+002  1.555255e-005
 4.443625e+002  1.593170e-005
 4.449812e+002  1.557219e-005
 4.456000e+002  1.552732e-005
 4.462187e+002  1.578011e-005
 4.468375e+002  1.643910e-005
 4.474562e+002  1.586780e-005
 4.480750e+002  1.508127e-005
 4.486937e+002  1.678759e-005
 4.493125e+002  9.177987e-005
 4.499312e+002  1.960855e-004
 4.505500e+002  1.157616e-004
 4.511687e+002  1.847587e-005
 4.517875e+002  1.533946e-005
 4.524062e+002  1.611485e-005
 4.530250e+002  1.677603e-005
 4.536437e+002  1.648083e-005
 4.542625e+002  1.572318e-005
 4.548812e+002  1.695712e-005
 4.555000e+002  1.739844e-005
 4.561187e+002  1.670571e-005
 4.567375e+002  1.641061e-005
 4.573562e+002  1.686845e-005
 4.579750e+002  1.698156e-005
 4.585937e+002  1.763813e-005
 4.592125e+002  1.576034e-005
 4.598312e+002  1.410795e-005
 4.604500e+002  1.351623e-005
 4.610687e+002  1.508383e-005
 4.616875e+002  1.597086e-005
 4.623062e+002  1.659818e-005
 4.629250e+002  1.637604e-005
 4.635437e+002  1.652766e-005
 4.641625e+002  1.722907e-005
 4.647812e+002  1.713129e-005
 4.654000e+002  1.646332e-005
 4.660187e+002  1.569649e-005
 4.666375e+002  1.537688e-005
 4.672562e+002  1.635846e-005
 4.678750e+002  1.704886e-005
 4.684937e+002  1.716807e-005
 4.691125e+002  1.659179e-005
 4.697312e+002  1.623128e-005
 4.703500e+002  1.751758e-005
 4.709687e+002  1.822851e-005
 4.715875e+002  1.656786e-005
 4.722062e+002  1.644956e-005
 4.728250e+002  1.508794e-005
 4.734437e+002  1.430604e-005
 4.740625e+002  1.588294e-005
 4.746812e+002  1.723497e-005
 4.753000e+002  1.663154e-005
 4.759187e+002  1.591288e-005
 4.765375e+002  1.450175e-005
 4.771562e+002  1.405914e-005
 4.777750e+002  1.522030e-005
 4.783937e+002  1.784822e-005
 4.790125e+002  1.641141e-005
 4.796312e+002  2.254857e-005
 4.802500e+002  2.867621e-005
 4.808687e+002  1.725988e-005
 4.814875e+002  1.672685e-005
 4.821062e+002  1.715428e-005
 4.827250e+002  1.512644e-005
 4.833437e+002  1.467559e-005
 4.839625e+002  1.642886e-005
 4.845812e+002  1.576518e-005
 4.852000e+002  1.357689e-005
 4.858187e+002  1.531413e-005
 4.864375e+002  1.557545e-005
 4.870562e+002  1.554328e-005
 4.876750e+002  1.667761e-005
 4.882937e+002  1.652945e-005
 4.889125e+002  1.598035e-005
 4.895312e+002  1.661701e-005
 4.901500e+002  1.648228e-005
 4.907687e+002  1.619502e-005
 4.913875e+002  1.514590e-005
 4.920062e+002  1.622184e-005
 4.926250e+002  1.554633e-005
 4.932437e+002  1.551032e-005
 4.938625e+002  1.585373e-005
 4.944812e+002  1.651846e-005
 4.951000e+002  1.653245e-005
 4.957187e+002  1.603978e-005
 4.963375e+002  1.585831e-005
 4.969562e+002  1.594143e-005
 4.975750e+002  1.618485e-005
 4.981937e+002  1.569086e-005
 4.988125e+002  1.482522e-005
 4.994312e+002  1.771833e-005
 5.000500e+002  2.180193e-005
 5.006687e+002  1.785869e-005
 5.012875e+002  1.473740e-005
 5.019062e+002  1.484891e-005
 5.025250e+002  1.590880e-005
 5.031437e+002  1.634165e-005
 5.037625e+002  1.612253e-005
 5.043812e+002  1.420925e-005
 5.050000e+002  1.646418e-005
 5.056187e+002  1.608723e-005
 5.062375e+002  1.688672e-005
 5.068562e+002  1.547376e-005
 5.074750e+002  1.569604e-005
 5.080937e+002  1.663384e-005
 5.087125e+002  1.681436e-005
 5.093312e+002  1.780203e-005
 5.099500e+002  1.722751e-005
 5.105687e+002  1.667405e-005
 5.111875e+002  1.557045e-005
 5.118062e+002  1.555248e-005
 5.124250e+002  1.573161e-005
 5.130437e+002  1.620361e-005
 5.136625e+002  1.676531e-005
 5.142812e+002  1.609740e-005
 5.149000e+002  1.599894e-005
 5.155187e+002  1.574642e-005
 5.161375e+002  1.692412e-005
 5.167562e+002  1.692006e-005
 5.173750e+002  1.580445e-005
 5.179937e+002  1.774145e-005
 5.186125e+002  1.710136e-005
 5.192312e+002  1.455672e-005
 5.198500e+002  1.426477e-005
 5.204687e+002  1.657409e-005
 5.210875e+002  1.682205e-005
 5.217062e+002  1.659761e-005
 5.223250e+002  1.556605e-005
 5.229437e+002  1.756987e-005
 5.235625e+002  1.697117e-005
 5.241812e+002  1.522206e-005
 5.248000e+002  1.605633e-005
 5.254187e+002  1.793501e-005
 5.260375e+002  1.706023e-005
 5.266562e+002  1.576069e-005
 5.272750e+002  1.633694e-005
 5.278937e+002  1.659767e-005
 5.285125e+002  1.748494e-005
 5.291312e+002  1.651498e-005
 5.297500e+002  1.556466e-005
 5.303687e+002  1.506576e-005
 5.309875e+002  1.548558e-005
 5.316062e+002  1.610769e-005
 5.322250e+002  1.547791e-005
 5.328437e+002  1.627761e-005
 5.334625e+002  1.595591e-005
 5.340812e+002  1.578518e-005
 5.347000e+002  1.627795e-005
 5.353187e+002  1.618613e-005
 5.359375e+002  1.574152e-005
 5.365562e+002  1.509566e-005
 5.371750e+002  1.510442e-005
 5.377937e+002  1.549905e-005
 5.384125e+002  1.535933e-005
 5.390312e+002  1.418906e-005
 5.396500e+002  1.793640e-005
 5.402687e+002  2.482935e-005
 5.408875e+002  1.771162e-005
 5.415062e+002  1.649866e-005
 5.421250e+002  1.700258e-005
 5.427437e+002  1.665631e-005
 5.433625e+002  1.645702e-005
 5.439812e+002  1.585906e-005
 5.446000e+002  1.627155e-005
 5.452187e+002  1.688547e-005
 5.458375e+002  1.614318e-005
 5.464562e+002  1.669609e-005
 5.470750e+002  1.746752e-005
 5.476937e+002  1.568661e-005
 5.483125e+002  1.521049e-005
 5.489312e+002  1.975906e-005
 5.495500e+002  8.452581e-005
 5.501687e+002  1.075701e-004
 5.507875e+002  3.965847e-005
 5.514062e+002  1.494198e-005
 5.520250e+002  1.599179e-005
 5.526437e+002  1.499795e-005
 5.532625e+002  1.562374e-005
 5.538812e+002  1.521446e-005
 5.545000e+002  1.580025e-005
 5.551187e+002  1.492407e-005
 5.557375e+002  1.555747e-005
 5.563562e+002  1.807890e-005
 5.569750e+002  1.680099e-005
 5.575937e+002  1.511814e-005
 5.582125e+002  1.462028e-005
 5.588312e+002  1.598772e-005
 5.594500e+002  1.726778e-005
 5.600687e+002  1.737186e-005
 5.606875e+002  1.686071e-005
 5.613062e+002  1.587293e-005
 5.619250e+002  1.486010e-005
 5.625437e+002  1.673025e-005
 5.631625e+002  1.614531e-005
 5.637812e+002  1.647312e-005
 5.644000e+002  1.542851e-005
 5.650187e+002  1.590435e-005
 5.656375e+002  1.481059e-005
 5.662562e+002  1.651800e-005
 5.668750e+002  1.617336e-005
 5.674937e+002  1.526874e-005
 5.681125e+002  1.391604e-005
 5.687312e+002  1.465490e-005
 5.693500e+002  1.589531e-005
 5.699687e+002  1.561125e-005
 5.705875e+002  1.619760e-005
 5.712062e+002  1.634608e-005
 5.718250e+002  1.586915e-005
 5.724437e+002  1.635641e-005
 5.730625e+002  1.595829e-005
 5.736812e+002  1.420240e-005
 5.743000e+002  1.378380e-005
 5.749187e+002  1.359287e-005
 5.755375e+002  1.568563e-005
 5.761562e+002  1.788166e-005
 5.767750e+002  1.717328e-005
 5.773937e+002  1.585927e-005
 5.780125e+002  1.616509e-005
 5.786312e+002  1.571818e-005
 5.792500e+002  1.550494e-005
 5.798687e+002  1.577648e-005
 5.804875e+002  1.556242e-005
 5.811062e+002  1.348717e-005
 5.817250e+002  1.533805e-005
 5.823437e+002  1.618323e-005
 5.829625e+002  1.610177e-005
 5.835812e+002  1.618651e-005
 5.842000e+002  1.566558e-005
 5.848187e+002  1.490139e-005
 5.854375e+002  1.544776e-005
 5.860562e+002  1.599074e-005
 5.866750e+002  1.531033e-005
 5.872937e+002  1.435477e-005
 5.879125e+002  1.599853e-005
 5.885312e+002  1.629991e-005
 5.891500e+002  1.505117e-005
 5.897687e+002  1.605906e-005
 5.903875e+002  1.668323e-005
 5.910062e+002  1.594653e-005
 5.916250e+002  1.414302e-005
 5.922437e+002  1.540006e-005
 5.928625e+002  1.707164e-005
 5.934812e+002  1.668184e-005
 5.941000e+002  1.450797e-005
 5.947187e+002  1.400738e-005
 5.953375e+002  1.610729e-005
 5.959562e+002  1.618122e-005
 5.965750e+002  1.525669e-005
 5.971937e+002  1.628304e-005
 5.978125e+002  1.618619e-005
 5.984312e+002  1.520295e-005
 5.990500e+002  1.527301e-005
 5.996687e+002  2.097795e-005
 6.002875e+002  2.713697e-005
 6.009062e+002  1.732442e-005
 6.015250e+002  1.516501e-005
 6.021437e+002  1.651102e-005
 6.027625e+002  1.684260e-005
 6.033812e+002  1.647198e-005
 6.040000e+002  1.709241e-005
 6.046187e+002  1.720630e-005
 6.052375e+002  1.626031e-005
 6.058562e+002  3.482562e-005
 6.064750e+002  4.514979e-005
 6.070937e+002  2.188516e-005
 6.077125e+002  2.616188e-005
 6.083312e+002  2.088776e-005
 6.089500e+002  1.807707e-005
 6.095687e+002  1.623614e-005
 6.101875e+002  1.699773e-005
 6.108062e+002  1.656145e-005
 6.114250e+002  1.745019e-005
 6.120437e+002  1.527643e-005
 6.126625e+002  1.461142e-005
 6.132812e+002  1.466948e-005
 6.139000e+002  1.671562e-005
 6.145187e+002  1.736503e-005
 6.151375e+002  1.631880e-005
 6.157562e+002  1.696177e-005
 6.163750e+002  1.446496e-005
 6.169937e+002  1.532957e-005
 6.176125e+002  1.491587e-005
 6.182312e+002  1.612530e-005
 6.188500e+002  1.604884e-005
 6.194687e+002  1.524583e-005
 6.200875e+002  1.544839e-005
 6.207062e+002  1.560286e-005
 6.213250e+002  1.457072e-005
 6.219437e+002  1.416604e-005
 6.225625e+002  1.417730e-005
 6.231812e+002  1.557797e-005
 6.238000e+002  1.675637e-005
 6.244187e+002  1.629811e-005
 6.250375e+002  1.554464e-005
 6.256562e+002  1.457545e-005
 6.262750e+002  1.405139e-005
 6.268937e+002  1.508100e-005
 6.275125e+002  1.509735e-005
 6.281312e+002  1.609558e-005
 6.287500e+002  1.575025e-005
 6.293687e+002  1.458473e-005
 6.299875e+002  1.505917e-005
 6.306062e+002  1.438549e-005
 6.312250e+002  1.439576e-005
 6.318437e+002  1.437188e-005
 6.324625e+002  1.390578e-005
 6.330812e+002  1.462042e-005
 6.337000e+002  1.578208e-005
 6.343187e+002  1.656028e-005
 6.349375e+002  1.590217e-005
 6.355562e+002  1.513012e-005
 6.361750e+002  1.546832e-005
 6.367937e+002  1.685089e-005
 6.374125e+002  1.639521e-005
 6.380312e+002  1.542838e-005
 6.386500e+002  1.468138e-005
 6.392687e+002  1.481422e-005
 6.398875e+002  1.473072e-005
 6.405062e+002  1.383861e-005
 6.411250e+002  1.379374e-005
 6.417437e+002  1.402762e-005
 6.423625e+002  1.374900e-005
 6.429812e+002  1.493688e-005
 6.436000e+002  1.506334e-005
 6.442187e+002  1.491847e-005
 6.448375e+002  1.438120e-005
 6.454562e+002  1.326982e-005
 6.460750e+002  1.440865e-005
 6.466937e+002  1.568045e-005
 6.473125e+002  1.598443e-005
 6.479312e+002  1.713970e-005
 6.485500e+002  1.655846e-005
 6.491687e+002  2.692678e-005
 6.497875e+002  5.823525e-005
 6.504062e+002  4.571406e-005
 6.510250e+002  1.560234e-005
 6.516437e+002  1.393026e-005
 6.522625e+002  1.388559e-005
 6.528812e+002  1.348041e-005
 6.535000e+002  1.493002e-005
 6.541187e+002  1.600190e-005
 6.547375e+002  1.493455e-005
 6.553562e+002  1.610939e-005
 6.559750e+002  1.592751e-005
 6.565937e+002  1.379023e-005
 6.572125e+002  1.597574e-005
 6.578312e+002  1.607803e-005
 6.584500e+002  1.526905e-005
 6.590687e+002  1.442463e-005
 6.596875e+002  2.046620e-005
 6.603062e+002  2.714191e-005
 6.609250e+002  1.913938e-005
 6.615437e+002  1.602496e-005
 6.621625e+002  1.577231e-005
 6.627812e+002  1.535031e-005
 6.634000e+002  1.556517e-005
 6.640187e+002  1.468218e-005
 6.646375e+002  1.615256e-005
 6.652562e+002  1.537817e-005
 6.658750e+002  1.593769e-005
 6.664937e+002  1.586217e-005
 6.671125e+002  1.492280e-005
 6.677312e+002  1.521484e-005
 6.683500e+002  1.557739e-005
 6.689687e+002  1.590232e-005
 6.695875e+002  1.466100e-005
 6.702062e+002  1.417165e-005
 6.708250e+002  1.360283e-005
 6.714437e+002  1.348307e-005
 6.720625e+002  1.545532e-005
 6.726812e+002  1.544482e-005
 6.733000e+002  1.479844e-005
 6.739187e+002  1.451306e-005
 6.745375e+002  1.521950e-005
 6.751562e+002  1.536841e-005
 6.757750e+002  1.490615e-005
 6.763937e+002  1.498747e-005
 6.770125e+002  1.386682e-005
 6.776312e+002  1.401499e-005
 6.782500e+002  1.573195e-005
 6.788687e+002  1.538329e-005
 6.794875e+002  1.568773e-005
 6.801062e+002  1.664671e-005
 6.807250e+002  1.600450e-005
 6.813437e+002  1.525696e-005
 6.819625e+002  1.501884e-005
 6.825812e+002  1.473005e-005
 6.832000e+002  1.423176e-005
 6.838187e+002  1.478918e-005
 6.844375e+002  1.537347e-005
 6.850562e+002  1.496456e-005
 6.856750e+002  1.505053e-005
 6.862937e+002  1.576382e-005
 6.869125e+002  1.637941e-005
 6.875312e+002  1.563237e-005
 6.881500e+002  1.550604e-005
 6.887687e+002  1.465790e-005
 6.893875e+002  1.427285e-005
 6.900062e+002  1.596069e-005
 6.906250e+002  1.523048e-005
 6.912437e+002  1.360621e-005
 6.918625e+002  1.480367e-005
 6.924812e+002  1.471884e-005
 6.931000e+002  1.522277e-005
 6.937187e+002  1.603788e-005
 6.943375e+002  1.695435e-005
 6.949562e+002  1.800393e-005
 6.955750e+002  1.681894e-005
 6.961937e+002  1.499824e-005
 6.968125e+002  1.433472e-005
 6.974312e+002  1.580917e-005
 6.980500e+002  1.622379e-005
 6.986687e+002  1.549371e-005
 6.992875e+002  1.546413e-005
 6.999062e+002  1.592436e-005
 7.005250e+002  1.678820e-005
 7.011437e+002  1.547999e-005
 7.017625e+002  1.522101e-005
 7.023812e+002  1.614983e-005
 7.030000e+002  1.671152e-005
 7.036187e+002  1.546948e-005
 7.042375e+002  1.449435e-005
 7.048562e+002  1.558401e-005
 7.054750e+002  1.573782e-005
 7.060937e+002  1.578051e-005
 7.067125e+002  1.480006e-005
 7.073312e+002  1.549230e-005
 7.079500e+002  1.474503e-005
 7.085687e+002  1.447137e-005
 7.091875e+002  1.598294e-005
 7.098062e+002  1.423662e-005
 7.104250e+002  1.484882e-005
 7.110437e+002  1.579949e-005
 7.116625e+002  1.486716e-005
 7.122812e+002  1.523279e-005
 7.129000e+002  1.662322e-005
 7.135187e+002  1.780103e-005
 7.141375e+002  1.632235e-005
 7.147562e+002  1.476786e-005
 7.153750e+002  1.377565e-005
 7.159937e+002  1.499458e-005
 7.166125e+002  1.641605e-005
 7.172312e+002  1.687329e-005
 7.178500e+002  1.622959e-005
 7.184687e+002  1.598606e-005
 7.190875e+002  1.526089e-005
 7.197062e+002  1.778244e-005
 7.203250e+002  2.287787e-005
 7.209437e+002  1.677479e-005
 7.215625e+002  1.597495e-005
 7.221812e+002  1.567150e-005
 7.228000e+002  1.602376e-005
 7.234187e+002  1.566309e-005
 7.240375e+002  1.609261e-005
 7.246562e+002  1.682906e-005
 7.252750e+002  1.584946e-005
 7.258937e+002  1.473166e-005
 7.265125e+002  1.546549e-005
 7.271312e+002  1.581257e-005
 7.277500e+002  1.508371e-005
 7.283687e+002  1.421952e-005
 7.289875e+002  1.341331e-005
 7.296062e+002  1.430767e-005
 7.302250e+002  1.518382e-005
 7.308437e+002  1.616983e-005
 7.314625e+002  1.515471e-005
 7.320812e+002  1.371676e-005
 7.327000e+002  1.491700e-005
 7.333187e+002  1.513894e-005
 7.339375e+002  1.648475e-005
 7.345562e+002  1.620279e-005
 7.351750e+002  1.493067e-005
 7.357937e+002  1.722947e-005
 7.364125e+002  1.635857e-005
 7.370312e+002  1.580902e-005
 7.376500e+002  1.630719e-005
 7.382687e+002  1.564098e-005
 7.388875e+002  1.556903e-005
 7.395062e+002  1.419539e-005
 7.401250e+002  1.498714e-005
 7.407437e+002  1.551068e-005
 7.413625e+002  1.432240e-005
 7.419812e+002  1.351193e-005
 7.426000e+002  1.440751e-005
 7.432187e+002  1.538593e-005
 7.438375e+002  1.565360e-005
 7.444562e+002  1.463257e-005
 7.450750e+002  1.473666e-005
 7.456937e+002  1.531543e-005
 7.463125e+002  1.574136e-005
 7.469312e+002  1.481568e-005
 7.475500e+002  1.551517e-005
 7.481687e+002  1.494684e-005
 7.487875e+002  1.617084e-005
 7.494062e+002  6.126047e-005
 7.500250e+002  9.674820e-005
 7.506437e+002  4.943652e-005
 7.512625e+002  1.520266e-005
 7.518812e+002  1.517413e-005
 7.525000e+002  1.498061e-005
 7.531187e+002  1.496571e-005
 7.537375e+002  1.619170e-005
 7.543562e+002  1.559430e-005
 7.549750e+002  1.479475e-005
 7.555937e+002  1.500802e-005
 7.562125e+002  1.567831e-005
 7.568312e+002  1.603095e-005
 7.574500e+002  1.601704e-005
 7.580687e+002  1.489654e-005
 7.586875e+002  1.424470e-005
 7.593062e+002  1.425832e-005
 7.599250e+002  1.537649e-005
 7.605437e+002  1.672900e-005
 7.611625e+002  1.577288e-005
 7.617812e+002  1.472464e-005
 7.624000e+002  1.555464e-005
 7.630187e+002  1.489360e-005
 7.636375e+002  1.460403e-005
 7.642562e+002  1.525510e-005
 7.648750e+002  1.511748e-005
 7.654937e+002  1.584343e-005
 7.661125e+002  1.581452e-005
 7.667312e+002  1.616450e-005
 7.673500e+002  1.527506e-005
 7.679687e+002  1.537283e-005
 7.685875e+002  1.591491e-005
 7.692062e+002  1.667285e-005
 7.698250e+002  1.603216e-005
 7.704437e+002  1.435230e-005
 7.710625e+002  1.487702e-005
 7.716812e+002  1.605538e-005
 7.723000e+002  1.592305e-005
 7.729187e+002  1.515184e-005
 7.735375e+002  1.339970e-005
 7.741562e+002  1.342651e-005
 7.747750e+002  1.403415e-005
 7.753937e+002  1.442614e-005
 7.760125e+002  1.502715e-005
 7.766312e+002  1.586965e-005
 7.772500e+002  1.604204e-005
 7.778687e+002  1.510945e-005
 7.784875e+002  1.501145e-005
 7.791062e+002  1.523175e-005
 7.797250e+002  1.650043e-005
 7.803437e+002  2.197674e-005
 7.809625e+002  1.679732e-005
 7.815812e+002  1.492310e-005
 7.822000e+002  1.468693e-005
 7.828187e+002  1.520836e-005
 7.834375e+002  1.483580e-005
 7.840562e+002  1.508493e-005
 7.846750e+002  1.508996e-005
 7.852937e+002  1.559922e-005
 7.859125e+002  1.560917e-005
 7.865312e+002  1.589488e-005
 7.871500e+002  1.460091e-005
 7.877687e+002  1.498086e-005
 7.883875e+002  1.560903e-005
 7.890062e+002  1.530778e-005
 7.896250e+002  1.483104e-005
 7.902437e+002  1.495107e-005
 7.908625e+002  1.649699e-005
 7.914812e+002  1.528684e-005
 7.921000e+002  1.539190e-005
 7.927187e+002  1.475417e-005
 7.933375e+002  1.592792e-005
 7.939562e+002  1.743472e-005
 7.945750e+002  1.671126e-005
 7.951937e+002  1.589476e-005
 7.958125e+002  1.716510e-005
 7.964312e+002  1.614612e-005
 7.970500e+002  1.471338e-005
 7.976687e+002  1.543465e-005
 7.982875e+002  1.594735e-005
 7.989062e+002  1.500964e-005
 7.995250e+002  1.561935e-005
 8.001437e+002  1.777325e-005
 8.007625e+002  1.663602e-005
 8.013812e+002  1.564774e-005
 8.020000e+002  1.634255e-005
 8.026187e+002  1.597003e-005
 8.032375e+002  1.572008e-005
 8.038562e+002  1.587612e-005
 8.044750e+002  1.629069e-005
 8.050937e+002  1.468996e-005
 8.057125e+002  1.388306e-005
 8.063312e+002  1.509970e-005
 8.069500e+002  1.580320e-005
 8.075687e+002  1.551298e-005
 8.081875e+002  1.542088e-005
 8.088062e+002  1.460718e-005
 8.094250e+002  1.448822e-005
 8.100437e+002  1.462803e-005
 8.106625e+002  1.444224e-005
 8.112812e+002  1.606735e-005
 8.119000e+002  1.571315e-005
 8.125187e+002  1.505675e-005
 8.131375e+002  1.418740e-005
 8.137562e+002  1.349815e-005
 8.143750e+002  1.357885e-005
 8.149937e+002  1.495727e-005
 8.156125e+002  1.582269e-005
 8.162312e+002  1.589323e-005
 8.168500e+002  1.476226e-005
 8.174687e+002  1.548453e-005
 8.180875e+002  1.530905e-005
 8.187062e+002  1.530424e-005
 8.193250e+002  1.537152e-005
 8.199437e+002  1.502853e-005
 8.205625e+002  1.506740e-005
 8.211812e+002  1.532737e-005
 8.218000e+002  1.614068e-005
 8.224187e+002  1.525595e-005
 8.230375e+002  1.462075e-005
 8.236562e+002  1.465039e-005
 8.242750e+002  1.380993e-005
 8.248937e+002  1.531069e-005
 8.255125e+002  1.515800e-005
 8.261312e+002  1.672132e-005
 8.267500e+002  1.635379e-005
 8.273687e+002  1.589838e-005
 8.279875e+002  1.493582e-005
 8.286062e+002  1.502133e-005
 8.292250e+002  1.502740e-005
 8.298437e+002  1.594327e-005
 8.304625e+002  1.532563e-005
 8.310812e+002  1.527069e-005
 8.317000e+002  1.552264e-005
 8.323187e+002  1.411521e-005
 8.329375e+002  1.411135e-005
 8.335562e+002  1.438751e-005
 8.341750e+002  1.372610e-005
 8.347937e+002  1.574256e-005
 8.354125e+002  1.545932e-005
 8.360312e+002  1.507952e-005
 8.366500e+002  1.519679e-005
 8.372687e+002  1.506715e-005
 8.378875e+002  1.549130e-005
 8.385062e+002  1.435691e-005
 8.391250e+002  1.525799e-005
 8.397437e+002  1.902840e-005
 8.403625e+002  2.382805e-005
 8.409812e+002  1.680749e-005
 8.416000e+002  1.547211e-005
 8.422187e+002  1.542416e-005
 8.428375e+002  1.525790e-005
 8.434562e+002  1.571387e-005
 8.440750e+002  1.481243e-005
 8.446937e+002  1.578572e-005
 8.453125e+002  1.514048e-005
 8.459312e+002  1.503976e-005
 8.465500e+002  1.680960e-005
 8.471687e+002  1.629942e-005
 8.477875e+002  1.588475e-005
 8.484062e+002  1.547632e-005
 8.490250e+002  2.096271e-005
 8.496437e+002  5.474822e-005
 8.502625e+002  5.553161e-005
 8.508812e+002  2.081630e-005
 8.515000e+002  1.540790e-005
 8.521187e+002  1.513270e-005
 8.527375e+002  1.451605e-005
 8.533562e+002  1.575564e-005
 8.539750e+002  1.500780e-005
 8.545937e+002  1.488083e-005
 8.552125e+002  1.469817e-005
 8.558312e+002  1.459460e-005
 8.564500e+002  1.549109e-005
 8.570687e+002  1.529098e-005
 8.576875e+002  1.495781e-005
 8.583062e+002  1.601135e-005
 8.589250e+002  1.553756e-005
 8.595437e+002  1.508421e-005
 8.601625e+002  1.362868e-005
 8.607812e+002  1.443841e-005
 8.614000e+002  1.395768e-005
 8.620187e+002  1.502737e-005
 8.626375e+002  1.610635e-005
 8.632562e+002  1.643698e-005
 8.638750e+002  1.629326e-005
 8.644937e+002  1.518120e-005
 8.651125e+002  1.534054e-005
 8.657312e+002  1.555775e-005
 8.663500e+002  1.504092e-005
 8.669687e+002  1.345607e-005
 8.675875e+002  1.386703e-005
 8.682062e+002  1.528300e-005
 8.688250e+002  1.485482e-005
 8.694437e+002  1.438775e-005
 8.700625e+002  1.381024e-005
 8.706812e+002  1.510474e-005
 8.713000e+002  1.561464e-005
 8.719187e+002  1.509527e-005
 8.725375e+002  1.448618e-005
 8.731562e+002  1.429073e-005
 8.737750e+002  1.549254e-005
 8.743937e+002  1.380441e-005
 8.750125e+002  1.452475e-005
 8.756312e+002  1.410180e-005
 8.762500e+002  1.440238e-005
 8.768687e+002  1.477998e-005
 8.774875e+002  1.377617e-005
 8.781062e+002  1.429007e-005
 8.787250e+002  1.574602e-005
 8.793437e+002  1.600229e-005
 8.799625e+002  1.584358e-005
 8.805812e+002  1.554265e-005
 8.812000e+002  1.473209e-005
 8.818187e+002  1.530351e-005
 8.824375e+002  1.515059e-005
 8.830562e+002  1.505429e-005
 8.836750e+002  1.516494e-005
 8.842937e+002  1.402740e-005
 8.849125e+002  1.425962e-005
 8.855312e+002  1.587027e-005
 8.861500e+002  1.632345e-005
 8.867687e+002  1.509407e-005
 8.873875e+002  1.471123e-005
 8.880062e+002  1.443793e-005
 8.886250e+002  1.571608e-005
 8.892437e+002  1.666406e-005
 8.898625e+002  1.643097e-005
 8.904812e+002  1.614960e-005
 8.911000e+002  1.609711e-005
 8.917187e+002  1.582876e-005
 8.923375e+002  1.468661e-005
 8.929562e+002  1.447372e-005
 8.935750e+002  1.513685e-005
 8.941937e+002  1.587614e-005
 8.948125e+002  1.568386e-005
 8.954312e+002  1.647967e-005
 8.960500e+002  1.584319e-005
 8.966687e+002  1.509187e-005
 8.972875e+002  1.450057e-005
 8.979062e+002  1.395378e-005
 8.985250e+002  1.425389e-005
 8.991437e+002  1.423454e-005
 8.997625e+002  1.807813e-005
 9.003812e+002  2.234857e-005
 9.010000e+002  1.548489e-005
 9.016187e+002  1.537787e-005
 9.022375e+002  1.602075e-005
 9.028562e+002  1.506862e-005
 9.034750e+002  1.636548e-005
 9.040937e+002  1.621360e-005
 9.047125e+002  1.476520e-005
 9.053312e+002  1.469174e-005
 9.059500e+002  1.490364e-005
 9.065687e+002  1.576961e-005
 9.071875e+002  1.552320e-005
 9.078062e+002  1.482094e-005
 9.084250e+002  1.415521e-005
 9.090437e+002  2.184528e-005
 9.096625e+002  2.627560e-005
 9.102812e+002  1.573258e-005
 9.109000e+002  1.480809e-005
 9.115187e+002  1.863852e-005
 9.121375e+002  1.705917e-005
 9.127562e+002  1.531695e-005
 9.133750e+002  1.532231e-005
 9.139937e+002  1.491229e-005
 9.146125e+002  1.614397e-005
 9.152312e+002  1.606404e-005
 9.158500e+002  1.596022e-005
 9.164687e+002  1.572667e-005
 9.170875e+002  1.681002e-005
 9.177062e+002  1.679208e-005
 9.183250e+002  1.488172e-005
 9.189437e+002  1.389591e-005
 9.195625e+002  1.384550e-005
 9.201812e+002  1.496013e-005
 9.208000e+002  1.529750e-005
 9.214187e+002  1.590738e-005
 9.220375e+002  1.697712e-005
 9.226562e+002  1.532853e-005
 9.232750e+002  1.486443e-005
 9.238937e+002  1.492874e-005
 9.245125e+002  1.487306e-005
 9.251312e+002  1.446137e-005
 9.257500e+002  1.464088e-005
 9.263687e+002  1.472434e-005
 9.269875e+002  1.438555e-005
 9.276062e+002  1.468835e-005
 9.282250e+002  1.673654e-005
 9.288437e+002  1.610805e-005
 9.294625e+002  1.584643e-005
 9.300812e+002  1.508738e-005
 9.307000e+002  1.440264e-005
 9.313187e+002  1.463442e-005
 9.319375e+002  1.356885e-005
 9.325562e+002  1.464933e-005
 9.331750e+002  1.528071e-005
 9.337937e+002  1.584307e-005
 9.344125e+002  1.573056e-005
 9.350312e+002  1.512925e-005
 9.356500e+002  1.505988e-005
 9.362687e+002  1.504546e-005
 9.368875e+002  1.468611e-005
 9.375062e+002  1.463096e-005
 9.381250e+002  1.427764e-005
 9.387437e+002  1.597378e-005
 9.393625e+002  1.609913e-005
 9.399812e+002  1.478288e-005
 9.406000e+002  1.532866e-005
 9.412187e+002  1.548476e-005
 9.418375e+002  1.515891e-005
 9.424562e+002  1.478933e-005
 9.430750e+002  1.549054e-005
 9.436937e+002  1.497355e-005
 9.443125e+002  1.472681e-005
 9.449312e+002  1.547964e-005
 9.455500e+002  1.596527e-005
 9.461687e+002  1.485179e-005
 9.467875e+002  1.430563e-005
 9.474062e+002  1.520321e-005
 9.480250e+002  1.596465e-005
 9.486437e+002  1.422053e-005
 9.492625e+002  3.365832e-005
 9.498812e+002  6.180531e-005
 9.505000e+002  4.223739e-005
 9.511187e+002  1.518863e-005
 9.517375e+002  1.390858e-005
 9.523562e+002  1.329711e-005
 9.529750e+002  1.362635e-005
 9.535937e+002  1.546509e-005
 9.542125e+002  1.569888e-005
 9.548312e+002  1.572363e-005
 9.554500e+002  1.518782e-005
 9.560687e+002  1.370827e-005
 9.566875e+002  1.458354e-005
 9.573062e+002  1.581505e-005
 9.579250e+002  1.522680e-005
 9.585437e+002  1.555764e-005
 9.591625e+002  1.557424e-005
 9.597812e+002  1.621157e-005
 9.604000e+002  1.967769e-005
 9.610187e+002  1.605796e-005
 9.616375e+002  1.474756e-005
 9.622562e+002  1.568505e-005
 9.628750e+002  1.500426e-005
 9.634937e+002  1.458893e-005
 9.641125e+002  1.318502e-005
 9.647312e+002  1.382697e-005
 9.653500e+002  1.544613e-005
 9.659687e+002  1.461571e-005
 9.665875e+002  1.370719e-005
 9.672062e+002  1.570691e-005
 9.678250e+002  1.580823e-005
 9.684437e+002  1.576396e-005
 9.690625e+002  1.671354e-005
 9.696812e+002  1.626422e-005
 9.703000e+002  1.576702e-005
 9.709187e+002  1.544728e-005
 9.715375e+002  1.469965e-005
 9.721562e+002  1.454610e-005
 9.727750e+002  1.497126e-005
 9.733937e+002  1.240020e-005
 9.740125e+002  1.354007e-005
 9.746312e+002  1.551426e-005
 9.752500e+002  1.637260e-005
 9.758687e+002  1.637833e-005
 9.764875e+002  1.645547e-005
 9.771062e+002  1.497100e-005
 9.777250e+002  1.338591e-005
 9.783437e+002  1.425767e-005
 9.789625e+002  1.519985e-005
 9.795812e+002  1.487659e-005
 9.802000e+002  1.521226e-005
 9.808187e+002  1.352816e-005
 9.814375e+002  1.535246e-005
 9.820562e+002  1.630499e-005
 9.826750e+002  1.522115e-005
 9.832937e+002  1.465714e-005
 9.839125e+002  1.430987e-005
 9.845312e+002  1.426676e-005
 9.851500e+002  1.571069e-005
 9.857687e+002  1.511278e-005
 9.863875e+002  1.461365e-005
 9.870062e+002  1.379501e-005
 9.876250e+002  1.488469e-005
 9.882437e+002  1.515142e-005
 9.888625e+002  1.447914e-005
 9.894812e+002  1.472866e-005
 9.901000e+002  1.502003e-005
 9.907187e+002  1.396269e-005
 9.913375e+002  1.487007e-005
 9.919562e+002  1.659369e-005
 9.925750e+002  1.637880e-005
 9.931937e+002  1.555403e-005
 9.938125e+002  1.665883e-005
 9.944312e+002  1.618823e-005
 9.950500e+002  1.632958e-005
 9.956687e+002  1.619991e-005
 9.962875e+002  1.518187e-005
 9.969062e+002  1.513730e-005
 9.975250e+002  1.418478e-005
 9.981437e+002  1.400878e-005
 9.987625e+002  1.550676e-005
 9.993812e+002  1.633106e-005
 1.000000e+003  1.552571e-005
