 1.000000e+000  6.186245e-004
 1.247500e+000  5.454700e-004
 1.495000e+000  5.119570e-004
 1.742500e+000  4.054452e-004
 1.990000e+000  4.158894e-004
 2.237500e+000  4.470699e-004
 2.485000e+000  4.092617e-004
 2.732500e+000  3.754543e-004
 2.980000e+000  4.060515e-004
 3.227500e+000  4.152357e-004
 3.475000e+000  3.879888e-004
 3.722500e+000  3.281242e-004
 3.970000e+000  3.467730e-004
 4.217500e+000  3.416199e-004
 4.465000e+000  3.526763e-004
 4.712500e+000  3.408865e-004
 4.960000e+000  2.661610e-004
 5.207500e+000  2.808193e-004
 5.455000e+000  3.391559e-004
 5.702500e+000  3.146450e-004
 5.950000e+000  2.979510e-004
 6.197500e+000  2.998610e-004
 6.445000e+000  3.343365e-004
 6.692500e+000  2.996931e-004
 6.940000e+000  2.901824e-004
 7.187500e+000  2.844325e-004
 7.435000e+000  2.640392e-004
 7.682500e+000  3.558585e-004
 7.930000e+000  4.040117e-004
 8.177500e+000  3.266600e-004
 8.425000e+000  2.837825e-004
 8.672500e+000  2.445600e-004
 8.920000e+000  2.270874e-004
 9.167500e+000  3.064232e-004
 9.415000e+000  2.722920e-004
 9.662500e+000  2.438551e-004
 9.910000e+000  2.738028e-004
 1.015750e+001  2.512868e-004
 1.040500e+001  2.666563e-004
 1.065250e+001  2.782522e-004
 1.090000e+001  2.823737e-004
 1.114750e+001  2.195855e-004
 1.139500e+001  2.045320e-004
 1.164250e+001  1.935511e-004
 1.189000e+001  2.537397e-004
 1.213750e+001  3.444691e-004
 1.238500e+001  2.603045e-004
 1.263250e+001  2.143291e-004
 1.288000e+001  2.064024e-004
 1.312750e+001  2.025688e-004
 1.337500e+001  2.432949e-004
 1.362250e+001  2.410345e-004
 1.387000e+001  2.206079e-004
 1.411750e+001  2.147227e-004
 1.436500e+001  1.883746e-004
 1.461250e+001  1.919897e-004
 1.486000e+001  2.067143e-004
 1.510750e+001  2.228736e-004
 1.535500e+001  1.926544e-004
 1.560250e+001  2.324264e-004
 1.585000e+001  2.300214e-004
 1.609750e+001  2.116152e-004
 1.634500e+001  1.929142e-004
 1.659250e+001  1.645553e-004
 1.684000e+001  1.917436e-004
 1.708750e+001  2.258836e-004
 1.733500e+001  1.974620e-004
 1.758250e+001  2.011797e-004
 1.783000e+001  2.802207e-004
 1.807750e+001  2.106542e-004
 1.832500e+001  1.682270e-004
 1.857250e+001  1.779773e-004
 1.882000e+001  1.821999e-004
 1.906750e+001  1.729859e-004
 1.931500e+001  1.498537e-004
 1.956250e+001  1.480597e-004
 1.981000e+001  1.480666e-004
 2.005750e+001  1.358967e-004
 2.030500e+001  1.347545e-004
 2.055250e+001  1.724840e-004
 2.080000e+001  1.710042e-004
 2.104750e+001  1.521388e-004
 2.129500e+001  1.611180e-004
 2.154250e+001  1.569940e-004
 2.179000e+001  1.415216e-004
 2.203750e+001  1.370839e-004
 2.228500e+001  1.441713e-004
 2.253250e+001  1.500491e-004
 2.278000e+001  1.250511e-004
 2.302750e+001  1.397988e-004
 2.327500e+001  1.383254e-004
 2.352250e+001  1.283344e-004
 2.377000e+001  1.341153e-004
 2.401750e+001  1.440628e-004
 2.426500e+001  1.480087e-004
 2.451250e+001  1.321746e-004
 2.476000e+001  1.273910e-004
 2.500750e+001  1.294815e-004
 2.525500e+001  1.156408e-004
 2.550250e+001  1.176565e-004
 2.575000e+001  1.316122e-004
 2.599750e+001  1.306773e-004
 2.624500e+001  1.132832e-004
 2.649250e+001  1.120379e-004
 2.674000e+001  1.150906e-004
 2.698750e+001  1.133509e-004
 2.723500e+001  1.220097e-004
 2.748250e+001  1.225767e-004
 2.773000e+001  1.871713e-004
 2.797750e+001  1.925144e-004
 2.822500e+001  1.273311e-004
 2.847250e+001  1.038921e-004
 2.872000e+001  1.115610e-004
 2.896750e+001  1.278848e-004
 2.921500e+001  1.510656e-004
 2.946250e+001  1.147290e-004
 2.971000e+001  9.067405e-005
 2.995750e+001  8.862846e-005
 3.020500e+001  1.048175e-004
 3.045250e+001  1.128471e-004
 3.070000e+001  1.197306e-004
 3.094750e+001  1.073196e-004
 3.119500e+001  1.008859e-004
 3.144250e+001  9.407955e-005
 3.169000e+001  9.973122e-005
 3.193750e+001  8.823063e-005
 3.218500e+001  1.058329e-004
 3.243250e+001  9.551632e-005
 3.268000e+001  9.263550e-005
 3.292750e+001  8.680237e-005
 3.317500e+001  8.601334e-005
 3.342250e+001  9.171053e-005
 3.367000e+001  8.393808e-005
 3.391750e+001  8.720115e-005
 3.416500e+001  7.751791e-005
 3.441250e+001  8.447126e-005
 3.466000e+001  7.896264e-005
 3.490750e+001  7.611439e-005
 3.515500e+001  9.040584e-005
 3.540250e+001  1.033602e-004
 3.565000e+001  1.628246e-004
 3.589750e+001  1.442766e-004
 3.614500e+001  7.329123e-005
 3.639250e+001  7.835407e-005
 3.664000e+001  7.672938e-005
 3.688750e+001  8.395803e-005
 3.713500e+001  1.077321e-004
 3.738250e+001  9.085079e-005
 3.763000e+001  8.006950e-005
 3.787750e+001  8.329365e-005
 3.812500e+001  6.859367e-005
 3.837250e+001  7.506144e-005
 3.862000e+001  6.772452e-005
 3.886750e+001  6.672230e-005
 3.911500e+001  6.602706e-005
 3.936250e+001  6.482632e-005
 3.961000e+001  6.427687e-005
 3.985750e+001  6.475765e-005
 4.010500e+001  7.280850e-005
 4.035250e+001  6.970335e-005
 4.060000e+001  7.155350e-005
 4.084750e+001  7.032239e-005
 4.109500e+001  6.430039e-005
 4.134250e+001  6.751284e-005
 4.159000e+001  6.248378e-005
 4.183750e+001  6.416630e-005
 4.208500e+001  6.388082e-005
 4.233250e+001  6.174239e-005
 4.258000e+001  5.966960e-005
 4.282750e+001  6.576589e-005
 4.307500e+001  6.990246e-005
 4.332250e+001  6.076894e-005
 4.357000e+001  6.178354e-005
 4.381750e+001  6.078983e-005
 4.406500e+001  5.999091e-005
 4.431250e+001  7.000616e-005
 4.456000e+001  6.254794e-005
 4.480750e+001  5.747378e-005
 4.505500e+001  6.114637e-005
 4.530250e+001  4.895694e-005
 4.555000e+001  5.251629e-005
 4.579750e+001  6.014087e-005
 4.604500e+001  6.087386e-005
 4.629250e+001  5.859889e-005
 4.654000e+001  5.761544e-005
 4.678750e+001  5.675115e-005
 4.703500e+001  4.899467e-005
 4.728250e+001  5.335479e-005
 4.753000e+001  5.249501e-005
 4.777750e+001  7.018837e-005
 4.802500e+001  7.679071e-005
 4.827250e+001  5.782437e-005
 4.852000e+001  5.395937e-005
 4.876750e+001  5.173802e-005
 4.901500e+001  4.963679e-005
 4.926250e+001  7.155314e-005
 4.951000e+001  6.977881e-005
 4.975750e+001  9.847492e-004
 5.000500e+001  1.779420e-003
 5.025250e+001  8.164407e-004
 5.050000e+001  5.405296e-005
 5.074750e+001  5.045153e-005
 5.099500e+001  5.716124e-005
 5.124250e+001  4.996964e-005
 5.149000e+001  4.774331e-005
 5.173750e+001  4.857000e-005
 5.198500e+001  4.957229e-005
 5.223250e+001  5.632787e-005
 5.248000e+001  5.105853e-005
 5.272750e+001  5.072990e-005
 5.297500e+001  4.996592e-005
 5.322250e+001  5.132893e-005
 5.347000e+001  6.341194e-005
 5.371750e+001  7.017913e-005
 5.396500e+001  4.632070e-005
 5.421250e+001  4.405001e-005
 5.446000e+001  4.638485e-005
 5.470750e+001  4.950092e-005
 5.495500e+001  4.575411e-005
 5.520250e+001  4.231297e-005
 5.545000e+001  4.493061e-005
 5.569750e+001  4.437020e-005
 5.594500e+001  4.421225e-005
 5.619250e+001  4.432562e-005
 5.644000e+001  4.290646e-005
 5.668750e+001  4.455539e-005
 5.693500e+001  4.800125e-005
 5.718250e+001  5.167515e-005
 5.743000e+001  3.966096e-005
 5.767750e+001  4.767575e-005
 5.792500e+001  5.177891e-005
 5.817250e+001  4.665488e-005
 5.842000e+001  4.398798e-005
 5.866750e+001  4.639914e-005
 5.891500e+001  4.570903e-005
 5.916250e+001  4.383152e-005
 5.941000e+001  4.565723e-005
 5.965750e+001  6.340196e-005
 5.990500e+001  2.381909e-004
 6.015250e+001  2.390555e-004
 6.040000e+001  6.702390e-005
 6.064750e+001  4.575184e-005
 6.089500e+001  4.599405e-005
 6.114250e+001  3.894254e-005
 6.139000e+001  3.786381e-005
 6.163750e+001  4.418152e-005
 6.188500e+001  3.943818e-005
 6.213250e+001  3.983099e-005
 6.238000e+001  3.592439e-005
 6.262750e+001  4.110008e-005
 6.287500e+001  4.272259e-005
 6.312250e+001  4.221151e-005
 6.337000e+001  4.623729e-005
 6.361750e+001  4.539248e-005
 6.386500e+001  4.428340e-005
 6.411250e+001  3.923438e-005
 6.436000e+001  3.549554e-005
 6.460750e+001  3.785147e-005
 6.485500e+001  3.551730e-005
 6.510250e+001  3.809413e-005
 6.535000e+001  3.941213e-005
 6.559750e+001  3.887218e-005
 6.584500e+001  3.978547e-005
 6.609250e+001  3.834283e-005
 6.634000e+001  3.605323e-005
 6.658750e+001  4.078245e-005
 6.683500e+001  3.926136e-005
 6.708250e+001  3.476748e-005
 6.733000e+001  3.787911e-005
 6.757750e+001  3.562600e-005
 6.782500e+001  3.693120e-005
 6.807250e+001  4.314604e-005
 6.832000e+001  3.442664e-005
 6.856750e+001  3.211851e-005
 6.881500e+001  3.483826e-005
 6.906250e+001  3.290390e-005
 6.931000e+001  4.116896e-005
 6.955750e+001  3.677482e-005
 6.980500e+001  3.817224e-005
 7.005250e+001  3.694235e-005
 7.030000e+001  3.365284e-005
 7.054750e+001  3.646719e-005
 7.079500e+001  3.667984e-005
 7.104250e+001  3.615035e-005
 7.129000e+001  4.284213e-005
 7.153750e+001  4.719763e-005
 7.178500e+001  3.448019e-005
 7.203250e+001  3.470016e-005
 7.228000e+001  3.791024e-005
 7.252750e+001  3.421343e-005
 7.277500e+001  3.182397e-005
 7.302250e+001  2.922373e-005
 7.327000e+001  3.138361e-005
 7.351750e+001  3.386953e-005
 7.376500e+001  3.290686e-005
 7.401250e+001  3.381627e-005
 7.426000e+001  3.415848e-005
 7.450750e+001  3.094448e-005
 7.475500e+001  3.338695e-005
 7.500250e+001  3.641934e-005
 7.525000e+001  3.672694e-005
 7.549750e+001  3.340238e-005
 7.574500e+001  2.953472e-005
 7.599250e+001  3.544867e-005
 7.624000e+001  3.517431e-005
 7.648750e+001  3.450103e-005
 7.673500e+001  3.160013e-005
 7.698250e+001  2.982505e-005
 7.723000e+001  3.459965e-005
 7.747750e+001  2.791315e-005
 7.772500e+001  2.769036e-005
 7.797250e+001  2.998982e-005
 7.822000e+001  3.098508e-005
 7.846750e+001  3.380784e-005
 7.871500e+001  3.110232e-005
 7.896250e+001  3.114486e-005
 7.921000e+001  3.180831e-005
 7.945750e+001  2.921166e-005
 7.970500e+001  2.860474e-005
 7.995250e+001  2.818541e-005
 8.020000e+001  3.452672e-005
 8.044750e+001  5.057187e-005
 8.069500e+001  5.292749e-005
 8.094250e+001  3.964979e-005
 8.119000e+001  3.310420e-005
 8.143750e+001  2.851363e-005
 8.168500e+001  2.958088e-005
 8.193250e+001  3.204679e-005
 8.218000e+001  2.673386e-005
 8.242750e+001  2.854485e-005
 8.267500e+001  2.873145e-005
 8.292250e+001  2.956861e-005
 8.317000e+001  2.949454e-005
 8.341750e+001  3.135326e-005
 8.366500e+001  3.063194e-005
 8.391250e+001  2.711214e-005
 8.416000e+001  2.760021e-005
 8.440750e+001  3.125465e-005
 8.465500e+001  3.337374e-005
 8.490250e+001  2.877420e-005
 8.515000e+001  2.654398e-005
 8.539750e+001  2.786197e-005
 8.564500e+001  3.108656e-005
 8.589250e+001  3.214943e-005
 8.614000e+001  2.877105e-005
 8.638750e+001  2.814298e-005
 8.663500e+001  2.821850e-005
 8.688250e+001  2.971035e-005
 8.713000e+001  2.925192e-005
 8.737750e+001  2.813355e-005
 8.762500e+001  3.096689e-005
 8.787250e+001  2.726336e-005
 8.812000e+001  2.988205e-005
 8.836750e+001  2.810913e-005
 8.861500e+001  2.585159e-005
 8.886250e+001  2.700946e-005
 8.911000e+001  3.425368e-005
 8.935750e+001  4.942232e-005
 8.960500e+001  3.753662e-005
 8.985250e+001  2.889046e-005
 9.010000e+001  3.009150e-005
 9.034750e+001  3.293530e-005
 9.059500e+001  3.263913e-005
 9.084250e+001  3.159514e-005
 9.109000e+001  3.122105e-005
 9.133750e+001  2.693484e-005
 9.158500e+001  2.984992e-005
 9.183250e+001  3.221601e-005
 9.208000e+001  2.587794e-005
 9.232750e+001  2.532206e-005
 9.257500e+001  2.870119e-005
 9.282250e+001  3.003643e-005
 9.307000e+001  2.991693e-005
 9.331750e+001  2.492321e-005
 9.356500e+001  2.505986e-005
 9.381250e+001  2.826071e-005
 9.406000e+001  3.137962e-005
 9.430750e+001  3.077581e-005
 9.455500e+001  3.045728e-005
 9.480250e+001  2.784879e-005
 9.505000e+001  2.898882e-005
 9.529750e+001  2.512393e-005
 9.554500e+001  2.427995e-005
 9.579250e+001  2.381728e-005
 9.604000e+001  2.554949e-005
 9.628750e+001  2.551083e-005
 9.653500e+001  2.498640e-005
 9.678250e+001  2.633160e-005
 9.703000e+001  3.041698e-005
 9.727750e+001  3.275569e-005
 9.752500e+001  3.025772e-005
 9.777250e+001  2.846410e-005
 9.802000e+001  2.475760e-005
 9.826750e+001  2.466749e-005
 9.851500e+001  2.739148e-005
 9.876250e+001  2.446098e-005
 9.901000e+001  2.576308e-005
 9.925750e+001  2.638502e-005
 9.950500e+001  2.711765e-005
 9.975250e+001  6.862514e-005
 1.000000e+002  1.104827e-004
