 1.000000e+000  3.182794e-004
 1.247500e+000  3.012942e-004
 1.495000e+000  2.733718e-004
 1.742500e+000  2.345592e-004
 1.990000e+000  2.198156e-004
 2.237500e+000  2.307459e-004
 2.485000e+000  2.405718e-004
 2.732500e+000  2.225519e-004
 2.980000e+000  2.110071e-004
 3.227500e+000  1.914689e-004
 3.475000e+000  1.704027e-004
 3.722500e+000  1.618533e-004
 3.970000e+000  1.411291e-004
 4.217500e+000  1.427262e-004
 4.465000e+000  1.346138e-004
 4.712500e+000  1.268335e-004
 4.960000e+000  1.058507e-004
 5.207500e+000  1.127910e-004
 5.455000e+000  1.125371e-004
 5.702500e+000  1.002055e-004
 5.950000e+000  1.029540e-004
 6.197500e+000  1.012951e-004
 6.445000e+000  9.910291e-005
 6.692500e+000  8.889954e-005
 6.940000e+000  8.840469e-005
 7.187500e+000  9.134307e-005
 7.435000e+000  8.270328e-005
 7.682500e+000  8.105581e-005
 7.930000e+000  8.510113e-005
 8.177500e+000  7.564946e-005
 8.425000e+000  7.083102e-005
 8.672500e+000  7.400093e-005
 8.920000e+000  7.022055e-005
 9.167500e+000  6.108560e-005
 9.415000e+000  5.805428e-005
 9.662500e+000  6.932151e-005
 9.910000e+000  6.297571e-005
 1.015750e+001  5.409817e-005
 1.040500e+001  6.074600e-005
 1.065250e+001  5.692777e-005
 1.090000e+001  5.520514e-005
 1.114750e+001  5.875366e-005
 1.139500e+001  5.460476e-005
 1.164250e+001  5.284810e-005
 1.189000e+001  5.572257e-005
 1.213750e+001  5.319289e-005
 1.238500e+001  5.006904e-005
 1.263250e+001  4.868560e-005
 1.288000e+001  5.281762e-005
 1.312750e+001  4.973597e-005
 1.337500e+001  5.302967e-005
 1.362250e+001  5.345345e-005
 1.387000e+001  4.647779e-005
 1.411750e+001  4.273488e-005
 1.436500e+001  4.388335e-005
 1.461250e+001  4.091855e-005
 1.486000e+001  4.489510e-005
 1.510750e+001  4.527994e-005
 1.535500e+001  4.384286e-005
 1.560250e+001  4.549949e-005
 1.585000e+001  3.993062e-005
 1.609750e+001  4.096251e-005
 1.634500e+001  4.345851e-005
 1.659250e+001  4.265393e-005
 1.684000e+001  4.054278e-005
 1.708750e+001  4.109616e-005
 1.733500e+001  4.403388e-005
 1.758250e+001  4.012368e-005
 1.783000e+001  3.854807e-005
 1.807750e+001  3.717115e-005
 1.832500e+001  3.667659e-005
 1.857250e+001  3.811354e-005
 1.882000e+001  4.135250e-005
 1.906750e+001  3.863136e-005
 1.931500e+001  3.740300e-005
 1.956250e+001  3.498266e-005
 1.981000e+001  3.419433e-005
 2.005750e+001  3.615010e-005
 2.030500e+001  3.719149e-005
 2.055250e+001  3.434129e-005
 2.080000e+001  3.371134e-005
 2.104750e+001  3.708622e-005
 2.129500e+001  3.596009e-005
 2.154250e+001  3.324686e-005
 2.179000e+001  3.199896e-005
 2.203750e+001  3.123438e-005
 2.228500e+001  3.266782e-005
 2.253250e+001  3.178659e-005
 2.278000e+001  2.672648e-005
 2.302750e+001  2.820898e-005
 2.327500e+001  3.493662e-005
 2.352250e+001  3.195092e-005
 2.377000e+001  3.056479e-005
 2.401750e+001  3.360432e-005
 2.426500e+001  3.102604e-005
 2.451250e+001  3.205403e-005
 2.476000e+001  3.134846e-005
 2.500750e+001  2.889867e-005
 2.525500e+001  3.462197e-005
 2.550250e+001  3.341194e-005
 2.575000e+001  2.917043e-005
 2.599750e+001  3.178091e-005
 2.624500e+001  2.950670e-005
 2.649250e+001  2.892147e-005
 2.674000e+001  3.204702e-005
 2.698750e+001  3.113627e-005
 2.723500e+001  3.041251e-005
 2.748250e+001  3.405400e-005
 2.773000e+001  3.252421e-005
 2.797750e+001  3.015564e-005
 2.822500e+001  3.009522e-005
 2.847250e+001  2.897641e-005
 2.872000e+001  3.100515e-005
 2.896750e+001  3.000485e-005
 2.921500e+001  2.637272e-005
 2.946250e+001  2.571729e-005
 2.971000e+001  2.646868e-005
 2.995750e+001  2.980010e-005
 3.020500e+001  2.794851e-005
 3.045250e+001  2.856931e-005
 3.070000e+001  2.804898e-005
 3.094750e+001  2.896822e-005
 3.119500e+001  3.021708e-005
 3.144250e+001  3.024233e-005
 3.169000e+001  3.057284e-005
 3.193750e+001  2.959839e-005
 3.218500e+001  2.828111e-005
 3.243250e+001  2.968129e-005
 3.268000e+001  2.861334e-005
 3.292750e+001  2.840759e-005
 3.317500e+001  2.675360e-005
 3.342250e+001  2.589621e-005
 3.367000e+001  2.762441e-005
 3.391750e+001  2.688778e-005
 3.416500e+001  2.506189e-005
 3.441250e+001  2.302162e-005
 3.466000e+001  2.458303e-005
 3.490750e+001  2.831557e-005
 3.515500e+001  2.758319e-005
 3.540250e+001  2.605910e-005
 3.565000e+001  2.710394e-005
 3.589750e+001  2.662194e-005
 3.614500e+001  2.549304e-005
 3.639250e+001  2.612599e-005
 3.664000e+001  2.697779e-005
 3.688750e+001  2.580308e-005
 3.713500e+001  2.679397e-005
 3.738250e+001  2.569766e-005
 3.763000e+001  2.450387e-005
 3.787750e+001  2.585702e-005
 3.812500e+001  2.637835e-005
 3.837250e+001  2.617740e-005
 3.862000e+001  2.633692e-005
 3.886750e+001  2.449417e-005
 3.911500e+001  2.588116e-005
 3.936250e+001  2.706551e-005
 3.961000e+001  2.247206e-005
 3.985750e+001  2.293999e-005
 4.010500e+001  2.675605e-005
 4.035250e+001  2.648139e-005
 4.060000e+001  3.295608e-005
 4.084750e+001  3.183685e-005
 4.109500e+001  2.212596e-005
 4.134250e+001  2.532083e-005
 4.159000e+001  2.533676e-005
 4.183750e+001  2.633050e-005
 4.208500e+001  2.443362e-005
 4.233250e+001  2.274220e-005
 4.258000e+001  2.341787e-005
 4.282750e+001  2.559204e-005
 4.307500e+001  2.451626e-005
 4.332250e+001  2.272300e-005
 4.357000e+001  2.422189e-005
 4.381750e+001  2.326367e-005
 4.406500e+001  2.249610e-005
 4.431250e+001  2.385626e-005
 4.456000e+001  2.364312e-005
 4.480750e+001  2.398563e-005
 4.505500e+001  2.244698e-005
 4.530250e+001  2.204293e-005
 4.555000e+001  2.199962e-005
 4.579750e+001  2.318069e-005
 4.604500e+001  2.227078e-005
 4.629250e+001  2.533640e-005
 4.654000e+001  2.456687e-005
 4.678750e+001  2.193722e-005
 4.703500e+001  2.303406e-005
 4.728250e+001  2.240067e-005
 4.753000e+001  2.336182e-005
 4.777750e+001  2.405514e-005
 4.802500e+001  2.296944e-005
 4.827250e+001  2.359318e-005
 4.852000e+001  2.297753e-005
 4.876750e+001  2.195991e-005
 4.901500e+001  2.243162e-005
 4.926250e+001  2.417178e-005
 4.951000e+001  3.235969e-005
 4.975750e+001  1.165595e-003
 5.000500e+001  2.227436e-003
 5.025250e+001  1.072374e-003
 5.050000e+001  2.870409e-005
 5.074750e+001  2.249016e-005
 5.099500e+001  2.242207e-005
 5.124250e+001  2.199986e-005
 5.149000e+001  2.347545e-005
 5.173750e+001  2.288784e-005
 5.198500e+001  2.553008e-005
 5.223250e+001  2.455621e-005
 5.248000e+001  2.334795e-005
 5.272750e+001  2.100362e-005
 5.297500e+001  2.381946e-005
 5.322250e+001  2.247494e-005
 5.347000e+001  2.206209e-005
 5.371750e+001  2.148830e-005
 5.396500e+001  2.415629e-005
 5.421250e+001  2.454314e-005
 5.446000e+001  2.203085e-005
 5.470750e+001  2.146839e-005
 5.495500e+001  2.269536e-005
 5.520250e+001  2.070744e-005
 5.545000e+001  2.197514e-005
 5.569750e+001  2.125331e-005
 5.594500e+001  2.087233e-005
 5.619250e+001  1.917416e-005
 5.644000e+001  2.121310e-005
 5.668750e+001  2.190087e-005
 5.693500e+001  1.999638e-005
 5.718250e+001  2.198614e-005
 5.743000e+001  2.362853e-005
 5.767750e+001  2.133560e-005
 5.792500e+001  2.076361e-005
 5.817250e+001  2.222391e-005
 5.842000e+001  2.173588e-005
 5.866750e+001  2.044076e-005
 5.891500e+001  2.038259e-005
 5.916250e+001  1.805996e-005
 5.941000e+001  2.169316e-005
 5.965750e+001  3.693037e-005
 5.990500e+001  1.350001e-004
 6.015250e+001  1.302099e-004
 6.040000e+001  3.401402e-005
 6.064750e+001  2.178762e-005
 6.089500e+001  1.804798e-005
 6.114250e+001  2.152776e-005
 6.139000e+001  2.233658e-005
 6.163750e+001  2.241119e-005
 6.188500e+001  1.947619e-005
 6.213250e+001  1.955552e-005
 6.238000e+001  2.086689e-005
 6.262750e+001  2.185659e-005
 6.287500e+001  2.142709e-005
 6.312250e+001  2.032454e-005
 6.337000e+001  2.289065e-005
 6.361750e+001  2.471176e-005
 6.386500e+001  2.180451e-005
 6.411250e+001  1.975492e-005
 6.436000e+001  1.884639e-005
 6.460750e+001  2.081697e-005
 6.485500e+001  2.223259e-005
 6.510250e+001  2.179051e-005
 6.535000e+001  1.844139e-005
 6.559750e+001  1.762953e-005
 6.584500e+001  1.896922e-005
 6.609250e+001  1.985982e-005
 6.634000e+001  2.134626e-005
 6.658750e+001  2.005858e-005
 6.683500e+001  1.782599e-005
 6.708250e+001  1.783981e-005
 6.733000e+001  1.841735e-005
 6.757750e+001  1.834739e-005
 6.782500e+001  2.009368e-005
 6.807250e+001  2.142601e-005
 6.832000e+001  2.306965e-005
 6.856750e+001  2.115363e-005
 6.881500e+001  2.070815e-005
 6.906250e+001  2.128165e-005
 6.931000e+001  1.999757e-005
 6.955750e+001  1.731866e-005
 6.980500e+001  2.117860e-005
 7.005250e+001  2.212718e-005
 7.030000e+001  2.027497e-005
 7.054750e+001  2.165517e-005
 7.079500e+001  2.091389e-005
 7.104250e+001  1.984764e-005
 7.129000e+001  2.004804e-005
 7.153750e+001  1.855187e-005
 7.178500e+001  2.004257e-005
 7.203250e+001  2.014939e-005
 7.228000e+001  1.844122e-005
 7.252750e+001  1.775314e-005
 7.277500e+001  2.021164e-005
 7.302250e+001  1.946265e-005
 7.327000e+001  2.072972e-005
 7.351750e+001  2.066891e-005
 7.376500e+001  2.003061e-005
 7.401250e+001  1.896374e-005
 7.426000e+001  1.956548e-005
 7.450750e+001  1.968651e-005
 7.475500e+001  1.962333e-005
 7.500250e+001  2.122145e-005
 7.525000e+001  1.934012e-005
 7.549750e+001  1.790198e-005
 7.574500e+001  1.991246e-005
 7.599250e+001  1.983544e-005
 7.624000e+001  1.859395e-005
 7.648750e+001  1.895887e-005
 7.673500e+001  1.815341e-005
 7.698250e+001  1.830665e-005
 7.723000e+001  2.039927e-005
 7.747750e+001  2.116170e-005
 7.772500e+001  2.046167e-005
 7.797250e+001  1.972992e-005
 7.822000e+001  1.919852e-005
 7.846750e+001  1.991786e-005
 7.871500e+001  2.225820e-005
 7.896250e+001  2.035634e-005
 7.921000e+001  1.868565e-005
 7.945750e+001  1.866712e-005
 7.970500e+001  1.977412e-005
 7.995250e+001  2.081628e-005
 8.020000e+001  2.031986e-005
 8.044750e+001  2.051330e-005
 8.069500e+001  2.167132e-005
 8.094250e+001  2.145001e-005
 8.119000e+001  2.480304e-005
 8.143750e+001  4.320724e-005
 8.168500e+001  4.128348e-005
 8.193250e+001  2.183993e-005
 8.218000e+001  2.073365e-005
 8.242750e+001  1.937106e-005
 8.267500e+001  1.872171e-005
 8.292250e+001  1.910805e-005
 8.317000e+001  1.908634e-005
 8.341750e+001  1.852948e-005
 8.366500e+001  1.848043e-005
 8.391250e+001  1.908595e-005
 8.416000e+001  1.930453e-005
 8.440750e+001  1.857057e-005
 8.465500e+001  1.880916e-005
 8.490250e+001  1.961292e-005
 8.515000e+001  2.048985e-005
 8.539750e+001  2.009110e-005
 8.564500e+001  2.072881e-005
 8.589250e+001  1.975583e-005
 8.614000e+001  1.772134e-005
 8.638750e+001  1.700342e-005
 8.663500e+001  1.621272e-005
 8.688250e+001  1.916429e-005
 8.713000e+001  1.895634e-005
 8.737750e+001  1.920314e-005
 8.762500e+001  1.976071e-005
 8.787250e+001  1.912902e-005
 8.812000e+001  1.880858e-005
 8.836750e+001  1.862906e-005
 8.861500e+001  2.097951e-005
 8.886250e+001  2.124293e-005
 8.911000e+001  2.167627e-005
 8.935750e+001  2.274431e-005
 8.960500e+001  2.051185e-005
 8.985250e+001  1.905411e-005
 9.010000e+001  1.902388e-005
 9.034750e+001  1.848613e-005
 9.059500e+001  1.905195e-005
 9.084250e+001  1.932761e-005
 9.109000e+001  1.743770e-005
 9.133750e+001  1.782552e-005
 9.158500e+001  1.722067e-005
 9.183250e+001  1.819864e-005
 9.208000e+001  1.840340e-005
 9.232750e+001  1.710247e-005
 9.257500e+001  1.717015e-005
 9.282250e+001  1.878545e-005
 9.307000e+001  1.925590e-005
 9.331750e+001  1.860518e-005
 9.356500e+001  1.783761e-005
 9.381250e+001  1.669115e-005
 9.406000e+001  1.859536e-005
 9.430750e+001  1.988046e-005
 9.455500e+001  1.924718e-005
 9.480250e+001  1.937068e-005
 9.505000e+001  1.975617e-005
 9.529750e+001  1.813347e-005
 9.554500e+001  1.777838e-005
 9.579250e+001  1.760905e-005
 9.604000e+001  1.661770e-005
 9.628750e+001  1.736363e-005
 9.653500e+001  1.739772e-005
 9.678250e+001  1.834197e-005
 9.703000e+001  1.812856e-005
 9.727750e+001  1.835400e-005
 9.752500e+001  1.910727e-005
 9.777250e+001  1.804426e-005
 9.802000e+001  1.778268e-005
 9.826750e+001  1.977755e-005
 9.851500e+001  2.040587e-005
 9.876250e+001  1.818552e-005
 9.901000e+001  1.683560e-005
 9.925750e+001  1.737476e-005
 9.950500e+001  1.673565e-005
 9.975250e+001  3.722213e-005
 1.000000e+002  6.603422e-005
