 1.000000e+001  7.588209e-004
 1.061875e+001  7.703189e-004
 1.123750e+001  7.526400e-004
 1.185625e+001  7.283719e-004
 1.247500e+001  7.520451e-004
 1.309375e+001  7.592415e-004
 1.371250e+001  7.509823e-004
 1.433125e+001  6.598358e-004
 1.495000e+001  6.864736e-004
 1.556875e+001  8.228409e-004
 1.618750e+001  8.731883e-004
 1.680625e+001  9.282814e-004
 1.742500e+001  1.056521e-003
 1.804375e+001  1.028207e-003
 1.866250e+001  8.079330e-004
 1.928125e+001  7.673235e-004
 1.990000e+001  7.250440e-004
 2.051875e+001  7.088342e-004
 2.113750e+001  7.861856e-004
 2.175625e+001  8.823777e-004
 2.237500e+001  8.308208e-004
 2.299375e+001  8.114986e-004
 2.361250e+001  7.023116e-004
 2.423125e+001  7.030353e-004
 2.485000e+001  7.092489e-004
 2.546875e+001  7.301778e-004
 2.608750e+001  7.302985e-004
 2.670625e+001  7.414665e-004
 2.732500e+001  7.820218e-004
 2.794375e+001  8.220406e-004
 2.856250e+001  6.159064e-004
 2.918125e+001  7.127418e-004
 2.980000e+001  7.994188e-004
 3.041875e+001  7.942533e-004
 3.103750e+001  7.135526e-004
 3.165625e+001  7.217752e-004
 3.227500e+001  7.347548e-004
 3.289375e+001  6.732435e-004
 3.351250e+001  6.118441e-004
 3.413125e+001  5.094875e-004
 3.475000e+001  4.703744e-004
 3.536875e+001  8.139925e-004
 3.598750e+001  8.532158e-004
 3.660625e+001  6.370575e-004
 3.722500e+001  5.455136e-004
 3.784375e+001  5.189428e-004
 3.846250e+001  5.397575e-004
 3.908125e+001  5.067037e-004
 3.970000e+001  5.186877e-004
 4.031875e+001  5.262767e-004
 4.093750e+001  5.025896e-004
 4.155625e+001  4.790350e-004
 4.217500e+001  5.004060e-004
 4.279375e+001  5.002394e-004
 4.341250e+001  5.189764e-004
 4.403125e+001  5.335669e-004
 4.465000e+001  4.543013e-004
 4.526875e+001  4.289890e-004
 4.588750e+001  4.390930e-004
 4.650625e+001  4.244129e-004
 4.712500e+001  4.430542e-004
 4.774375e+001  4.501289e-004
 4.836250e+001  5.471640e-004
 4.898125e+001  1.707915e-003
 4.960000e+001  1.173702e-002
 5.021875e+001  1.412147e-002
 5.083750e+001  3.831672e-003
 5.145625e+001  6.169168e-004
 5.207500e+001  4.468910e-004
 5.269375e+001  4.379840e-004
 5.331250e+001  4.618463e-004
 5.393125e+001  3.832182e-004
 5.455000e+001  3.361479e-004
 5.516875e+001  3.034192e-004
 5.578750e+001  3.037514e-004
 5.640625e+001  3.468244e-004
 5.702500e+001  3.464078e-004
 5.764375e+001  3.152425e-004
 5.826250e+001  3.023871e-004
 5.888125e+001  2.896041e-004
 5.950000e+001  2.863255e-004
 6.011875e+001  2.643714e-004
 6.073750e+001  2.766134e-004
 6.135625e+001  3.021923e-004
 6.197500e+001  2.661934e-004
 6.259375e+001  2.414613e-004
 6.321250e+001  3.038385e-004
 6.383125e+001  2.657665e-004
 6.445000e+001  2.699181e-004
 6.506875e+001  2.394867e-004
 6.568750e+001  2.498394e-004
 6.630625e+001  2.740195e-004
 6.692500e+001  2.740125e-004
 6.754375e+001  2.904349e-004
 6.816250e+001  2.732436e-004
 6.878125e+001  2.912182e-004
 6.940000e+001  3.068178e-004
 7.001875e+001  2.579997e-004
 7.063750e+001  2.398781e-004
 7.125625e+001  2.747755e-004
 7.187500e+001  2.480748e-004
 7.249375e+001  2.027955e-004
 7.311250e+001  1.765765e-004
 7.373125e+001  2.139040e-004
 7.435000e+001  2.265739e-004
 7.496875e+001  2.062333e-004
 7.558750e+001  1.952054e-004
 7.620625e+001  1.987122e-004
 7.682500e+001  2.214399e-004
 7.744375e+001  2.449495e-004
 7.806250e+001  2.122197e-004
 7.868125e+001  2.122605e-004
 7.930000e+001  1.888199e-004
 7.991875e+001  1.904120e-004
 8.053750e+001  1.673749e-004
 8.115625e+001  1.753579e-004
 8.177500e+001  1.914717e-004
 8.239375e+001  1.944417e-004
 8.301250e+001  1.869900e-004
 8.363125e+001  1.691803e-004
 8.425000e+001  1.575122e-004
 8.486875e+001  1.787252e-004
 8.548750e+001  1.686168e-004
 8.610625e+001  1.665695e-004
 8.672500e+001  1.677547e-004
 8.734375e+001  1.812278e-004
 8.796250e+001  1.767442e-004
 8.858125e+001  2.080306e-004
 8.920000e+001  2.798186e-004
 8.981875e+001  1.937902e-004
 9.043750e+001  1.436816e-004
 9.105625e+001  1.583102e-004
 9.167500e+001  1.613512e-004
 9.229375e+001  1.560479e-004
 9.291250e+001  1.444506e-004
 9.353125e+001  1.401867e-004
 9.415000e+001  1.364919e-004
 9.476875e+001  1.487382e-004
 9.538750e+001  1.296794e-004
 9.600625e+001  1.290421e-004
 9.662500e+001  1.444758e-004
 9.724375e+001  1.427051e-004
 9.786250e+001  1.232108e-004
 9.848125e+001  1.275711e-004
 9.910000e+001  1.476517e-004
 9.971875e+001  2.884330e-004
 1.003375e+002  2.774631e-004
 1.009563e+002  1.681606e-004
 1.015750e+002  1.445751e-004
 1.021938e+002  1.456484e-004
 1.028125e+002  1.371348e-004
 1.034313e+002  1.371886e-004
 1.040500e+002  1.410909e-004
 1.046688e+002  1.408386e-004
 1.052875e+002  1.169857e-004
 1.059063e+002  1.185804e-004
 1.065250e+002  1.357992e-004
 1.071438e+002  1.401428e-004
 1.077625e+002  1.337661e-004
 1.083813e+002  1.251637e-004
 1.090000e+002  1.247648e-004
 1.096188e+002  1.249627e-004
 1.102375e+002  1.236777e-004
 1.108563e+002  1.202882e-004
 1.114750e+002  1.167983e-004
 1.120938e+002  1.200174e-004
 1.127125e+002  1.077781e-004
 1.133313e+002  1.293935e-004
 1.139500e+002  1.243459e-004
 1.145688e+002  1.483842e-004
 1.151875e+002  1.475196e-004
 1.158063e+002  1.227046e-004
 1.164250e+002  1.117823e-004
 1.170438e+002  1.164297e-004
 1.176625e+002  1.194720e-004
 1.182813e+002  1.161823e-004
 1.189000e+002  1.035862e-004
 1.195188e+002  1.417639e-004
 1.201375e+002  1.482989e-004
 1.207563e+002  1.068497e-004
 1.213750e+002  1.099455e-004
 1.219938e+002  1.159407e-004
 1.226125e+002  1.188365e-004
 1.232313e+002  1.162297e-004
 1.238500e+002  1.102997e-004
 1.244688e+002  1.252446e-004
 1.250875e+002  1.194298e-004
 1.257063e+002  1.089445e-004
 1.263250e+002  1.075219e-004
 1.269438e+002  1.057444e-004
 1.275625e+002  1.073208e-004
 1.281813e+002  1.101332e-004
 1.288000e+002  1.099647e-004
 1.294188e+002  1.038241e-004
 1.300375e+002  9.485891e-005
 1.306563e+002  1.059509e-004
 1.312750e+002  1.046123e-004
 1.318938e+002  9.729524e-005
 1.325125e+002  1.003701e-004
 1.331313e+002  1.028787e-004
 1.337500e+002  9.237391e-005
 1.343688e+002  9.181926e-005
 1.349875e+002  8.487891e-005
 1.356063e+002  8.958690e-005
 1.362250e+002  1.028670e-004
 1.368438e+002  1.074215e-004
 1.374625e+002  9.507528e-005
 1.380813e+002  9.055976e-005
 1.387000e+002  9.595538e-005
 1.393188e+002  8.962219e-005
 1.399375e+002  8.786981e-005
 1.405563e+002  7.649293e-005
 1.411750e+002  9.438147e-005
 1.417938e+002  9.878653e-005
 1.424125e+002  9.708833e-005
 1.430313e+002  9.203501e-005
 1.436500e+002  8.403325e-005
 1.442688e+002  8.304291e-005
 1.448875e+002  9.053238e-005
 1.455063e+002  8.973848e-005
 1.461250e+002  9.804678e-005
 1.467438e+002  1.005064e-004
 1.473625e+002  8.123486e-005
 1.479813e+002  9.696595e-005
 1.486000e+002  1.982804e-004
 1.492188e+002  2.211794e-003
 1.498375e+002  6.598429e-003
 1.504563e+002  4.720888e-003
 1.510750e+002  4.602528e-004
 1.516938e+002  1.212376e-004
 1.523125e+002  9.092179e-005
 1.529313e+002  7.910702e-005
 1.535500e+002  7.103401e-005
 1.541688e+002  7.371735e-005
 1.547875e+002  7.474906e-005
 1.554063e+002  7.820814e-005
 1.560250e+002  8.025949e-005
 1.566438e+002  8.967896e-005
 1.572625e+002  7.992418e-005
 1.578813e+002  8.385507e-005
 1.585000e+002  8.867249e-005
 1.591188e+002  8.611730e-005
 1.597375e+002  9.618991e-005
 1.603563e+002  9.655131e-005
 1.609750e+002  8.413960e-005
 1.615938e+002  8.159133e-005
 1.622125e+002  7.474818e-005
 1.628313e+002  7.130143e-005
 1.634500e+002  7.797205e-005
 1.640688e+002  8.046454e-005
 1.646875e+002  8.401664e-005
 1.653063e+002  8.673674e-005
 1.659250e+002  8.002689e-005
 1.665438e+002  8.130287e-005
 1.671625e+002  7.943304e-005
 1.677813e+002  7.248448e-005
 1.684000e+002  8.580370e-005
 1.690188e+002  8.071159e-005
 1.696375e+002  7.441354e-005
 1.702563e+002  7.383993e-005
 1.708750e+002  6.986511e-005
 1.714938e+002  7.014620e-005
 1.721125e+002  6.869987e-005
 1.727313e+002  7.202095e-005
 1.733500e+002  7.227037e-005
 1.739688e+002  6.766852e-005
 1.745875e+002  7.148653e-005
 1.752063e+002  7.735501e-005
 1.758250e+002  6.837173e-005
 1.764438e+002  6.987373e-005
 1.770625e+002  7.181180e-005
 1.776813e+002  7.708931e-005
 1.783000e+002  7.238715e-005
 1.789188e+002  7.135393e-005
 1.795375e+002  1.017097e-004
 1.801563e+002  1.332184e-004
 1.807750e+002  8.175872e-005
 1.813938e+002  6.279018e-005
 1.820125e+002  6.359911e-005
 1.826313e+002  5.956165e-005
 1.832500e+002  6.377616e-005
 1.838688e+002  6.070591e-005
 1.844875e+002  7.119973e-005
 1.851063e+002  7.561444e-005
 1.857250e+002  6.567178e-005
 1.863438e+002  7.073722e-005
 1.869625e+002  6.617238e-005
 1.875813e+002  6.854760e-005
 1.882000e+002  6.458023e-005
 1.888188e+002  6.449554e-005
 1.894375e+002  7.150846e-005
 1.900563e+002  7.260429e-005
 1.906750e+002  6.800368e-005
 1.912938e+002  5.943602e-005
 1.919125e+002  6.811835e-005
 1.925313e+002  6.770236e-005
 1.931500e+002  6.904414e-005
 1.937688e+002  7.560146e-005
 1.943875e+002  7.349167e-005
 1.950063e+002  6.695382e-005
 1.956250e+002  6.396029e-005
 1.962438e+002  5.934886e-005
 1.968625e+002  6.277968e-005
 1.974813e+002  5.776872e-005
 1.981000e+002  5.583712e-005
 1.987188e+002  5.718840e-005
 1.993375e+002  1.446458e-004
 1.999563e+002  2.856286e-004
 2.005750e+002  1.750915e-004
 2.011938e+002  7.200694e-005
 2.018125e+002  7.068967e-005
 2.024313e+002  6.489610e-005
 2.030500e+002  6.454672e-005
 2.036688e+002  6.273420e-005
 2.042875e+002  6.025987e-005
 2.049063e+002  7.057282e-005
 2.055250e+002  6.615864e-005
 2.061438e+002  5.826948e-005
 2.067625e+002  5.903112e-005
 2.073813e+002  5.932448e-005
 2.080000e+002  5.881447e-005
 2.086188e+002  6.025408e-005
 2.092375e+002  5.879806e-005
 2.098563e+002  6.481287e-005
 2.104750e+002  6.502693e-005
 2.110938e+002  5.841957e-005
 2.117125e+002  6.567234e-005
 2.123313e+002  6.278111e-005
 2.129500e+002  5.943996e-005
 2.135688e+002  5.919085e-005
 2.141875e+002  6.246906e-005
 2.148063e+002  7.469095e-005
 2.154250e+002  7.422855e-005
 2.160438e+002  6.754008e-005
 2.166625e+002  6.474156e-005
 2.172813e+002  6.501971e-005
 2.179000e+002  5.625577e-005
 2.185188e+002  5.678526e-005
 2.191375e+002  6.204439e-005
 2.197563e+002  5.765302e-005
 2.203750e+002  5.671458e-005
 2.209938e+002  5.251276e-005
 2.216125e+002  5.690326e-005
 2.222313e+002  6.324040e-005
 2.228500e+002  5.662564e-005
 2.234688e+002  5.630953e-005
 2.240875e+002  6.094682e-005
 2.247063e+002  5.941143e-005
 2.253250e+002  5.769869e-005
 2.259438e+002  5.715509e-005
 2.265625e+002  5.664107e-005
 2.271813e+002  5.551316e-005
 2.278000e+002  5.428483e-005
 2.284188e+002  4.791313e-005
 2.290375e+002  5.893701e-005
 2.296563e+002  5.998864e-005
 2.302750e+002  4.900217e-005
 2.308938e+002  5.240763e-005
 2.315125e+002  5.804405e-005
 2.321313e+002  5.308406e-005
 2.327500e+002  5.390419e-005
 2.333688e+002  5.947106e-005
 2.339875e+002  5.303767e-005
 2.346063e+002  5.326095e-005
 2.352250e+002  5.521656e-005
 2.358438e+002  5.768587e-005
 2.364625e+002  6.028619e-005
 2.370813e+002  5.293251e-005
 2.377000e+002  5.280795e-005
 2.383188e+002  5.340691e-005
 2.389375e+002  5.186641e-005
 2.395563e+002  9.488759e-005
 2.401750e+002  1.487910e-004
 2.407938e+002  8.146974e-005
 2.414125e+002  6.180288e-005
 2.420313e+002  5.657521e-005
 2.426500e+002  6.006834e-005
 2.432688e+002  5.780149e-005
 2.438875e+002  5.606980e-005
 2.445063e+002  5.340153e-005
 2.451250e+002  5.231147e-005
 2.457438e+002  5.251451e-005
 2.463625e+002  5.328056e-005
 2.469813e+002  5.269848e-005
 2.476000e+002  5.382462e-005
 2.482188e+002  5.189531e-005
 2.488375e+002  8.018344e-005
 2.494563e+002  1.061768e-003
 2.500750e+002  1.722582e-003
 2.506938e+002  6.964176e-004
 2.513125e+002  5.729973e-005
 2.519313e+002  5.266244e-005
 2.525500e+002  5.227823e-005
 2.531688e+002  4.794225e-005
 2.537875e+002  5.009620e-005
 2.544063e+002  4.674991e-005
 2.550250e+002  4.867940e-005
 2.556438e+002  5.082632e-005
 2.562625e+002  4.850698e-005
 2.568813e+002  4.580240e-005
 2.575000e+002  4.632153e-005
 2.581188e+002  5.130461e-005
 2.587375e+002  4.838729e-005
 2.593563e+002  4.988490e-005
 2.599750e+002  5.617205e-005
 2.605938e+002  5.284130e-005
 2.612125e+002  4.926031e-005
 2.618313e+002  4.845003e-005
 2.624500e+002  4.757051e-005
 2.630688e+002  5.242041e-005
 2.636875e+002  5.321920e-005
 2.643063e+002  4.814780e-005
 2.649250e+002  4.870111e-005
 2.655438e+002  4.929490e-005
 2.661625e+002  5.195256e-005
 2.667813e+002  4.790568e-005
 2.674000e+002  4.566565e-005
 2.680188e+002  3.686206e-005
 2.686375e+002  3.701690e-005
 2.692563e+002  4.364730e-005
 2.698750e+002  4.484870e-005
 2.704938e+002  4.513541e-005
 2.711125e+002  5.035303e-005
 2.717313e+002  4.909932e-005
 2.723500e+002  5.058150e-005
 2.729688e+002  4.889079e-005
 2.735875e+002  4.851976e-005
 2.742063e+002  4.907203e-005
 2.748250e+002  4.308768e-005
 2.754438e+002  4.238202e-005
 2.760625e+002  4.996111e-005
 2.766813e+002  5.173757e-005
 2.773000e+002  4.716684e-005
 2.779188e+002  4.990408e-005
 2.785375e+002  4.530703e-005
 2.791563e+002  4.804779e-005
 2.797750e+002  4.885680e-005
 2.803938e+002  4.971161e-005
 2.810125e+002  4.670576e-005
 2.816313e+002  4.682632e-005
 2.822500e+002  4.741569e-005
 2.828688e+002  5.630366e-005
 2.834875e+002  4.991214e-005
 2.841063e+002  4.394779e-005
 2.847250e+002  4.595257e-005
 2.853438e+002  4.599693e-005
 2.859625e+002  4.649476e-005
 2.865813e+002  4.214165e-005
 2.872000e+002  4.471756e-005
 2.878188e+002  4.786998e-005
 2.884375e+002  4.618620e-005
 2.890563e+002  4.861822e-005
 2.896750e+002  4.982870e-005
 2.902938e+002  4.341726e-005
 2.909125e+002  4.670534e-005
 2.915313e+002  4.596325e-005
 2.921500e+002  4.411216e-005
 2.927688e+002  4.475338e-005
 2.933875e+002  4.414805e-005
 2.940063e+002  4.038994e-005
 2.946250e+002  4.332722e-005
 2.952438e+002  3.881442e-005
 2.958625e+002  3.788685e-005
 2.964813e+002  4.299502e-005
 2.971000e+002  4.502729e-005
 2.977188e+002  5.047904e-005
 2.983375e+002  5.161680e-005
 2.989563e+002  5.085413e-005
 2.995750e+002  1.420527e-004
 3.001938e+002  2.041448e-004
 3.008125e+002  9.302647e-005
 3.014313e+002  4.086976e-005
 3.020500e+002  5.320725e-005
 3.026688e+002  3.413103e-004
 3.032875e+002  4.853831e-004
 3.039063e+002  1.730778e-004
 3.045250e+002  4.352182e-005
 3.051438e+002  4.378725e-005
 3.057625e+002  4.432892e-005
 3.063813e+002  4.191382e-005
 3.070000e+002  5.083643e-005
 3.076188e+002  4.364349e-005
 3.082375e+002  3.778567e-005
 3.088563e+002  4.011083e-005
 3.094750e+002  4.256254e-005
 3.100938e+002  3.989893e-005
 3.107125e+002  4.405673e-005
 3.113313e+002  4.866093e-005
 3.119500e+002  4.495432e-005
 3.125688e+002  4.675703e-005
 3.131875e+002  4.195561e-005
 3.138063e+002  4.413823e-005
 3.144250e+002  4.185607e-005
 3.150437e+002  3.652324e-005
 3.156625e+002  4.088615e-005
 3.162812e+002  4.571330e-005
 3.169000e+002  4.393016e-005
 3.175187e+002  4.505587e-005
 3.181375e+002  3.977704e-005
 3.187562e+002  3.645940e-005
 3.193750e+002  4.313292e-005
 3.199937e+002  4.599866e-005
 3.206125e+002  4.327551e-005
 3.212312e+002  4.282990e-005
 3.218500e+002  4.075049e-005
 3.224687e+002  3.824083e-005
 3.230875e+002  4.169706e-005
 3.237062e+002  4.216608e-005
 3.243250e+002  4.227452e-005
 3.249437e+002  4.331015e-005
 3.255625e+002  4.067301e-005
 3.261812e+002  3.788422e-005
 3.268000e+002  3.812093e-005
 3.274187e+002  3.679955e-005
 3.280375e+002  4.014372e-005
 3.286562e+002  4.121285e-005
 3.292750e+002  3.862994e-005
 3.298937e+002  4.487021e-005
 3.305125e+002  4.636473e-005
 3.311312e+002  4.377086e-005
 3.317500e+002  4.118096e-005
 3.323687e+002  3.904743e-005
 3.329875e+002  4.028132e-005
 3.336062e+002  4.291538e-005
 3.342250e+002  4.339171e-005
 3.348437e+002  4.153860e-005
 3.354625e+002  4.390248e-005
 3.360812e+002  4.873962e-005
 3.367000e+002  4.478011e-005
 3.373187e+002  3.823172e-005
 3.379375e+002  3.785939e-005
 3.385562e+002  3.949772e-005
 3.391750e+002  3.908998e-005
 3.397937e+002  3.821900e-005
 3.404125e+002  3.784400e-005
 3.410312e+002  3.681212e-005
 3.416500e+002  3.918722e-005
 3.422687e+002  3.985737e-005
 3.428875e+002  4.059061e-005
 3.435062e+002  4.206779e-005
 3.441250e+002  4.465876e-005
 3.447437e+002  4.244165e-005
 3.453625e+002  3.824632e-005
 3.459812e+002  4.303516e-005
 3.466000e+002  3.837573e-005
 3.472187e+002  3.680696e-005
 3.478375e+002  3.991856e-005
 3.484562e+002  5.893967e-005
 3.490750e+002  3.702059e-004
 3.496937e+002  1.618209e-003
 3.503125e+002  1.550293e-003
 3.509312e+002  3.092908e-004
 3.515500e+002  5.745442e-005
 3.521687e+002  4.372500e-005
 3.527875e+002  3.522856e-005
 3.534062e+002  3.899493e-005
 3.540250e+002  4.050993e-005
 3.546437e+002  3.620877e-005
 3.552625e+002  3.796249e-005
 3.558812e+002  3.971554e-005
 3.565000e+002  3.672605e-005
 3.571187e+002  4.109294e-005
 3.577375e+002  3.944998e-005
 3.583562e+002  4.008161e-005
 3.589750e+002  3.892774e-005
 3.595937e+002  1.096842e-004
 3.602125e+002  1.768998e-004
 3.608312e+002  8.034769e-005
 3.614500e+002  3.540210e-005
 3.620687e+002  3.843254e-005
 3.626875e+002  3.863322e-005
 3.633062e+002  3.171737e-005
 3.639250e+002  3.418868e-005
 3.645437e+002  3.397278e-005
 3.651625e+002  3.347976e-005
 3.657812e+002  3.807859e-005
 3.664000e+002  3.938782e-005
 3.670187e+002  3.648396e-005
 3.676375e+002  3.133906e-005
 3.682562e+002  3.389742e-005
 3.688750e+002  3.764254e-005
 3.694937e+002  3.690163e-005
 3.701125e+002  3.617774e-005
 3.707312e+002  3.142032e-005
 3.713500e+002  3.651762e-005
 3.719687e+002  3.754353e-005
 3.725875e+002  3.660379e-005
 3.732062e+002  3.498135e-005
 3.738250e+002  3.293272e-005
 3.744437e+002  3.689521e-005
 3.750625e+002  3.372755e-005
 3.756812e+002  3.241805e-005
 3.763000e+002  3.525903e-005
 3.769187e+002  3.495090e-005
 3.775375e+002  3.233046e-005
 3.781562e+002  3.150327e-005
 3.787750e+002  3.332239e-005
 3.793937e+002  3.360085e-005
 3.800125e+002  3.291856e-005
 3.806312e+002  3.554750e-005
 3.812500e+002  3.856337e-005
 3.818687e+002  3.868980e-005
 3.824875e+002  3.754133e-005
 3.831062e+002  3.726893e-005
 3.837250e+002  3.624880e-005
 3.843437e+002  3.775815e-005
 3.849625e+002  3.345909e-005
 3.855812e+002  3.344171e-005
 3.862000e+002  3.247228e-005
 3.868187e+002  3.260389e-005
 3.874375e+002  3.239468e-005
 3.880562e+002  3.817240e-005
 3.886750e+002  3.596850e-005
 3.892937e+002  3.586103e-005
 3.899125e+002  3.400173e-005
 3.905312e+002  3.639297e-005
 3.911500e+002  3.397258e-005
 3.917687e+002  3.453651e-005
 3.923875e+002  3.706124e-005
 3.930062e+002  3.191038e-005
 3.936250e+002  3.170112e-005
 3.942437e+002  3.191506e-005
 3.948625e+002  3.261435e-005
 3.954812e+002  3.423375e-005
 3.961000e+002  3.427660e-005
 3.967187e+002  3.143601e-005
 3.973375e+002  3.484946e-005
 3.979562e+002  3.664560e-005
 3.985750e+002  3.525328e-005
 3.991937e+002  3.763728e-005
 3.998125e+002  7.499060e-005
 4.004312e+002  6.250567e-005
 4.010500e+002  3.762633e-005
 4.016687e+002  3.706852e-005
 4.022875e+002  3.587896e-005
 4.029062e+002  3.667276e-005
 4.035250e+002  3.323245e-005
 4.041437e+002  3.485730e-005
 4.047625e+002  3.428650e-005
 4.053812e+002  3.193796e-005
 4.060000e+002  3.087268e-005
 4.066187e+002  3.105167e-005
 4.072375e+002  2.939016e-005
 4.078562e+002  3.314673e-005
 4.084750e+002  3.503591e-005
 4.090937e+002  3.283952e-005
 4.097125e+002  3.460848e-005
 4.103312e+002  3.329158e-005
 4.109500e+002  3.193464e-005
 4.115687e+002  3.520801e-005
 4.121875e+002  3.236711e-005
 4.128062e+002  3.113519e-005
 4.134250e+002  3.433974e-005
 4.140437e+002  3.183717e-005
 4.146625e+002  3.020739e-005
 4.152812e+002  2.989566e-005
 4.159000e+002  3.259110e-005
 4.165187e+002  3.552252e-005
 4.171375e+002  3.098797e-005
 4.177562e+002  2.583361e-005
 4.183750e+002  2.834105e-005
 4.189937e+002  3.264023e-005
 4.196125e+002  1.143481e-004
 4.202312e+002  1.883470e-004
 4.208500e+002  8.318616e-005
 4.214687e+002  3.193677e-005
 4.220875e+002  3.520028e-005
 4.227062e+002  3.424259e-005
 4.233250e+002  3.074563e-005
 4.239437e+002  3.020133e-005
 4.245625e+002  3.006131e-005
 4.251812e+002  3.297058e-005
 4.258000e+002  3.391942e-005
 4.264187e+002  3.229982e-005
 4.270375e+002  3.168200e-005
 4.276562e+002  3.617884e-005
 4.282750e+002  3.416337e-005
 4.288937e+002  3.201236e-005
 4.295125e+002  3.215599e-005
 4.301312e+002  3.808702e-005
 4.307500e+002  3.795059e-005
 4.313687e+002  3.240719e-005
 4.319875e+002  3.015007e-005
 4.326062e+002  2.876824e-005
 4.332250e+002  3.067272e-005
 4.338437e+002  2.990639e-005
 4.344625e+002  2.838412e-005
 4.350812e+002  3.360530e-005
 4.357000e+002  2.922534e-005
 4.363187e+002  3.186311e-005
 4.369375e+002  3.281718e-005
 4.375562e+002  3.060849e-005
 4.381750e+002  3.248342e-005
 4.387937e+002  2.969092e-005
 4.394125e+002  3.146805e-005
 4.400312e+002  3.324548e-005
 4.406500e+002  2.920803e-005
 4.412687e+002  3.078071e-005
 4.418875e+002  3.154058e-005
 4.425062e+002  3.000799e-005
 4.431250e+002  3.318828e-005
 4.437437e+002  3.205034e-005
 4.443625e+002  3.307291e-005
 4.449812e+002  3.110260e-005
 4.456000e+002  3.109147e-005
 4.462187e+002  3.307629e-005
 4.468375e+002  3.136692e-005
 4.474562e+002  2.992890e-005
 4.480750e+002  2.997738e-005
 4.486937e+002  3.458255e-005
 4.493125e+002  4.625292e-004
 4.499312e+002  9.938663e-004
 4.505500e+002  5.695353e-004
 4.511687e+002  4.444910e-005
 4.517875e+002  2.877639e-005
 4.524062e+002  3.066613e-005
 4.530250e+002  3.290995e-005
 4.536437e+002  2.997594e-005
 4.542625e+002  3.048293e-005
 4.548812e+002  2.893721e-005
 4.555000e+002  2.998735e-005
 4.561187e+002  2.935022e-005
 4.567375e+002  2.827500e-005
 4.573562e+002  2.943309e-005
 4.579750e+002  2.890154e-005
 4.585937e+002  3.028614e-005
 4.592125e+002  2.950933e-005
 4.598312e+002  3.124588e-005
 4.604500e+002  3.345401e-005
 4.610687e+002  3.049282e-005
 4.616875e+002  3.333289e-005
 4.623062e+002  3.695667e-005
 4.629250e+002  3.089442e-005
 4.635437e+002  2.896238e-005
 4.641625e+002  3.037159e-005
 4.647812e+002  2.820213e-005
 4.654000e+002  2.576839e-005
 4.660187e+002  2.906139e-005
 4.666375e+002  2.628696e-005
 4.672562e+002  2.565850e-005
 4.678750e+002  2.578180e-005
 4.684937e+002  2.714928e-005
 4.691125e+002  2.858888e-005
 4.697312e+002  2.800116e-005
 4.703500e+002  2.982787e-005
 4.709687e+002  3.015534e-005
 4.715875e+002  3.014239e-005
 4.722062e+002  3.166230e-005
 4.728250e+002  2.939935e-005
 4.734437e+002  2.725172e-005
 4.740625e+002  2.617982e-005
 4.746812e+002  2.956043e-005
 4.753000e+002  2.580259e-005
 4.759187e+002  2.373718e-005
 4.765375e+002  2.753067e-005
 4.771562e+002  2.846054e-005
 4.777750e+002  3.018825e-005
 4.783937e+002  3.231956e-005
 4.790125e+002  3.337144e-005
 4.796312e+002  1.145957e-004
 4.802500e+002  1.952229e-004
 4.808687e+002  9.130328e-005
 4.814875e+002  2.640305e-005
 4.821062e+002  2.801107e-005
 4.827250e+002  2.762560e-005
 4.833437e+002  2.962699e-005
 4.839625e+002  3.035300e-005
 4.845812e+002  3.264499e-005
 4.852000e+002  3.135723e-005
 4.858187e+002  3.034988e-005
 4.864375e+002  2.914198e-005
 4.870562e+002  2.763007e-005
 4.876750e+002  2.461273e-005
 4.882937e+002  2.809455e-005
 4.889125e+002  2.854878e-005
 4.895312e+002  3.079400e-005
 4.901500e+002  2.880088e-005
 4.907687e+002  2.851885e-005
 4.913875e+002  2.902575e-005
 4.920062e+002  3.025117e-005
 4.926250e+002  2.644312e-005
 4.932437e+002  2.954483e-005
 4.938625e+002  2.834272e-005
 4.944812e+002  2.834171e-005
 4.951000e+002  3.001802e-005
 4.957187e+002  2.726997e-005
 4.963375e+002  2.462472e-005
 4.969562e+002  2.915017e-005
 4.975750e+002  3.150871e-005
 4.981937e+002  2.989280e-005
 4.988125e+002  3.138472e-005
 4.994312e+002  3.554167e-005
 5.000500e+002  4.405108e-005
 5.006687e+002  3.108449e-005
 5.012875e+002  2.586335e-005
 5.019062e+002  2.365496e-005
 5.025250e+002  2.654077e-005
 5.031437e+002  2.830867e-005
 5.037625e+002  2.376204e-005
 5.043812e+002  2.449340e-005
 5.050000e+002  2.355902e-005
 5.056187e+002  2.576554e-005
 5.062375e+002  2.601482e-005
 5.068562e+002  2.698466e-005
 5.074750e+002  2.670362e-005
 5.080937e+002  2.342561e-005
 5.087125e+002  2.546711e-005
 5.093312e+002  2.593466e-005
 5.099500e+002  2.510649e-005
 5.105687e+002  2.579146e-005
 5.111875e+002  2.814336e-005
 5.118062e+002  2.601925e-005
 5.124250e+002  2.459442e-005
 5.130437e+002  2.545735e-005
 5.136625e+002  2.432887e-005
 5.142812e+002  2.777553e-005
 5.149000e+002  2.743462e-005
 5.155187e+002  2.445297e-005
 5.161375e+002  2.657404e-005
 5.167562e+002  2.996818e-005
 5.173750e+002  2.893658e-005
 5.179937e+002  2.670813e-005
 5.186125e+002  2.719929e-005
 5.192312e+002  2.727136e-005
 5.198500e+002  2.631295e-005
 5.204687e+002  2.570336e-005
 5.210875e+002  2.709636e-005
 5.217062e+002  2.433507e-005
 5.223250e+002  2.784056e-005
 5.229437e+002  2.528482e-005
 5.235625e+002  2.271915e-005
 5.241812e+002  2.222637e-005
 5.248000e+002  2.537163e-005
 5.254187e+002  2.683229e-005
 5.260375e+002  3.105906e-005
 5.266562e+002  3.231050e-005
 5.272750e+002  2.872806e-005
 5.278937e+002  2.421541e-005
 5.285125e+002  2.327101e-005
 5.291312e+002  2.655651e-005
 5.297500e+002  2.894300e-005
 5.303687e+002  2.800057e-005
 5.309875e+002  2.426057e-005
 5.316062e+002  2.184032e-005
 5.322250e+002  2.527068e-005
 5.328437e+002  2.451133e-005
 5.334625e+002  2.632288e-005
 5.340812e+002  2.675408e-005
 5.347000e+002  2.532168e-005
 5.353187e+002  2.360339e-005
 5.359375e+002  2.291294e-005
 5.365562e+002  2.764383e-005
 5.371750e+002  2.494713e-005
 5.377937e+002  2.201068e-005
 5.384125e+002  2.391943e-005
 5.390312e+002  2.789426e-005
 5.396500e+002  1.157634e-004
 5.402687e+002  1.956334e-004
 5.408875e+002  8.624112e-005
 5.415062e+002  2.820555e-005
 5.421250e+002  2.472745e-005
 5.427437e+002  2.130647e-005
 5.433625e+002  2.483355e-005
 5.439812e+002  2.538707e-005
 5.446000e+002  2.337360e-005
 5.452187e+002  2.162450e-005
 5.458375e+002  2.342722e-005
 5.464562e+002  2.699707e-005
 5.470750e+002  2.445696e-005
 5.476937e+002  2.312261e-005
 5.483125e+002  2.393002e-005
 5.489312e+002  3.609075e-005
 5.495500e+002  1.985352e-004
 5.501687e+002  2.491497e-004
 5.507875e+002  8.179333e-005
 5.514062e+002  2.335648e-005
 5.520250e+002  2.731128e-005
 5.526437e+002  2.401796e-005
 5.532625e+002  3.094246e-005
 5.538812e+002  2.642192e-005
 5.545000e+002  2.598421e-005
 5.551187e+002  2.965549e-005
 5.557375e+002  2.738941e-005
 5.563562e+002  2.233023e-005
 5.569750e+002  2.530218e-005
 5.575937e+002  2.546757e-005
 5.582125e+002  2.921149e-005
 5.588312e+002  2.781283e-005
 5.594500e+002  2.639294e-005
 5.600687e+002  2.636976e-005
 5.606875e+002  2.829165e-005
 5.613062e+002  2.661534e-005
 5.619250e+002  2.336706e-005
 5.625437e+002  2.435471e-005
 5.631625e+002  2.562189e-005
 5.637812e+002  2.474407e-005
 5.644000e+002  2.587484e-005
 5.650187e+002  2.514823e-005
 5.656375e+002  2.203550e-005
 5.662562e+002  2.071444e-005
 5.668750e+002  2.389487e-005
 5.674937e+002  2.672272e-005
 5.681125e+002  2.526120e-005
 5.687312e+002  2.408584e-005
 5.693500e+002  2.622963e-005
 5.699687e+002  2.661799e-005
 5.705875e+002  2.445137e-005
 5.712062e+002  2.288850e-005
 5.718250e+002  2.065264e-005
 5.724437e+002  2.242342e-005
 5.730625e+002  2.421824e-005
 5.736812e+002  2.352826e-005
 5.743000e+002  2.438309e-005
 5.749187e+002  2.525311e-005
 5.755375e+002  2.599538e-005
 5.761562e+002  2.326621e-005
 5.767750e+002  2.394081e-005
 5.773937e+002  2.738134e-005
 5.780125e+002  1.889559e-005
 5.786312e+002  1.935256e-005
 5.792500e+002  2.617623e-005
 5.798687e+002  2.540457e-005
 5.804875e+002  2.409099e-005
 5.811062e+002  2.353061e-005
 5.817250e+002  2.611497e-005
 5.823437e+002  2.720856e-005
 5.829625e+002  2.377163e-005
 5.835812e+002  2.515831e-005
 5.842000e+002  2.483710e-005
 5.848187e+002  2.281142e-005
 5.854375e+002  2.465436e-005
 5.860562e+002  2.527227e-005
 5.866750e+002  2.470024e-005
 5.872937e+002  2.407456e-005
 5.879125e+002  2.573713e-005
 5.885312e+002  2.371225e-005
 5.891500e+002  2.117149e-005
 5.897687e+002  2.204123e-005
 5.903875e+002  2.301992e-005
 5.910062e+002  2.463081e-005
 5.916250e+002  2.646060e-005
 5.922437e+002  2.683666e-005
 5.928625e+002  2.405955e-005
 5.934812e+002  2.184736e-005
 5.941000e+002  2.312517e-005
 5.947187e+002  2.290404e-005
 5.953375e+002  2.344086e-005
 5.959562e+002  2.197065e-005
 5.965750e+002  2.303782e-005
 5.971937e+002  2.596634e-005
 5.978125e+002  2.444798e-005
 5.984312e+002  2.613996e-005
 5.990500e+002  2.265179e-005
 5.996687e+002  1.160176e-004
 6.002875e+002  1.975641e-004
 6.009062e+002  9.020597e-005
 6.015250e+002  2.167701e-005
 6.021437e+002  2.200495e-005
 6.027625e+002  2.237646e-005
 6.033812e+002  2.445997e-005
 6.040000e+002  2.456042e-005
 6.046187e+002  2.450851e-005
 6.052375e+002  2.977581e-005
 6.058562e+002  1.644423e-004
 6.064750e+002  2.139276e-004
 6.070937e+002  6.648200e-005
 6.077125e+002  2.681363e-005
 6.083312e+002  2.242012e-005
 6.089500e+002  2.315077e-005
 6.095687e+002  2.328516e-005
 6.101875e+002  2.300284e-005
 6.108062e+002  2.250756e-005
 6.114250e+002  2.237738e-005
 6.120437e+002  2.182359e-005
 6.126625e+002  2.295514e-005
 6.132812e+002  2.425107e-005
 6.139000e+002  2.179774e-005
 6.145187e+002  2.705307e-005
 6.151375e+002  2.540280e-005
 6.157562e+002  1.932601e-005
 6.163750e+002  2.197977e-005
 6.169937e+002  2.451846e-005
 6.176125e+002  2.378696e-005
 6.182312e+002  2.285205e-005
 6.188500e+002  2.486666e-005
 6.194687e+002  2.180453e-005
 6.200875e+002  1.949981e-005
 6.207062e+002  1.946109e-005
 6.213250e+002  2.152974e-005
 6.219437e+002  2.096579e-005
 6.225625e+002  2.143730e-005
 6.231812e+002  2.500843e-005
 6.238000e+002  2.384062e-005
 6.244187e+002  1.897865e-005
 6.250375e+002  2.071877e-005
 6.256562e+002  2.033520e-005
 6.262750e+002  1.858700e-005
 6.268937e+002  2.062447e-005
 6.275125e+002  2.044924e-005
 6.281312e+002  2.015049e-005
 6.287500e+002  2.078070e-005
 6.293687e+002  2.208434e-005
 6.299875e+002  2.317506e-005
 6.306062e+002  2.210664e-005
 6.312250e+002  2.137279e-005
 6.318437e+002  2.269508e-005
 6.324625e+002  2.241648e-005
 6.330812e+002  2.328617e-005
 6.337000e+002  2.129860e-005
 6.343187e+002  2.213846e-005
 6.349375e+002  2.080706e-005
 6.355562e+002  2.445519e-005
 6.361750e+002  2.704240e-005
 6.367937e+002  2.405492e-005
 6.374125e+002  2.275358e-005
 6.380312e+002  2.478221e-005
 6.386500e+002  2.217589e-005
 6.392687e+002  1.881484e-005
 6.398875e+002  2.255608e-005
 6.405062e+002  2.487048e-005
 6.411250e+002  2.297866e-005
 6.417437e+002  2.372925e-005
 6.423625e+002  2.346612e-005
 6.429812e+002  2.499307e-005
 6.436000e+002  2.160170e-005
 6.442187e+002  2.041943e-005
 6.448375e+002  2.085948e-005
 6.454562e+002  1.901807e-005
 6.460750e+002  2.106495e-005
 6.466937e+002  2.161529e-005
 6.473125e+002  2.076181e-005
 6.479312e+002  1.941200e-005
 6.485500e+002  1.938865e-005
 6.491687e+002  1.085221e-004
 6.497875e+002  3.033941e-004
 6.504062e+002  2.321667e-004
 6.510250e+002  4.326547e-005
 6.516437e+002  2.357304e-005
 6.522625e+002  2.004795e-005
 6.528812e+002  2.141311e-005
 6.535000e+002  2.472193e-005
 6.541187e+002  2.086063e-005
 6.547375e+002  2.097734e-005
 6.553562e+002  2.112622e-005
 6.559750e+002  1.908417e-005
 6.565937e+002  1.874444e-005
 6.572125e+002  1.814077e-005
 6.578312e+002  2.017841e-005
 6.584500e+002  2.108064e-005
 6.590687e+002  2.286109e-005
 6.596875e+002  1.122982e-004
 6.603062e+002  1.963664e-004
 6.609250e+002  8.795133e-005
 6.615437e+002  1.946461e-005
 6.621625e+002  2.045206e-005
 6.627812e+002  1.914129e-005
 6.634000e+002  1.886743e-005
 6.640187e+002  2.102073e-005
 6.646375e+002  1.972597e-005
 6.652562e+002  1.928172e-005
 6.658750e+002  2.111729e-005
 6.664937e+002  2.283996e-005
 6.671125e+002  2.301119e-005
 6.677312e+002  2.133476e-005
 6.683500e+002  2.129268e-005
 6.689687e+002  2.164340e-005
 6.695875e+002  2.137304e-005
 6.702062e+002  2.111330e-005
 6.708250e+002  2.177812e-005
 6.714437e+002  2.123360e-005
 6.720625e+002  2.249972e-005
 6.726812e+002  2.350894e-005
 6.733000e+002  1.934724e-005
 6.739187e+002  2.207503e-005
 6.745375e+002  2.183401e-005
 6.751562e+002  2.102221e-005
 6.757750e+002  1.955917e-005
 6.763937e+002  1.885197e-005
 6.770125e+002  2.172272e-005
 6.776312e+002  2.323955e-005
 6.782500e+002  2.154404e-005
 6.788687e+002  2.173436e-005
 6.794875e+002  2.303954e-005
 6.801062e+002  2.057558e-005
 6.807250e+002  2.075932e-005
 6.813437e+002  2.144882e-005
 6.819625e+002  2.118289e-005
 6.825812e+002  2.133224e-005
 6.832000e+002  2.139859e-005
 6.838187e+002  1.898842e-005
 6.844375e+002  2.294138e-005
 6.850562e+002  2.132792e-005
 6.856750e+002  1.889743e-005
 6.862937e+002  1.971735e-005
 6.869125e+002  2.028769e-005
 6.875312e+002  2.265196e-005
 6.881500e+002  2.000247e-005
 6.887687e+002  1.969615e-005
 6.893875e+002  2.080585e-005
 6.900062e+002  1.915300e-005
 6.906250e+002  2.179159e-005
 6.912437e+002  2.113589e-005
 6.918625e+002  1.796606e-005
 6.924812e+002  1.990272e-005
 6.931000e+002  1.967745e-005
 6.937187e+002  1.659255e-005
 6.943375e+002  1.805835e-005
 6.949562e+002  2.181406e-005
 6.955750e+002  2.159025e-005
 6.961937e+002  1.914867e-005
 6.968125e+002  2.067216e-005
 6.974312e+002  2.140498e-005
 6.980500e+002  2.046972e-005
 6.986687e+002  2.270168e-005
 6.992875e+002  2.132314e-005
 6.999062e+002  2.020180e-005
 7.005250e+002  2.026809e-005
 7.011437e+002  2.085060e-005
 7.017625e+002  2.091859e-005
 7.023812e+002  1.927621e-005
 7.030000e+002  1.775026e-005
 7.036187e+002  1.564938e-005
 7.042375e+002  1.682436e-005
 7.048562e+002  1.877713e-005
 7.054750e+002  2.002475e-005
 7.060937e+002  1.927017e-005
 7.067125e+002  1.826764e-005
 7.073312e+002  2.011771e-005
 7.079500e+002  1.887224e-005
 7.085687e+002  1.797356e-005
 7.091875e+002  2.022983e-005
 7.098062e+002  2.168763e-005
 7.104250e+002  2.314367e-005
 7.110437e+002  1.960818e-005
 7.116625e+002  1.997903e-005
 7.122812e+002  2.090720e-005
 7.129000e+002  2.150316e-005
 7.135187e+002  2.311697e-005
 7.141375e+002  2.206331e-005
 7.147562e+002  1.858010e-005
 7.153750e+002  1.819453e-005
 7.159937e+002  1.820970e-005
 7.166125e+002  1.941406e-005
 7.172312e+002  1.911922e-005
 7.178500e+002  1.983253e-005
 7.184687e+002  1.922104e-005
 7.190875e+002  2.038683e-005
 7.197062e+002  1.047173e-004
 7.203250e+002  1.885558e-004
 7.209437e+002  8.685407e-005
 7.215625e+002  2.234250e-005
 7.221812e+002  2.403868e-005
 7.228000e+002  2.349538e-005
 7.234187e+002  2.211586e-005
 7.240375e+002  2.063658e-005
 7.246562e+002  2.005404e-005
 7.252750e+002  2.010658e-005
 7.258937e+002  1.786374e-005
 7.265125e+002  1.882059e-005
 7.271312e+002  2.026409e-005
 7.277500e+002  2.191563e-005
 7.283687e+002  2.012955e-005
 7.289875e+002  1.851500e-005
 7.296062e+002  2.012587e-005
 7.302250e+002  2.096777e-005
 7.308437e+002  1.967986e-005
 7.314625e+002  2.013583e-005
 7.320812e+002  2.095552e-005
 7.327000e+002  2.282286e-005
 7.333187e+002  2.023189e-005
 7.339375e+002  1.998899e-005
 7.345562e+002  1.831481e-005
 7.351750e+002  1.713920e-005
 7.357937e+002  1.759897e-005
 7.364125e+002  1.989217e-005
 7.370312e+002  2.198153e-005
 7.376500e+002  2.232841e-005
 7.382687e+002  1.968790e-005
 7.388875e+002  2.104530e-005
 7.395062e+002  2.069409e-005
 7.401250e+002  1.892656e-005
 7.407437e+002  1.955544e-005
 7.413625e+002  1.755364e-005
 7.419812e+002  1.777745e-005
 7.426000e+002  1.777717e-005
 7.432187e+002  1.907161e-005
 7.438375e+002  1.826103e-005
 7.444562e+002  1.862010e-005
 7.450750e+002  1.819705e-005
 7.456937e+002  2.042680e-005
 7.463125e+002  2.217886e-005
 7.469312e+002  2.108706e-005
 7.475500e+002  1.953090e-005
 7.481687e+002  1.995382e-005
 7.487875e+002  2.455938e-005
 7.494062e+002  1.532967e-004
 7.500250e+002  2.488877e-004
 7.506437e+002  1.176113e-004
 7.512625e+002  2.117549e-005
 7.518812e+002  2.188425e-005
 7.525000e+002  1.978115e-005
 7.531187e+002  2.060110e-005
 7.537375e+002  1.978597e-005
 7.543562e+002  1.819172e-005
 7.549750e+002  1.913411e-005
 7.555937e+002  1.959019e-005
 7.562125e+002  1.905180e-005
 7.568312e+002  2.008562e-005
 7.574500e+002  1.901126e-005
 7.580687e+002  2.011284e-005
 7.586875e+002  1.933741e-005
 7.593062e+002  1.920912e-005
 7.599250e+002  1.946883e-005
 7.605437e+002  1.801488e-005
 7.611625e+002  1.892502e-005
 7.617812e+002  2.023655e-005
 7.624000e+002  2.120444e-005
 7.630187e+002  1.906751e-005
 7.636375e+002  1.881985e-005
 7.642562e+002  1.829006e-005
 7.648750e+002  1.765302e-005
 7.654937e+002  1.819665e-005
 7.661125e+002  1.918100e-005
 7.667312e+002  1.953470e-005
 7.673500e+002  2.000967e-005
 7.679687e+002  1.882563e-005
 7.685875e+002  1.751933e-005
 7.692062e+002  1.607154e-005
 7.698250e+002  1.888766e-005
 7.704437e+002  1.720411e-005
 7.710625e+002  1.546517e-005
 7.716812e+002  1.805817e-005
 7.723000e+002  1.776696e-005
 7.729187e+002  1.877264e-005
 7.735375e+002  1.719150e-005
 7.741562e+002  1.661777e-005
 7.747750e+002  1.883727e-005
 7.753937e+002  1.923654e-005
 7.760125e+002  2.025557e-005
 7.766312e+002  2.024553e-005
 7.772500e+002  1.859542e-005
 7.778687e+002  1.743214e-005
 7.784875e+002  1.911656e-005
 7.791062e+002  1.930813e-005
 7.797250e+002  9.920113e-005
 7.803437e+002  1.879755e-004
 7.809625e+002  8.927843e-005
 7.815812e+002  1.838305e-005
 7.822000e+002  1.679776e-005
 7.828187e+002  1.690726e-005
 7.834375e+002  1.756427e-005
 7.840562e+002  1.958706e-005
 7.846750e+002  2.261092e-005
 7.852937e+002  1.974884e-005
 7.859125e+002  1.641467e-005
 7.865312e+002  1.632364e-005
 7.871500e+002  1.689190e-005
 7.877687e+002  1.739802e-005
 7.883875e+002  1.733603e-005
 7.890062e+002  1.837990e-005
 7.896250e+002  1.838263e-005
 7.902437e+002  1.825050e-005
 7.908625e+002  1.711919e-005
 7.914812e+002  1.954505e-005
 7.921000e+002  2.106092e-005
 7.927187e+002  1.916416e-005
 7.933375e+002  1.899426e-005
 7.939562e+002  1.651581e-005
 7.945750e+002  1.637336e-005
 7.951937e+002  1.858494e-005
 7.958125e+002  1.903248e-005
 7.964312e+002  1.690015e-005
 7.970500e+002  1.673414e-005
 7.976687e+002  1.554279e-005
 7.982875e+002  1.755578e-005
 7.989062e+002  1.861611e-005
 7.995250e+002  1.888788e-005
 8.001437e+002  1.910285e-005
 8.007625e+002  1.810759e-005
 8.013812e+002  1.986977e-005
 8.020000e+002  2.099128e-005
 8.026187e+002  1.882854e-005
 8.032375e+002  1.836720e-005
 8.038562e+002  1.789482e-005
 8.044750e+002  1.747230e-005
 8.050937e+002  1.987026e-005
 8.057125e+002  1.947378e-005
 8.063312e+002  1.774333e-005
 8.069500e+002  1.942561e-005
 8.075687e+002  1.836804e-005
 8.081875e+002  1.908325e-005
 8.088062e+002  2.036905e-005
 8.094250e+002  1.930958e-005
 8.100437e+002  1.725947e-005
 8.106625e+002  1.654496e-005
 8.112812e+002  1.736295e-005
 8.119000e+002  1.991302e-005
 8.125187e+002  1.756664e-005
 8.131375e+002  1.725765e-005
 8.137562e+002  1.835749e-005
 8.143750e+002  1.928504e-005
 8.149937e+002  1.863389e-005
 8.156125e+002  1.837418e-005
 8.162312e+002  1.756310e-005
 8.168500e+002  1.991832e-005
 8.174687e+002  2.058671e-005
 8.180875e+002  1.726560e-005
 8.187062e+002  1.805080e-005
 8.193250e+002  1.722031e-005
 8.199437e+002  1.616859e-005
 8.205625e+002  1.684205e-005
 8.211812e+002  1.730054e-005
 8.218000e+002  1.633995e-005
 8.224187e+002  1.711346e-005
 8.230375e+002  1.898185e-005
 8.236562e+002  1.706331e-005
 8.242750e+002  1.662586e-005
 8.248937e+002  1.647490e-005
 8.255125e+002  1.592359e-005
 8.261312e+002  1.558977e-005
 8.267500e+002  1.610129e-005
 8.273687e+002  1.712198e-005
 8.279875e+002  1.984662e-005
 8.286062e+002  2.045354e-005
 8.292250e+002  2.034696e-005
 8.298437e+002  2.013956e-005
 8.304625e+002  1.497821e-005
 8.310812e+002  1.606425e-005
 8.317000e+002  1.697798e-005
 8.323187e+002  1.519485e-005
 8.329375e+002  1.600246e-005
 8.335562e+002  1.674316e-005
 8.341750e+002  1.793556e-005
 8.347937e+002  1.805015e-005
 8.354125e+002  1.620701e-005
 8.360312e+002  1.565636e-005
 8.366500e+002  1.860808e-005
 8.372687e+002  1.929523e-005
 8.378875e+002  1.775171e-005
 8.385062e+002  1.543606e-005
 8.391250e+002  1.596712e-005
 8.397437e+002  9.742677e-005
 8.403625e+002  1.851102e-004
 8.409812e+002  8.775627e-005
 8.416000e+002  1.907248e-005
 8.422187e+002  1.708622e-005
 8.428375e+002  1.886426e-005
 8.434562e+002  2.026941e-005
 8.440750e+002  2.027156e-005
 8.446937e+002  1.793897e-005
 8.453125e+002  1.507449e-005
 8.459312e+002  1.527585e-005
 8.465500e+002  1.462379e-005
 8.471687e+002  1.526525e-005
 8.477875e+002  1.802566e-005
 8.484062e+002  1.869778e-005
 8.490250e+002  5.668416e-005
 8.496437e+002  1.924984e-004
 8.502625e+002  1.929165e-004
 8.508812e+002  5.607615e-005
 8.515000e+002  1.671889e-005
 8.521187e+002  1.699888e-005
 8.527375e+002  1.800371e-005
 8.533562e+002  1.622702e-005
 8.539750e+002  1.644174e-005
 8.545937e+002  1.941741e-005
 8.552125e+002  1.909004e-005
 8.558312e+002  1.618445e-005
 8.564500e+002  1.688372e-005
 8.570687e+002  1.820253e-005
 8.576875e+002  1.953630e-005
 8.583062e+002  2.107320e-005
 8.589250e+002  2.001419e-005
 8.595437e+002  1.615630e-005
 8.601625e+002  1.839000e-005
 8.607812e+002  2.013010e-005
 8.614000e+002  1.775641e-005
 8.620187e+002  1.594300e-005
 8.626375e+002  1.850755e-005
 8.632562e+002  1.764795e-005
 8.638750e+002  1.742918e-005
 8.644937e+002  1.504914e-005
 8.651125e+002  1.589100e-005
 8.657312e+002  1.837186e-005
 8.663500e+002  1.680943e-005
 8.669687e+002  1.587394e-005
 8.675875e+002  1.651981e-005
 8.682062e+002  1.831121e-005
 8.688250e+002  1.869855e-005
 8.694437e+002  1.701706e-005
 8.700625e+002  1.706887e-005
 8.706812e+002  1.739903e-005
 8.713000e+002  1.959142e-005
 8.719187e+002  1.790562e-005
 8.725375e+002  1.667582e-005
 8.731562e+002  1.747845e-005
 8.737750e+002  1.972251e-005
 8.743937e+002  1.688611e-005
 8.750125e+002  1.713624e-005
 8.756312e+002  1.678987e-005
 8.762500e+002  1.663497e-005
 8.768687e+002  1.734234e-005
 8.774875e+002  1.673767e-005
 8.781062e+002  1.727839e-005
 8.787250e+002  1.750279e-005
 8.793437e+002  1.810281e-005
 8.799625e+002  1.881479e-005
 8.805812e+002  1.844166e-005
 8.812000e+002  1.752874e-005
 8.818187e+002  2.102731e-005
 8.824375e+002  2.231194e-005
 8.830562e+002  1.879772e-005
 8.836750e+002  2.017938e-005
 8.842937e+002  1.927566e-005
 8.849125e+002  1.768789e-005
 8.855312e+002  1.702365e-005
 8.861500e+002  1.693375e-005
 8.867687e+002  1.775651e-005
 8.873875e+002  1.784069e-005
 8.880062e+002  1.796403e-005
 8.886250e+002  1.678379e-005
 8.892437e+002  1.617781e-005
 8.898625e+002  1.570614e-005
 8.904812e+002  1.644424e-005
 8.911000e+002  1.694341e-005
 8.917187e+002  1.647750e-005
 8.923375e+002  1.663730e-005
 8.929562e+002  1.550930e-005
 8.935750e+002  1.596589e-005
 8.941937e+002  1.668970e-005
 8.948125e+002  1.499905e-005
 8.954312e+002  1.715093e-005
 8.960500e+002  1.749250e-005
 8.966687e+002  1.773223e-005
 8.972875e+002  1.869872e-005
 8.979062e+002  1.647991e-005
 8.985250e+002  1.616543e-005
 8.991437e+002  2.063756e-005
 8.997625e+002  9.497831e-005
 9.003812e+002  1.772446e-004
 9.010000e+002  8.489585e-005
 9.016187e+002  1.935396e-005
 9.022375e+002  1.909049e-005
 9.028562e+002  1.828040e-005
 9.034750e+002  1.746990e-005
 9.040937e+002  1.779769e-005
 9.047125e+002  1.638232e-005
 9.053312e+002  1.497322e-005
 9.059500e+002  1.567496e-005
 9.065687e+002  1.572636e-005
 9.071875e+002  1.465593e-005
 9.078062e+002  1.650620e-005
 9.084250e+002  2.004661e-005
 9.090437e+002  8.145890e-005
 9.096625e+002  9.494107e-005
 9.102812e+002  2.942406e-005
 9.109000e+002  1.615831e-005
 9.115187e+002  1.560213e-005
 9.121375e+002  1.554525e-005
 9.127562e+002  1.845367e-005
 9.133750e+002  1.641232e-005
 9.139937e+002  1.590636e-005
 9.146125e+002  1.747274e-005
 9.152312e+002  1.799566e-005
 9.158500e+002  1.813890e-005
 9.164687e+002  1.639724e-005
 9.170875e+002  1.496060e-005
 9.177062e+002  1.701982e-005
 9.183250e+002  1.847666e-005
 9.189437e+002  1.831143e-005
 9.195625e+002  1.758446e-005
 9.201812e+002  1.764693e-005
 9.208000e+002  1.745151e-005
 9.214187e+002  1.655151e-005
 9.220375e+002  1.800766e-005
 9.226562e+002  2.169794e-005
 9.232750e+002  2.345896e-005
 9.238937e+002  2.668369e-005
 9.245125e+002  4.174805e-005
 9.251312e+002  5.226688e-005
 9.257500e+002  4.206693e-005
 9.263687e+002  3.187544e-005
 9.269875e+002  2.376784e-005
 9.276062e+002  2.352812e-005
 9.282250e+002  2.060634e-005
 9.288437e+002  1.871292e-005
 9.294625e+002  1.934544e-005
 9.300812e+002  2.110785e-005
 9.307000e+002  2.138385e-005
 9.313187e+002  2.052817e-005
 9.319375e+002  1.960070e-005
 9.325562e+002  1.797720e-005
 9.331750e+002  1.722713e-005
 9.337937e+002  1.623122e-005
 9.344125e+002  1.769804e-005
 9.350312e+002  2.017587e-005
 9.356500e+002  1.893568e-005
 9.362687e+002  1.613841e-005
 9.368875e+002  1.746015e-005
 9.375062e+002  1.955518e-005
 9.381250e+002  1.543137e-005
 9.387437e+002  1.748328e-005
 9.393625e+002  1.660929e-005
 9.399812e+002  1.508991e-005
 9.406000e+002  1.517386e-005
 9.412187e+002  1.575461e-005
 9.418375e+002  1.438476e-005
 9.424562e+002  1.519891e-005
 9.430750e+002  1.660857e-005
 9.436937e+002  1.572514e-005
 9.443125e+002  1.800004e-005
 9.449312e+002  1.834652e-005
 9.455500e+002  1.664863e-005
 9.461687e+002  1.750335e-005
 9.467875e+002  1.660279e-005
 9.474062e+002  1.576841e-005
 9.480250e+002  1.429518e-005
 9.486437e+002  1.833244e-005
 9.492625e+002  9.227712e-005
 9.498812e+002  1.803637e-004
 9.505000e+002  1.148061e-004
 9.511187e+002  2.297768e-005
 9.517375e+002  1.733772e-005
 9.523562e+002  1.493675e-005
 9.529750e+002  1.432692e-005
 9.535937e+002  1.479564e-005
 9.542125e+002  1.397902e-005
 9.548312e+002  1.525095e-005
 9.554500e+002  1.509280e-005
 9.560687e+002  1.511540e-005
 9.566875e+002  1.594437e-005
 9.573062e+002  1.706125e-005
 9.579250e+002  1.511992e-005
 9.585437e+002  1.317655e-005
 9.591625e+002  1.596784e-005
 9.597812e+002  9.232678e-005
 9.604000e+002  1.735777e-004
 9.610187e+002  8.277832e-005
 9.616375e+002  1.586355e-005
 9.622562e+002  1.703733e-005
 9.628750e+002  1.458752e-005
 9.634937e+002  1.597807e-005
 9.641125e+002  1.559046e-005
 9.647312e+002  1.465143e-005
 9.653500e+002  1.513993e-005
 9.659687e+002  1.551357e-005
 9.665875e+002  1.664483e-005
 9.672062e+002  1.657270e-005
 9.678250e+002  1.783557e-005
 9.684437e+002  1.611709e-005
 9.690625e+002  1.609382e-005
 9.696812e+002  1.588215e-005
 9.703000e+002  1.690388e-005
 9.709187e+002  1.557887e-005
 9.715375e+002  1.311557e-005
 9.721562e+002  1.440992e-005
 9.727750e+002  1.483613e-005
 9.733937e+002  1.604199e-005
 9.740125e+002  1.727085e-005
 9.746312e+002  1.486958e-005
 9.752500e+002  1.614760e-005
 9.758687e+002  1.539099e-005
 9.764875e+002  1.339524e-005
 9.771062e+002  1.380670e-005
 9.777250e+002  1.402347e-005
 9.783437e+002  1.595341e-005
 9.789625e+002  1.529628e-005
 9.795812e+002  1.422510e-005
 9.802000e+002  1.389421e-005
 9.808187e+002  1.364360e-005
 9.814375e+002  1.400462e-005
 9.820562e+002  1.686329e-005
 9.826750e+002  1.702774e-005
 9.832937e+002  1.584494e-005
 9.839125e+002  1.545113e-005
 9.845312e+002  1.516969e-005
 9.851500e+002  1.568443e-005
 9.857687e+002  1.658698e-005
 9.863875e+002  1.692023e-005
 9.870062e+002  1.529910e-005
 9.876250e+002  1.510495e-005
 9.882437e+002  1.479649e-005
 9.888625e+002  1.367532e-005
 9.894812e+002  1.571509e-005
 9.901000e+002  1.573781e-005
 9.907187e+002  1.523619e-005
 9.913375e+002  1.613059e-005
 9.919562e+002  1.516333e-005
 9.925750e+002  1.436982e-005
 9.931937e+002  1.563341e-005
 9.938125e+002  1.742249e-005
 9.944312e+002  1.807719e-005
 9.950500e+002  1.724791e-005
 9.956687e+002  1.704413e-005
 9.962875e+002  1.604355e-005
 9.969062e+002  1.479281e-005
 9.975250e+002  1.521214e-005
 9.981437e+002  1.606413e-005
 9.987625e+002  1.557382e-005
 9.993812e+002  5.448146e-005
 1.000000e+003  1.028733e-004
