 1.000000e+001  6.983150e-004
 1.061875e+001  7.005198e-004
 1.123750e+001  6.757610e-004
 1.185625e+001  7.679208e-004
 1.247500e+001  7.596984e-004
 1.309375e+001  7.343104e-004
 1.371250e+001  7.446537e-004
 1.433125e+001  6.327873e-004
 1.495000e+001  7.245876e-004
 1.556875e+001  7.662495e-004
 1.618750e+001  7.764208e-004
 1.680625e+001  9.313642e-004
 1.742500e+001  9.963772e-004
 1.804375e+001  9.730115e-004
 1.866250e+001  8.302868e-004
 1.928125e+001  7.842347e-004
 1.990000e+001  7.753175e-004
 2.051875e+001  6.005501e-004
 2.113750e+001  6.290104e-004
 2.175625e+001  6.768600e-004
 2.237500e+001  8.381522e-004
 2.299375e+001  8.791165e-004
 2.361250e+001  8.508631e-004
 2.423125e+001  8.048347e-004
 2.485000e+001  7.126967e-004
 2.546875e+001  7.701544e-004
 2.608750e+001  7.308401e-004
 2.670625e+001  6.957254e-004
 2.732500e+001  8.205690e-004
 2.794375e+001  9.905329e-004
 2.856250e+001  8.638463e-004
 2.918125e+001  8.170495e-004
 2.980000e+001  6.752821e-004
 3.041875e+001  5.907615e-004
 3.103750e+001  5.855215e-004
 3.165625e+001  6.147248e-004
 3.227500e+001  6.734503e-004
 3.289375e+001  6.344240e-004
 3.351250e+001  5.868525e-004
 3.413125e+001  5.858238e-004
 3.475000e+001  5.493448e-004
 3.536875e+001  7.977080e-004
 3.598750e+001  8.453369e-004
 3.660625e+001  6.264917e-004
 3.722500e+001  6.759204e-004
 3.784375e+001  5.042887e-004
 3.846250e+001  4.951253e-004
 3.908125e+001  5.330315e-004
 3.970000e+001  5.180691e-004
 4.031875e+001  5.063291e-004
 4.093750e+001  4.505214e-004
 4.155625e+001  4.258063e-004
 4.217500e+001  5.122459e-004
 4.279375e+001  5.494737e-004
 4.341250e+001  4.328286e-004
 4.403125e+001  4.340352e-004
 4.465000e+001  4.289467e-004
 4.526875e+001  4.590930e-004
 4.588750e+001  4.131082e-004
 4.650625e+001  3.472668e-004
 4.712500e+001  3.511193e-004
 4.774375e+001  4.662386e-004
 4.836250e+001  5.083034e-004
 4.898125e+001  1.723836e-003
 4.960000e+001  1.113166e-002
 5.021875e+001  1.298273e-002
 5.083750e+001  3.339617e-003
 5.145625e+001  5.357859e-004
 5.207500e+001  3.872967e-004
 5.269375e+001  3.329165e-004
 5.331250e+001  4.669078e-004
 5.393125e+001  4.097075e-004
 5.455000e+001  2.709896e-004
 5.516875e+001  3.142948e-004
 5.578750e+001  3.257986e-004
 5.640625e+001  3.008859e-004
 5.702500e+001  3.686340e-004
 5.764375e+001  3.201091e-004
 5.826250e+001  3.301715e-004
 5.888125e+001  3.302607e-004
 5.950000e+001  3.755577e-004
 6.011875e+001  2.987929e-004
 6.073750e+001  2.555603e-004
 6.135625e+001  2.783139e-004
 6.197500e+001  2.475691e-004
 6.259375e+001  2.700597e-004
 6.321250e+001  3.239872e-004
 6.383125e+001  3.065227e-004
 6.445000e+001  2.606101e-004
 6.506875e+001  1.933083e-004
 6.568750e+001  2.352001e-004
 6.630625e+001  2.548915e-004
 6.692500e+001  2.400292e-004
 6.754375e+001  2.799440e-004
 6.816250e+001  2.478861e-004
 6.878125e+001  2.871688e-004
 6.940000e+001  3.218599e-004
 7.001875e+001  2.320878e-004
 7.063750e+001  2.042501e-004
 7.125625e+001  2.794323e-004
 7.187500e+001  2.689777e-004
 7.249375e+001  2.495216e-004
 7.311250e+001  2.306090e-004
 7.373125e+001  2.116171e-004
 7.435000e+001  1.930044e-004
 7.496875e+001  1.951408e-004
 7.558750e+001  2.147988e-004
 7.620625e+001  1.984488e-004
 7.682500e+001  2.052038e-004
 7.744375e+001  2.035692e-004
 7.806250e+001  2.219825e-004
 7.868125e+001  2.417843e-004
 7.930000e+001  1.852067e-004
 7.991875e+001  1.958840e-004
 8.053750e+001  1.897440e-004
 8.115625e+001  2.214735e-004
 8.177500e+001  2.011365e-004
 8.239375e+001  1.977004e-004
 8.301250e+001  2.047967e-004
 8.363125e+001  1.845901e-004
 8.425000e+001  1.797050e-004
 8.486875e+001  1.490826e-004
 8.548750e+001  1.486244e-004
 8.610625e+001  1.600223e-004
 8.672500e+001  1.712532e-004
 8.734375e+001  1.775648e-004
 8.796250e+001  1.762575e-004
 8.858125e+001  1.906410e-004
 8.920000e+001  2.742075e-004
 8.981875e+001  1.947796e-004
 9.043750e+001  1.726820e-004
 9.105625e+001  1.761320e-004
 9.167500e+001  1.456587e-004
 9.229375e+001  1.321046e-004
 9.291250e+001  1.322509e-004
 9.353125e+001  1.526615e-004
 9.415000e+001  1.607102e-004
 9.476875e+001  1.528687e-004
 9.538750e+001  1.657716e-004
 9.600625e+001  1.723278e-004
 9.662500e+001  1.520277e-004
 9.724375e+001  1.439168e-004
 9.786250e+001  1.476311e-004
 9.848125e+001  1.736445e-004
 9.910000e+001  1.856090e-004
 9.971875e+001  2.792912e-004
 1.003375e+002  2.343501e-004
 1.009563e+002  1.205538e-004
 1.015750e+002  1.269981e-004
 1.021938e+002  1.346534e-004
 1.028125e+002  1.161134e-004
 1.034313e+002  1.307242e-004
 1.040500e+002  1.298863e-004
 1.046688e+002  1.075539e-004
 1.052875e+002  1.225881e-004
 1.059063e+002  1.402157e-004
 1.065250e+002  1.557641e-004
 1.071438e+002  1.390776e-004
 1.077625e+002  1.523745e-004
 1.083813e+002  1.481410e-004
 1.090000e+002  1.246651e-004
 1.096188e+002  1.236211e-004
 1.102375e+002  1.201424e-004
 1.108563e+002  1.188540e-004
 1.114750e+002  1.112443e-004
 1.120938e+002  1.052957e-004
 1.127125e+002  1.180924e-004
 1.133313e+002  1.419847e-004
 1.139500e+002  1.446945e-004
 1.145688e+002  1.355492e-004
 1.151875e+002  1.334596e-004
 1.158063e+002  1.399954e-004
 1.164250e+002  1.353882e-004
 1.170438e+002  1.254947e-004
 1.176625e+002  1.070663e-004
 1.182813e+002  9.345162e-005
 1.189000e+002  1.097274e-004
 1.195188e+002  1.388409e-004
 1.201375e+002  1.466909e-004
 1.207563e+002  1.011452e-004
 1.213750e+002  9.013710e-005
 1.219938e+002  9.654356e-005
 1.226125e+002  1.143949e-004
 1.232313e+002  1.053126e-004
 1.238500e+002  9.946487e-005
 1.244688e+002  1.264750e-004
 1.250875e+002  1.255867e-004
 1.257063e+002  1.118926e-004
 1.263250e+002  1.189501e-004
 1.269438e+002  1.140537e-004
 1.275625e+002  1.196234e-004
 1.281813e+002  1.139277e-004
 1.288000e+002  9.882445e-005
 1.294188e+002  9.657340e-005
 1.300375e+002  9.027549e-005
 1.306563e+002  8.994793e-005
 1.312750e+002  1.031159e-004
 1.318938e+002  9.959728e-005
 1.325125e+002  1.039924e-004
 1.331313e+002  1.034769e-004
 1.337500e+002  1.025707e-004
 1.343688e+002  1.031240e-004
 1.349875e+002  1.021350e-004
 1.356063e+002  7.980792e-005
 1.362250e+002  7.667207e-005
 1.368438e+002  8.713766e-005
 1.374625e+002  7.707502e-005
 1.380813e+002  9.420385e-005
 1.387000e+002  1.054503e-004
 1.393188e+002  9.087191e-005
 1.399375e+002  7.676075e-005
 1.405563e+002  8.222845e-005
 1.411750e+002  9.577113e-005
 1.417938e+002  9.656045e-005
 1.424125e+002  1.004168e-004
 1.430313e+002  9.314952e-005
 1.436500e+002  7.901628e-005
 1.442688e+002  8.178243e-005
 1.448875e+002  8.815567e-005
 1.455063e+002  8.867914e-005
 1.461250e+002  8.817569e-005
 1.467438e+002  9.150596e-005
 1.473625e+002  9.026732e-005
 1.479813e+002  8.627356e-005
 1.486000e+002  1.355208e-004
 1.492188e+002  2.125483e-003
 1.498375e+002  5.555916e-003
 1.504563e+002  3.568783e-003
 1.510750e+002  2.407985e-004
 1.516938e+002  9.562035e-005
 1.523125e+002  9.003602e-005
 1.529313e+002  8.441732e-005
 1.535500e+002  9.663602e-005
 1.541688e+002  1.045437e-004
 1.547875e+002  1.007078e-004
 1.554063e+002  8.348705e-005
 1.560250e+002  8.070386e-005
 1.566438e+002  9.306985e-005
 1.572625e+002  7.281434e-005
 1.578813e+002  6.784109e-005
 1.585000e+002  7.994961e-005
 1.591188e+002  9.079339e-005
 1.597375e+002  1.027129e-004
 1.603563e+002  8.061895e-005
 1.609750e+002  7.917533e-005
 1.615938e+002  8.460271e-005
 1.622125e+002  7.689204e-005
 1.628313e+002  8.071753e-005
 1.634500e+002  8.640272e-005
 1.640688e+002  7.078176e-005
 1.646875e+002  6.079376e-005
 1.653063e+002  7.427210e-005
 1.659250e+002  1.014505e-004
 1.665438e+002  9.585562e-005
 1.671625e+002  7.318886e-005
 1.677813e+002  7.485238e-005
 1.684000e+002  7.615518e-005
 1.690188e+002  7.611205e-005
 1.696375e+002  6.063944e-005
 1.702563e+002  6.314614e-005
 1.708750e+002  6.787860e-005
 1.714938e+002  6.606935e-005
 1.721125e+002  7.832516e-005
 1.727313e+002  8.530813e-005
 1.733500e+002  8.014431e-005
 1.739688e+002  6.720696e-005
 1.745875e+002  6.816574e-005
 1.752063e+002  7.039268e-005
 1.758250e+002  8.508073e-005
 1.764438e+002  7.937205e-005
 1.770625e+002  7.687966e-005
 1.776813e+002  6.887798e-005
 1.783000e+002  7.123331e-005
 1.789188e+002  7.673570e-005
 1.795375e+002  1.140922e-004
 1.801563e+002  1.427639e-004
 1.807750e+002  7.739308e-005
 1.813938e+002  6.606088e-005
 1.820125e+002  5.360813e-005
 1.826313e+002  6.758291e-005
 1.832500e+002  7.520668e-005
 1.838688e+002  7.255122e-005
 1.844875e+002  7.473754e-005
 1.851063e+002  7.474269e-005
 1.857250e+002  7.728969e-005
 1.863438e+002  7.870806e-005
 1.869625e+002  6.673132e-005
 1.875813e+002  6.857240e-005
 1.882000e+002  6.871762e-005
 1.888188e+002  6.988686e-005
 1.894375e+002  7.547939e-005
 1.900563e+002  6.294253e-005
 1.906750e+002  6.772011e-005
 1.912938e+002  7.577410e-005
 1.919125e+002  7.384475e-005
 1.925313e+002  7.217432e-005
 1.931500e+002  6.952526e-005
 1.937688e+002  6.237360e-005
 1.943875e+002  6.204685e-005
 1.950063e+002  5.944419e-005
 1.956250e+002  6.076603e-005
 1.962438e+002  5.717827e-005
 1.968625e+002  5.407508e-005
 1.974813e+002  5.937137e-005
 1.981000e+002  5.819322e-005
 1.987188e+002  6.237996e-005
 1.993375e+002  1.714134e-004
 1.999563e+002  2.908687e-004
 2.005750e+002  1.402439e-004
 2.011938e+002  6.771807e-005
 2.018125e+002  6.251903e-005
 2.024313e+002  5.760844e-005
 2.030500e+002  5.941062e-005
 2.036688e+002  6.855219e-005
 2.042875e+002  7.256602e-005
 2.049063e+002  6.932157e-005
 2.055250e+002  5.701876e-005
 2.061438e+002  5.995129e-005
 2.067625e+002  6.603739e-005
 2.073813e+002  6.081460e-005
 2.080000e+002  7.098440e-005
 2.086188e+002  7.168693e-005
 2.092375e+002  5.940124e-005
 2.098563e+002  6.019341e-005
 2.104750e+002  6.742263e-005
 2.110938e+002  6.756426e-005
 2.117125e+002  6.259107e-005
 2.123313e+002  5.930409e-005
 2.129500e+002  6.440275e-005
 2.135688e+002  6.977125e-005
 2.141875e+002  7.021283e-005
 2.148063e+002  6.320032e-005
 2.154250e+002  5.904540e-005
 2.160438e+002  6.656601e-005
 2.166625e+002  6.231230e-005
 2.172813e+002  5.247723e-005
 2.179000e+002  5.667421e-005
 2.185188e+002  6.245351e-005
 2.191375e+002  5.543913e-005
 2.197563e+002  5.514340e-005
 2.203750e+002  6.198214e-005
 2.209938e+002  5.875843e-005
 2.216125e+002  5.061375e-005
 2.222313e+002  5.505916e-005
 2.228500e+002  5.084069e-005
 2.234688e+002  5.691217e-005
 2.240875e+002  6.376227e-005
 2.247063e+002  5.062185e-005
 2.253250e+002  5.402815e-005
 2.259438e+002  6.651575e-005
 2.265625e+002  5.919445e-005
 2.271813e+002  6.648058e-005
 2.278000e+002  7.280932e-005
 2.284188e+002  5.871820e-005
 2.290375e+002  5.414545e-005
 2.296563e+002  5.280180e-005
 2.302750e+002  5.312125e-005
 2.308938e+002  5.786297e-005
 2.315125e+002  5.838678e-005
 2.321313e+002  5.476228e-005
 2.327500e+002  5.090561e-005
 2.333688e+002  5.777099e-005
 2.339875e+002  5.780058e-005
 2.346063e+002  5.764080e-005
 2.352250e+002  5.404116e-005
 2.358438e+002  5.323100e-005
 2.364625e+002  4.762802e-005
 2.370813e+002  4.632818e-005
 2.377000e+002  5.663293e-005
 2.383188e+002  5.386987e-005
 2.389375e+002  4.517483e-005
 2.395563e+002  1.002019e-004
 2.401750e+002  1.502647e-004
 2.407938e+002  6.873868e-005
 2.414125e+002  5.123697e-005
 2.420313e+002  5.790621e-005
 2.426500e+002  4.776025e-005
 2.432688e+002  4.357126e-005
 2.438875e+002  4.691433e-005
 2.445063e+002  5.008199e-005
 2.451250e+002  4.981142e-005
 2.457438e+002  5.431920e-005
 2.463625e+002  5.748376e-005
 2.469813e+002  5.683894e-005
 2.476000e+002  5.355674e-005
 2.482188e+002  6.268194e-005
 2.488375e+002  1.136870e-004
 2.494563e+002  1.163881e-003
 2.500750e+002  1.594218e-003
 2.506938e+002  5.120864e-004
 2.513125e+002  6.972585e-005
 2.519313e+002  5.800825e-005
 2.525500e+002  5.655735e-005
 2.531688e+002  5.162135e-005
 2.537875e+002  5.342410e-005
 2.544063e+002  5.357025e-005
 2.550250e+002  5.614628e-005
 2.556438e+002  5.824657e-005
 2.562625e+002  5.292418e-005
 2.568813e+002  5.283318e-005
 2.575000e+002  4.990378e-005
 2.581188e+002  5.185952e-005
 2.587375e+002  5.211923e-005
 2.593563e+002  4.534737e-005
 2.599750e+002  5.302235e-005
 2.605938e+002  5.498534e-005
 2.612125e+002  4.629337e-005
 2.618313e+002  4.375988e-005
 2.624500e+002  5.012882e-005
 2.630688e+002  4.433456e-005
 2.636875e+002  3.667428e-005
 2.643063e+002  4.613183e-005
 2.649250e+002  4.766533e-005
 2.655438e+002  5.129346e-005
 2.661625e+002  5.536786e-005
 2.667813e+002  5.799749e-005
 2.674000e+002  5.526146e-005
 2.680188e+002  4.637649e-005
 2.686375e+002  5.057674e-005
 2.692563e+002  5.928963e-005
 2.698750e+002  4.990035e-005
 2.704938e+002  4.357501e-005
 2.711125e+002  5.646004e-005
 2.717313e+002  5.626430e-005
 2.723500e+002  4.812316e-005
 2.729688e+002  4.468486e-005
 2.735875e+002  4.657201e-005
 2.742063e+002  4.635027e-005
 2.748250e+002  4.076286e-005
 2.754438e+002  4.448339e-005
 2.760625e+002  4.439037e-005
 2.766813e+002  4.327994e-005
 2.773000e+002  4.375105e-005
 2.779188e+002  5.023183e-005
 2.785375e+002  4.656351e-005
 2.791563e+002  3.806351e-005
 2.797750e+002  3.185012e-005
 2.803938e+002  4.130871e-005
 2.810125e+002  4.487143e-005
 2.816313e+002  4.769326e-005
 2.822500e+002  4.938748e-005
 2.828688e+002  4.881118e-005
 2.834875e+002  5.277738e-005
 2.841063e+002  4.741182e-005
 2.847250e+002  4.938904e-005
 2.853438e+002  5.014806e-005
 2.859625e+002  4.646693e-005
 2.865813e+002  4.866208e-005
 2.872000e+002  4.910553e-005
 2.878188e+002  4.363128e-005
 2.884375e+002  4.204673e-005
 2.890563e+002  4.482641e-005
 2.896750e+002  4.581349e-005
 2.902938e+002  4.640830e-005
 2.909125e+002  4.655107e-005
 2.915313e+002  3.427657e-005
 2.921500e+002  3.828603e-005
 2.927688e+002  4.297670e-005
 2.933875e+002  4.413837e-005
 2.940063e+002  4.645743e-005
 2.946250e+002  5.067462e-005
 2.952438e+002  4.805167e-005
 2.958625e+002  3.945712e-005
 2.964813e+002  4.547930e-005
 2.971000e+002  4.823940e-005
 2.977188e+002  4.832826e-005
 2.983375e+002  4.729937e-005
 2.989563e+002  4.553478e-005
 2.995750e+002  1.139258e-004
 3.001938e+002  1.641114e-004
 3.008125e+002  7.276186e-005
 3.014313e+002  4.054698e-005
 3.020500e+002  5.616743e-005
 3.026688e+002  3.338604e-004
 3.032875e+002  4.940355e-004
 3.039063e+002  1.923622e-004
 3.045250e+002  4.439343e-005
 3.051438e+002  4.447993e-005
 3.057625e+002  4.818571e-005
 3.063813e+002  4.402769e-005
 3.070000e+002  4.696042e-005
 3.076188e+002  5.087873e-005
 3.082375e+002  4.536711e-005
 3.088563e+002  3.695219e-005
 3.094750e+002  3.598807e-005
 3.100938e+002  4.319756e-005
 3.107125e+002  4.811774e-005
 3.113313e+002  4.184624e-005
 3.119500e+002  4.225622e-005
 3.125688e+002  4.241559e-005
 3.131875e+002  4.279967e-005
 3.138063e+002  4.197467e-005
 3.144250e+002  3.757720e-005
 3.150437e+002  4.247573e-005
 3.156625e+002  4.302296e-005
 3.162812e+002  4.393084e-005
 3.169000e+002  4.372086e-005
 3.175187e+002  3.671551e-005
 3.181375e+002  3.552711e-005
 3.187562e+002  4.047599e-005
 3.193750e+002  4.089584e-005
 3.199937e+002  3.537048e-005
 3.206125e+002  4.032855e-005
 3.212312e+002  4.050370e-005
 3.218500e+002  4.207475e-005
 3.224687e+002  3.707625e-005
 3.230875e+002  3.880522e-005
 3.237062e+002  4.280438e-005
 3.243250e+002  4.258145e-005
 3.249437e+002  4.224778e-005
 3.255625e+002  3.945731e-005
 3.261812e+002  4.098303e-005
 3.268000e+002  4.472012e-005
 3.274187e+002  4.384212e-005
 3.280375e+002  4.291453e-005
 3.286562e+002  4.348831e-005
 3.292750e+002  4.242086e-005
 3.298937e+002  4.211184e-005
 3.305125e+002  3.891035e-005
 3.311312e+002  4.298655e-005
 3.317500e+002  3.993414e-005
 3.323687e+002  4.245174e-005
 3.329875e+002  4.075340e-005
 3.336062e+002  3.958270e-005
 3.342250e+002  3.865058e-005
 3.348437e+002  4.302649e-005
 3.354625e+002  4.237125e-005
 3.360812e+002  3.985635e-005
 3.367000e+002  4.245025e-005
 3.373187e+002  3.740462e-005
 3.379375e+002  2.780174e-005
 3.385562e+002  3.477248e-005
 3.391750e+002  4.073362e-005
 3.397937e+002  3.885862e-005
 3.404125e+002  3.807827e-005
 3.410312e+002  3.510839e-005
 3.416500e+002  3.280521e-005
 3.422687e+002  3.290059e-005
 3.428875e+002  3.897875e-005
 3.435062e+002  4.046479e-005
 3.441250e+002  3.878853e-005
 3.447437e+002  3.892216e-005
 3.453625e+002  3.326011e-005
 3.459812e+002  3.276927e-005
 3.466000e+002  3.712058e-005
 3.472187e+002  3.772136e-005
 3.478375e+002  3.623797e-005
 3.484562e+002  5.400089e-005
 3.490750e+002  4.766800e-004
 3.496937e+002  1.522647e-003
 3.503125e+002  1.152371e-003
 3.509312e+002  1.348367e-004
 3.515500e+002  3.668274e-005
 3.521687e+002  3.752768e-005
 3.527875e+002  3.706884e-005
 3.534062e+002  3.930612e-005
 3.540250e+002  3.662872e-005
 3.546437e+002  3.549235e-005
 3.552625e+002  3.453915e-005
 3.558812e+002  3.653685e-005
 3.565000e+002  3.971378e-005
 3.571187e+002  4.343905e-005
 3.577375e+002  4.457933e-005
 3.583562e+002  3.950302e-005
 3.589750e+002  3.666186e-005
 3.595937e+002  9.761582e-005
 3.602125e+002  1.543392e-004
 3.608312e+002  7.310553e-005
 3.614500e+002  3.323131e-005
 3.620687e+002  3.606859e-005
 3.626875e+002  3.966928e-005
 3.633062e+002  4.276274e-005
 3.639250e+002  3.928784e-005
 3.645437e+002  3.905639e-005
 3.651625e+002  4.001261e-005
 3.657812e+002  3.752182e-005
 3.664000e+002  3.577981e-005
 3.670187e+002  3.578503e-005
 3.676375e+002  3.565304e-005
 3.682562e+002  3.431929e-005
 3.688750e+002  3.720704e-005
 3.694937e+002  3.352437e-005
 3.701125e+002  3.024299e-005
 3.707312e+002  3.464810e-005
 3.713500e+002  3.529586e-005
 3.719687e+002  3.970629e-005
 3.725875e+002  4.285206e-005
 3.732062e+002  3.708352e-005
 3.738250e+002  3.434602e-005
 3.744437e+002  3.627610e-005
 3.750625e+002  2.972245e-005
 3.756812e+002  2.920405e-005
 3.763000e+002  2.949196e-005
 3.769187e+002  3.009227e-005
 3.775375e+002  3.598750e-005
 3.781562e+002  3.910726e-005
 3.787750e+002  3.420151e-005
 3.793937e+002  3.200566e-005
 3.800125e+002  3.018521e-005
 3.806312e+002  3.183079e-005
 3.812500e+002  3.058640e-005
 3.818687e+002  3.184462e-005
 3.824875e+002  4.019512e-005
 3.831062e+002  4.150413e-005
 3.837250e+002  3.423088e-005
 3.843437e+002  3.022654e-005
 3.849625e+002  3.243890e-005
 3.855812e+002  3.460342e-005
 3.862000e+002  3.340533e-005
 3.868187e+002  3.371825e-005
 3.874375e+002  3.318244e-005
 3.880562e+002  2.970887e-005
 3.886750e+002  3.123365e-005
 3.892937e+002  3.141383e-005
 3.899125e+002  3.610653e-005
 3.905312e+002  3.634715e-005
 3.911500e+002  3.781293e-005
 3.917687e+002  3.879547e-005
 3.923875e+002  3.732606e-005
 3.930062e+002  3.214041e-005
 3.936250e+002  3.569257e-005
 3.942437e+002  3.808405e-005
 3.948625e+002  3.995181e-005
 3.954812e+002  3.835947e-005
 3.961000e+002  3.465561e-005
 3.967187e+002  3.104037e-005
 3.973375e+002  2.823070e-005
 3.979562e+002  3.319937e-005
 3.985750e+002  3.413001e-005
 3.991937e+002  4.728317e-005
 3.998125e+002  8.055929e-005
 4.004312e+002  6.036393e-005
 4.010500e+002  4.018021e-005
 4.016687e+002  3.717257e-005
 4.022875e+002  3.605096e-005
 4.029062e+002  3.229528e-005
 4.035250e+002  2.977144e-005
 4.041437e+002  3.515873e-005
 4.047625e+002  3.764845e-005
 4.053812e+002  3.565408e-005
 4.060000e+002  3.186506e-005
 4.066187e+002  3.334513e-005
 4.072375e+002  3.427829e-005
 4.078562e+002  3.010951e-005
 4.084750e+002  3.141000e-005
 4.090937e+002  3.740635e-005
 4.097125e+002  3.522382e-005
 4.103312e+002  3.413199e-005
 4.109500e+002  3.523993e-005
 4.115687e+002  3.657197e-005
 4.121875e+002  3.362632e-005
 4.128062e+002  3.734037e-005
 4.134250e+002  3.353207e-005
 4.140437e+002  2.924977e-005
 4.146625e+002  2.863884e-005
 4.152812e+002  2.816487e-005
 4.159000e+002  3.262489e-005
 4.165187e+002  3.457172e-005
 4.171375e+002  2.620836e-005
 4.177562e+002  2.550963e-005
 4.183750e+002  2.604537e-005
 4.189937e+002  2.897120e-005
 4.196125e+002  9.242415e-005
 4.202312e+002  1.552690e-004
 4.208500e+002  7.264821e-005
 4.214687e+002  3.245483e-005
 4.220875e+002  3.169143e-005
 4.227062e+002  2.931785e-005
 4.233250e+002  2.940836e-005
 4.239437e+002  3.344147e-005
 4.245625e+002  3.227891e-005
 4.251812e+002  3.272145e-005
 4.258000e+002  3.439953e-005
 4.264187e+002  2.960969e-005
 4.270375e+002  3.153044e-005
 4.276562e+002  3.101519e-005
 4.282750e+002  2.879163e-005
 4.288937e+002  2.946665e-005
 4.295125e+002  3.018437e-005
 4.301312e+002  3.053600e-005
 4.307500e+002  2.623213e-005
 4.313687e+002  2.726459e-005
 4.319875e+002  3.095198e-005
 4.326062e+002  2.765275e-005
 4.332250e+002  3.163073e-005
 4.338437e+002  3.243109e-005
 4.344625e+002  2.946921e-005
 4.350812e+002  2.698744e-005
 4.357000e+002  3.006867e-005
 4.363187e+002  3.087906e-005
 4.369375e+002  3.025283e-005
 4.375562e+002  2.869989e-005
 4.381750e+002  2.871911e-005
 4.387937e+002  3.366628e-005
 4.394125e+002  3.561284e-005
 4.400312e+002  3.044313e-005
 4.406500e+002  2.876040e-005
 4.412687e+002  2.691833e-005
 4.418875e+002  3.180560e-005
 4.425062e+002  2.923636e-005
 4.431250e+002  3.163558e-005
 4.437437e+002  3.169330e-005
 4.443625e+002  3.305675e-005
 4.449812e+002  2.821727e-005
 4.456000e+002  2.428101e-005
 4.462187e+002  2.505940e-005
 4.468375e+002  2.717025e-005
 4.474562e+002  2.685709e-005
 4.480750e+002  2.654203e-005
 4.486937e+002  4.635049e-005
 4.493125e+002  5.539076e-004
 4.499312e+002  8.835395e-004
 4.505500e+002  3.502530e-004
 4.511687e+002  3.708565e-005
 4.517875e+002  3.338491e-005
 4.524062e+002  3.015927e-005
 4.530250e+002  3.016647e-005
 4.536437e+002  3.083499e-005
 4.542625e+002  2.421806e-005
 4.548812e+002  2.894059e-005
 4.555000e+002  2.912842e-005
 4.561187e+002  2.961768e-005
 4.567375e+002  3.079416e-005
 4.573562e+002  2.917126e-005
 4.579750e+002  3.108549e-005
 4.585937e+002  2.832136e-005
 4.592125e+002  2.409577e-005
 4.598312e+002  2.964911e-005
 4.604500e+002  3.085561e-005
 4.610687e+002  2.678025e-005
 4.616875e+002  3.007623e-005
 4.623062e+002  3.584928e-005
 4.629250e+002  3.233657e-005
 4.635437e+002  2.487780e-005
 4.641625e+002  2.467821e-005
 4.647812e+002  2.562700e-005
 4.654000e+002  3.131602e-005
 4.660187e+002  3.091107e-005
 4.666375e+002  2.832515e-005
 4.672562e+002  3.134160e-005
 4.678750e+002  3.140869e-005
 4.684937e+002  2.792568e-005
 4.691125e+002  2.689141e-005
 4.697312e+002  2.792688e-005
 4.703500e+002  2.818685e-005
 4.709687e+002  2.623555e-005
 4.715875e+002  2.416661e-005
 4.722062e+002  2.650392e-005
 4.728250e+002  2.899885e-005
 4.734437e+002  2.960771e-005
 4.740625e+002  2.851144e-005
 4.746812e+002  2.666836e-005
 4.753000e+002  2.983576e-005
 4.759187e+002  2.619386e-005
 4.765375e+002  2.392268e-005
 4.771562e+002  2.551853e-005
 4.777750e+002  2.675713e-005
 4.783937e+002  2.564237e-005
 4.790125e+002  2.508741e-005
 4.796312e+002  9.532495e-005
 4.802500e+002  1.605599e-004
 4.808687e+002  7.919523e-005
 4.814875e+002  3.052505e-005
 4.821062e+002  2.981807e-005
 4.827250e+002  2.860149e-005
 4.833437e+002  2.873051e-005
 4.839625e+002  2.787240e-005
 4.845812e+002  2.519659e-005
 4.852000e+002  2.390256e-005
 4.858187e+002  2.914476e-005
 4.864375e+002  3.203649e-005
 4.870562e+002  2.812018e-005
 4.876750e+002  2.462404e-005
 4.882937e+002  2.731496e-005
 4.889125e+002  2.667753e-005
 4.895312e+002  2.908042e-005
 4.901500e+002  3.063893e-005
 4.907687e+002  2.769869e-005
 4.913875e+002  2.770939e-005
 4.920062e+002  2.660843e-005
 4.926250e+002  2.826007e-005
 4.932437e+002  2.923484e-005
 4.938625e+002  2.656140e-005
 4.944812e+002  2.601277e-005
 4.951000e+002  2.837679e-005
 4.957187e+002  2.928058e-005
 4.963375e+002  2.580209e-005
 4.969562e+002  2.462133e-005
 4.975750e+002  2.220921e-005
 4.981937e+002  2.539083e-005
 4.988125e+002  2.914852e-005
 4.994312e+002  4.481564e-005
 5.000500e+002  4.604355e-005
 5.006687e+002  3.199797e-005
 5.012875e+002  2.716391e-005
 5.019062e+002  2.695577e-005
 5.025250e+002  2.708670e-005
 5.031437e+002  2.446125e-005
 5.037625e+002  2.308099e-005
 5.043812e+002  2.401039e-005
 5.050000e+002  2.331007e-005
 5.056187e+002  2.267666e-005
 5.062375e+002  2.354072e-005
 5.068562e+002  2.712203e-005
 5.074750e+002  2.990808e-005
 5.080937e+002  2.677233e-005
 5.087125e+002  3.031672e-005
 5.093312e+002  2.840308e-005
 5.099500e+002  2.528453e-005
 5.105687e+002  2.483185e-005
 5.111875e+002  2.569621e-005
 5.118062e+002  2.952611e-005
 5.124250e+002  2.785294e-005
 5.130437e+002  2.415414e-005
 5.136625e+002  2.536322e-005
 5.142812e+002  2.492671e-005
 5.149000e+002  2.679515e-005
 5.155187e+002  2.746199e-005
 5.161375e+002  2.588622e-005
 5.167562e+002  2.757910e-005
 5.173750e+002  2.714313e-005
 5.179937e+002  2.558308e-005
 5.186125e+002  2.907003e-005
 5.192312e+002  2.786135e-005
 5.198500e+002  2.680685e-005
 5.204687e+002  2.707431e-005
 5.210875e+002  2.697241e-005
 5.217062e+002  2.893033e-005
 5.223250e+002  3.007656e-005
 5.229437e+002  2.809279e-005
 5.235625e+002  2.578541e-005
 5.241812e+002  2.142507e-005
 5.248000e+002  2.489455e-005
 5.254187e+002  2.625275e-005
 5.260375e+002  2.292414e-005
 5.266562e+002  2.333883e-005
 5.272750e+002  3.198574e-005
 5.278937e+002  3.076794e-005
 5.285125e+002  2.708815e-005
 5.291312e+002  2.501473e-005
 5.297500e+002  2.541148e-005
 5.303687e+002  2.607501e-005
 5.309875e+002  2.699078e-005
 5.316062e+002  2.411370e-005
 5.322250e+002  2.339002e-005
 5.328437e+002  2.202745e-005
 5.334625e+002  2.456797e-005
 5.340812e+002  2.433629e-005
 5.347000e+002  2.240751e-005
 5.353187e+002  2.330716e-005
 5.359375e+002  2.400721e-005
 5.365562e+002  2.548246e-005
 5.371750e+002  2.549431e-005
 5.377937e+002  2.424496e-005
 5.384125e+002  2.556240e-005
 5.390312e+002  2.517524e-005
 5.396500e+002  8.501123e-005
 5.402687e+002  1.508157e-004
 5.408875e+002  7.129321e-005
 5.415062e+002  2.205498e-005
 5.421250e+002  2.503014e-005
 5.427437e+002  2.769994e-005
 5.433625e+002  2.861202e-005
 5.439812e+002  2.617047e-005
 5.446000e+002  2.719438e-005
 5.452187e+002  2.412059e-005
 5.458375e+002  2.623038e-005
 5.464562e+002  2.667217e-005
 5.470750e+002  2.380863e-005
 5.476937e+002  2.568977e-005
 5.483125e+002  3.108171e-005
 5.489312e+002  4.150839e-005
 5.495500e+002  1.398550e-004
 5.501687e+002  1.244749e-004
 5.507875e+002  3.168195e-005
 5.514062e+002  2.105088e-005
 5.520250e+002  2.268082e-005
 5.526437e+002  2.748181e-005
 5.532625e+002  3.272103e-005
 5.538812e+002  3.139990e-005
 5.545000e+002  2.875926e-005
 5.551187e+002  2.508664e-005
 5.557375e+002  2.495095e-005
 5.563562e+002  2.532705e-005
 5.569750e+002  2.580150e-005
 5.575937e+002  2.701293e-005
 5.582125e+002  2.634896e-005
 5.588312e+002  2.400815e-005
 5.594500e+002  2.498736e-005
 5.600687e+002  2.577997e-005
 5.606875e+002  3.067291e-005
 5.613062e+002  2.796238e-005
 5.619250e+002  1.898920e-005
 5.625437e+002  2.345010e-005
 5.631625e+002  2.621150e-005
 5.637812e+002  2.827085e-005
 5.644000e+002  2.652820e-005
 5.650187e+002  2.909322e-005
 5.656375e+002  2.989465e-005
 5.662562e+002  2.732285e-005
 5.668750e+002  2.593588e-005
 5.674937e+002  1.886301e-005
 5.681125e+002  2.214501e-005
 5.687312e+002  2.579001e-005
 5.693500e+002  2.447247e-005
 5.699687e+002  2.338634e-005
 5.705875e+002  2.228082e-005
 5.712062e+002  2.353597e-005
 5.718250e+002  2.517732e-005
 5.724437e+002  2.429194e-005
 5.730625e+002  3.019857e-005
 5.736812e+002  2.762239e-005
 5.743000e+002  2.268633e-005
 5.749187e+002  2.234553e-005
 5.755375e+002  2.122791e-005
 5.761562e+002  2.334402e-005
 5.767750e+002  2.487819e-005
 5.773937e+002  2.403318e-005
 5.780125e+002  2.602769e-005
 5.786312e+002  2.845591e-005
 5.792500e+002  2.039929e-005
 5.798687e+002  2.345584e-005
 5.804875e+002  2.541927e-005
 5.811062e+002  2.283518e-005
 5.817250e+002  2.278115e-005
 5.823437e+002  2.380960e-005
 5.829625e+002  2.543916e-005
 5.835812e+002  2.585075e-005
 5.842000e+002  2.257669e-005
 5.848187e+002  2.277342e-005
 5.854375e+002  2.369143e-005
 5.860562e+002  2.193506e-005
 5.866750e+002  2.254900e-005
 5.872937e+002  2.423692e-005
 5.879125e+002  2.411988e-005
 5.885312e+002  2.282479e-005
 5.891500e+002  2.069260e-005
 5.897687e+002  1.948809e-005
 5.903875e+002  2.244231e-005
 5.910062e+002  2.147722e-005
 5.916250e+002  2.202274e-005
 5.922437e+002  2.084218e-005
 5.928625e+002  2.683412e-005
 5.934812e+002  2.423112e-005
 5.941000e+002  2.146359e-005
 5.947187e+002  2.144041e-005
 5.953375e+002  1.874589e-005
 5.959562e+002  2.110639e-005
 5.965750e+002  2.143474e-005
 5.971937e+002  2.288930e-005
 5.978125e+002  2.408180e-005
 5.984312e+002  2.104506e-005
 5.990500e+002  2.149582e-005
 5.996687e+002  9.317505e-005
 6.002875e+002  1.562979e-004
 6.009062e+002  7.289492e-005
 6.015250e+002  2.122265e-005
 6.021437e+002  2.006129e-005
 6.027625e+002  1.995894e-005
 6.033812e+002  2.228714e-005
 6.040000e+002  2.222772e-005
 6.046187e+002  2.138737e-005
 6.052375e+002  2.323319e-005
 6.058562e+002  1.537891e-004
 6.064750e+002  2.216703e-004
 6.070937e+002  8.086620e-005
 6.077125e+002  2.187034e-005
 6.083312e+002  2.141584e-005
 6.089500e+002  2.379544e-005
 6.095687e+002  2.460357e-005
 6.101875e+002  2.132148e-005
 6.108062e+002  2.157808e-005
 6.114250e+002  2.392770e-005
 6.120437e+002  2.087030e-005
 6.126625e+002  1.722963e-005
 6.132812e+002  1.802497e-005
 6.139000e+002  2.114051e-005
 6.145187e+002  2.709442e-005
 6.151375e+002  2.805974e-005
 6.157562e+002  2.165330e-005
 6.163750e+002  2.195079e-005
 6.169937e+002  2.448198e-005
 6.176125e+002  2.170972e-005
 6.182312e+002  2.454120e-005
 6.188500e+002  2.436241e-005
 6.194687e+002  2.152831e-005
 6.200875e+002  1.724673e-005
 6.207062e+002  2.044696e-005
 6.213250e+002  2.285979e-005
 6.219437e+002  2.115257e-005
 6.225625e+002  2.052450e-005
 6.231812e+002  1.963456e-005
 6.238000e+002  1.906499e-005
 6.244187e+002  1.847078e-005
 6.250375e+002  2.263947e-005
 6.256562e+002  2.424522e-005
 6.262750e+002  2.170939e-005
 6.268937e+002  2.421753e-005
 6.275125e+002  2.695168e-005
 6.281312e+002  2.499066e-005
 6.287500e+002  2.311788e-005
 6.293687e+002  2.025605e-005
 6.299875e+002  2.254965e-005
 6.306062e+002  2.274909e-005
 6.312250e+002  2.257220e-005
 6.318437e+002  2.179558e-005
 6.324625e+002  2.119034e-005
 6.330812e+002  2.122964e-005
 6.337000e+002  1.816220e-005
 6.343187e+002  1.972855e-005
 6.349375e+002  2.045851e-005
 6.355562e+002  1.978526e-005
 6.361750e+002  2.312578e-005
 6.367937e+002  2.438982e-005
 6.374125e+002  2.151239e-005
 6.380312e+002  1.988998e-005
 6.386500e+002  2.050954e-005
 6.392687e+002  2.145227e-005
 6.398875e+002  1.995935e-005
 6.405062e+002  1.991996e-005
 6.411250e+002  2.486981e-005
 6.417437e+002  2.536725e-005
 6.423625e+002  2.380697e-005
 6.429812e+002  2.172705e-005
 6.436000e+002  2.065333e-005
 6.442187e+002  2.271505e-005
 6.448375e+002  2.174393e-005
 6.454562e+002  2.148303e-005
 6.460750e+002  2.280479e-005
 6.466937e+002  2.084332e-005
 6.473125e+002  2.086147e-005
 6.479312e+002  1.924854e-005
 6.485500e+002  1.957986e-005
 6.491687e+002  1.505207e-004
 6.497875e+002  2.829085e-004
 6.504062e+002  1.348919e-004
 6.510250e+002  2.198686e-005
 6.516437e+002  2.419606e-005
 6.522625e+002  2.201324e-005
 6.528812e+002  2.188966e-005
 6.535000e+002  1.748838e-005
 6.541187e+002  1.624711e-005
 6.547375e+002  1.868093e-005
 6.553562e+002  1.727339e-005
 6.559750e+002  1.718824e-005
 6.565937e+002  2.062418e-005
 6.572125e+002  2.121393e-005
 6.578312e+002  2.237403e-005
 6.584500e+002  2.007256e-005
 6.590687e+002  1.976105e-005
 6.596875e+002  8.035814e-005
 6.603062e+002  1.431509e-004
 6.609250e+002  6.619583e-005
 6.615437e+002  2.169125e-005
 6.621625e+002  2.190824e-005
 6.627812e+002  2.108093e-005
 6.634000e+002  2.154527e-005
 6.640187e+002  1.956430e-005
 6.646375e+002  1.944134e-005
 6.652562e+002  2.127911e-005
 6.658750e+002  2.073159e-005
 6.664937e+002  2.192785e-005
 6.671125e+002  2.075219e-005
 6.677312e+002  2.177127e-005
 6.683500e+002  2.044615e-005
 6.689687e+002  2.304485e-005
 6.695875e+002  2.054177e-005
 6.702062e+002  2.011001e-005
 6.708250e+002  2.094688e-005
 6.714437e+002  1.829689e-005
 6.720625e+002  1.463141e-005
 6.726812e+002  1.623491e-005
 6.733000e+002  1.828069e-005
 6.739187e+002  1.851794e-005
 6.745375e+002  1.924753e-005
 6.751562e+002  2.296315e-005
 6.757750e+002  2.312995e-005
 6.763937e+002  1.846517e-005
 6.770125e+002  1.782237e-005
 6.776312e+002  1.734784e-005
 6.782500e+002  1.945144e-005
 6.788687e+002  1.983306e-005
 6.794875e+002  2.034613e-005
 6.801062e+002  1.604376e-005
 6.807250e+002  2.100780e-005
 6.813437e+002  2.146534e-005
 6.819625e+002  1.837696e-005
 6.825812e+002  1.884592e-005
 6.832000e+002  1.918194e-005
 6.838187e+002  2.242540e-005
 6.844375e+002  2.250904e-005
 6.850562e+002  2.061653e-005
 6.856750e+002  2.195752e-005
 6.862937e+002  2.140086e-005
 6.869125e+002  2.086023e-005
 6.875312e+002  2.268292e-005
 6.881500e+002  1.827255e-005
 6.887687e+002  1.885113e-005
 6.893875e+002  1.881362e-005
 6.900062e+002  1.797801e-005
 6.906250e+002  2.197918e-005
 6.912437e+002  2.113433e-005
 6.918625e+002  1.940332e-005
 6.924812e+002  1.988726e-005
 6.931000e+002  2.077227e-005
 6.937187e+002  2.064646e-005
 6.943375e+002  1.979592e-005
 6.949562e+002  2.013289e-005
 6.955750e+002  2.184726e-005
 6.961937e+002  2.107798e-005
 6.968125e+002  2.034521e-005
 6.974312e+002  1.885741e-005
 6.980500e+002  2.140769e-005
 6.986687e+002  2.106907e-005
 6.992875e+002  1.830321e-005
 6.999062e+002  2.325986e-005
 7.005250e+002  2.244148e-005
 7.011437e+002  2.132125e-005
 7.017625e+002  2.331018e-005
 7.023812e+002  2.143484e-005
 7.030000e+002  2.222404e-005
 7.036187e+002  1.985017e-005
 7.042375e+002  1.708739e-005
 7.048562e+002  2.011700e-005
 7.054750e+002  2.021914e-005
 7.060937e+002  2.160803e-005
 7.067125e+002  1.919203e-005
 7.073312e+002  2.006165e-005
 7.079500e+002  1.930346e-005
 7.085687e+002  1.626965e-005
 7.091875e+002  1.680904e-005
 7.098062e+002  1.766102e-005
 7.104250e+002  1.921083e-005
 7.110437e+002  2.049695e-005
 7.116625e+002  1.834565e-005
 7.122812e+002  1.740516e-005
 7.129000e+002  2.016926e-005
 7.135187e+002  2.210784e-005
 7.141375e+002  1.782398e-005
 7.147562e+002  1.592993e-005
 7.153750e+002  1.617728e-005
 7.159937e+002  1.975282e-005
 7.166125e+002  2.153540e-005
 7.172312e+002  1.986831e-005
 7.178500e+002  2.045410e-005
 7.184687e+002  2.040897e-005
 7.190875e+002  1.743856e-005
 7.197062e+002  8.180667e-005
 7.203250e+002  1.482194e-004
 7.209437e+002  7.155754e-005
 7.215625e+002  1.918127e-005
 7.221812e+002  1.988462e-005
 7.228000e+002  1.929862e-005
 7.234187e+002  2.007234e-005
 7.240375e+002  2.286308e-005
 7.246562e+002  2.277733e-005
 7.252750e+002  2.354179e-005
 7.258937e+002  2.216663e-005
 7.265125e+002  2.146464e-005
 7.271312e+002  2.069153e-005
 7.277500e+002  1.886428e-005
 7.283687e+002  1.536072e-005
 7.289875e+002  1.774371e-005
 7.296062e+002  2.105687e-005
 7.302250e+002  2.080276e-005
 7.308437e+002  1.842433e-005
 7.314625e+002  1.693368e-005
 7.320812e+002  1.778224e-005
 7.327000e+002  1.760572e-005
 7.333187e+002  2.056775e-005
 7.339375e+002  1.870220e-005
 7.345562e+002  1.885914e-005
 7.351750e+002  2.230659e-005
 7.357937e+002  2.245422e-005
 7.364125e+002  2.012905e-005
 7.370312e+002  1.799806e-005
 7.376500e+002  2.213301e-005
 7.382687e+002  2.333249e-005
 7.388875e+002  2.199303e-005
 7.395062e+002  2.190527e-005
 7.401250e+002  2.005175e-005
 7.407437e+002  1.769542e-005
 7.413625e+002  1.857175e-005
 7.419812e+002  1.783856e-005
 7.426000e+002  2.142688e-005
 7.432187e+002  1.957190e-005
 7.438375e+002  1.614308e-005
 7.444562e+002  2.016844e-005
 7.450750e+002  2.156224e-005
 7.456937e+002  2.239931e-005
 7.463125e+002  2.348380e-005
 7.469312e+002  2.023927e-005
 7.475500e+002  2.023980e-005
 7.481687e+002  1.698396e-005
 7.487875e+002  4.064358e-005
 7.494062e+002  1.681461e-004
 7.500250e+002  1.706489e-004
 7.506437e+002  4.058242e-005
 7.512625e+002  1.944818e-005
 7.518812e+002  1.893311e-005
 7.525000e+002  1.643134e-005
 7.531187e+002  1.728727e-005
 7.537375e+002  1.995340e-005
 7.543562e+002  1.808188e-005
 7.549750e+002  1.628435e-005
 7.555937e+002  1.625019e-005
 7.562125e+002  1.524609e-005
 7.568312e+002  1.591939e-005
 7.574500e+002  1.934076e-005
 7.580687e+002  1.679473e-005
 7.586875e+002  1.592922e-005
 7.593062e+002  2.006544e-005
 7.599250e+002  2.227849e-005
 7.605437e+002  2.205283e-005
 7.611625e+002  1.727547e-005
 7.617812e+002  1.800064e-005
 7.624000e+002  2.152169e-005
 7.630187e+002  1.983706e-005
 7.636375e+002  1.594874e-005
 7.642562e+002  1.630901e-005
 7.648750e+002  2.015343e-005
 7.654937e+002  1.855702e-005
 7.661125e+002  1.912407e-005
 7.667312e+002  1.983517e-005
 7.673500e+002  1.861832e-005
 7.679687e+002  1.517333e-005
 7.685875e+002  1.608208e-005
 7.692062e+002  1.763831e-005
 7.698250e+002  1.871311e-005
 7.704437e+002  2.008516e-005
 7.710625e+002  1.813126e-005
 7.716812e+002  1.663982e-005
 7.723000e+002  1.937085e-005
 7.729187e+002  2.060318e-005
 7.735375e+002  1.726865e-005
 7.741562e+002  1.657761e-005
 7.747750e+002  1.306311e-005
 7.753937e+002  1.641049e-005
 7.760125e+002  1.993151e-005
 7.766312e+002  1.683662e-005
 7.772500e+002  1.435205e-005
 7.778687e+002  1.688481e-005
 7.784875e+002  1.459221e-005
 7.791062e+002  1.663023e-005
 7.797250e+002  7.560909e-005
 7.803437e+002  1.425087e-004
 7.809625e+002  6.793182e-005
 7.815812e+002  1.598262e-005
 7.822000e+002  1.840506e-005
 7.828187e+002  1.747415e-005
 7.834375e+002  1.856166e-005
 7.840562e+002  1.895113e-005
 7.846750e+002  1.815300e-005
 7.852937e+002  1.809626e-005
 7.859125e+002  1.988018e-005
 7.865312e+002  2.007986e-005
 7.871500e+002  1.772586e-005
 7.877687e+002  1.774329e-005
 7.883875e+002  1.828421e-005
 7.890062e+002  1.801917e-005
 7.896250e+002  1.703294e-005
 7.902437e+002  1.864314e-005
 7.908625e+002  1.843876e-005
 7.914812e+002  1.815516e-005
 7.921000e+002  1.868135e-005
 7.927187e+002  1.797452e-005
 7.933375e+002  1.761690e-005
 7.939562e+002  1.523810e-005
 7.945750e+002  1.733110e-005
 7.951937e+002  1.849653e-005
 7.958125e+002  1.525513e-005
 7.964312e+002  1.705419e-005
 7.970500e+002  1.876776e-005
 7.976687e+002  1.729421e-005
 7.982875e+002  1.472674e-005
 7.989062e+002  1.748962e-005
 7.995250e+002  1.915817e-005
 8.001437e+002  2.009706e-005
 8.007625e+002  1.871822e-005
 8.013812e+002  1.626029e-005
 8.020000e+002  1.605783e-005
 8.026187e+002  2.003677e-005
 8.032375e+002  1.802587e-005
 8.038562e+002  1.688580e-005
 8.044750e+002  1.878173e-005
 8.050937e+002  1.824421e-005
 8.057125e+002  1.810134e-005
 8.063312e+002  1.681192e-005
 8.069500e+002  1.415418e-005
 8.075687e+002  1.622228e-005
 8.081875e+002  1.867704e-005
 8.088062e+002  2.086641e-005
 8.094250e+002  1.995048e-005
 8.100437e+002  1.859234e-005
 8.106625e+002  1.777160e-005
 8.112812e+002  1.870216e-005
 8.119000e+002  1.857713e-005
 8.125187e+002  1.606738e-005
 8.131375e+002  1.530544e-005
 8.137562e+002  1.645116e-005
 8.143750e+002  1.579903e-005
 8.149937e+002  1.598238e-005
 8.156125e+002  1.565700e-005
 8.162312e+002  1.842594e-005
 8.168500e+002  1.586323e-005
 8.174687e+002  1.616443e-005
 8.180875e+002  1.561127e-005
 8.187062e+002  1.549957e-005
 8.193250e+002  1.836761e-005
 8.199437e+002  1.797779e-005
 8.205625e+002  1.841919e-005
 8.211812e+002  1.919084e-005
 8.218000e+002  1.946268e-005
 8.224187e+002  2.037428e-005
 8.230375e+002  1.871050e-005
 8.236562e+002  1.687453e-005
 8.242750e+002  1.926061e-005
 8.248937e+002  1.827297e-005
 8.255125e+002  1.884963e-005
 8.261312e+002  1.940179e-005
 8.267500e+002  1.552027e-005
 8.273687e+002  1.762303e-005
 8.279875e+002  1.761698e-005
 8.286062e+002  1.509424e-005
 8.292250e+002  1.697072e-005
 8.298437e+002  1.901375e-005
 8.304625e+002  1.741230e-005
 8.310812e+002  1.707588e-005
 8.317000e+002  1.608558e-005
 8.323187e+002  1.448209e-005
 8.329375e+002  1.671515e-005
 8.335562e+002  1.678683e-005
 8.341750e+002  1.659659e-005
 8.347937e+002  1.635411e-005
 8.354125e+002  1.461371e-005
 8.360312e+002  1.316901e-005
 8.366500e+002  1.339616e-005
 8.372687e+002  1.404500e-005
 8.378875e+002  1.537988e-005
 8.385062e+002  1.730438e-005
 8.391250e+002  1.663919e-005
 8.397437e+002  7.270243e-005
 8.403625e+002  1.336036e-004
 8.409812e+002  6.385471e-005
 8.416000e+002  1.803196e-005
 8.422187e+002  1.823506e-005
 8.428375e+002  1.576569e-005
 8.434562e+002  1.614391e-005
 8.440750e+002  1.638140e-005
 8.446937e+002  1.719905e-005
 8.453125e+002  1.552065e-005
 8.459312e+002  1.650065e-005
 8.465500e+002  1.660781e-005
 8.471687e+002  1.753119e-005
 8.477875e+002  1.889487e-005
 8.484062e+002  1.748983e-005
 8.490250e+002  8.101501e-005
 8.496437e+002  1.821813e-004
 8.502625e+002  1.037894e-004
 8.508812e+002  1.917380e-005
 8.515000e+002  1.422635e-005
 8.521187e+002  1.487820e-005
 8.527375e+002  1.671728e-005
 8.533562e+002  1.790073e-005
 8.539750e+002  1.818698e-005
 8.545937e+002  1.686812e-005
 8.552125e+002  1.633862e-005
 8.558312e+002  1.706881e-005
 8.564500e+002  1.909068e-005
 8.570687e+002  2.036857e-005
 8.576875e+002  1.777100e-005
 8.583062e+002  1.744766e-005
 8.589250e+002  1.705297e-005
 8.595437e+002  1.702160e-005
 8.601625e+002  1.745986e-005
 8.607812e+002  1.511970e-005
 8.614000e+002  1.577448e-005
 8.620187e+002  1.887607e-005
 8.626375e+002  1.583257e-005
 8.632562e+002  1.865656e-005
 8.638750e+002  2.002676e-005
 8.644937e+002  1.926202e-005
 8.651125e+002  1.688907e-005
 8.657312e+002  1.597486e-005
 8.663500e+002  1.604997e-005
 8.669687e+002  1.782931e-005
 8.675875e+002  2.169599e-005
 8.682062e+002  1.828197e-005
 8.688250e+002  1.576621e-005
 8.694437e+002  1.635226e-005
 8.700625e+002  1.556843e-005
 8.706812e+002  1.503915e-005
 8.713000e+002  1.786764e-005
 8.719187e+002  1.611213e-005
 8.725375e+002  1.564875e-005
 8.731562e+002  1.403874e-005
 8.737750e+002  1.426904e-005
 8.743937e+002  1.344746e-005
 8.750125e+002  1.662898e-005
 8.756312e+002  1.901186e-005
 8.762500e+002  1.755514e-005
 8.768687e+002  1.814500e-005
 8.774875e+002  1.846079e-005
 8.781062e+002  1.701774e-005
 8.787250e+002  1.502854e-005
 8.793437e+002  1.763024e-005
 8.799625e+002  2.024031e-005
 8.805812e+002  1.994963e-005
 8.812000e+002  1.858602e-005
 8.818187e+002  1.914292e-005
 8.824375e+002  1.848033e-005
 8.830562e+002  1.854377e-005
 8.836750e+002  1.585990e-005
 8.842937e+002  1.592111e-005
 8.849125e+002  1.624882e-005
 8.855312e+002  1.715189e-005
 8.861500e+002  1.994734e-005
 8.867687e+002  1.820053e-005
 8.873875e+002  1.965572e-005
 8.880062e+002  1.535708e-005
 8.886250e+002  1.457376e-005
 8.892437e+002  1.724741e-005
 8.898625e+002  1.698804e-005
 8.904812e+002  1.605242e-005
 8.911000e+002  1.828395e-005
 8.917187e+002  1.613700e-005
 8.923375e+002  1.538368e-005
 8.929562e+002  1.454452e-005
 8.935750e+002  1.517709e-005
 8.941937e+002  1.676808e-005
 8.948125e+002  1.673044e-005
 8.954312e+002  1.653295e-005
 8.960500e+002  1.689878e-005
 8.966687e+002  1.739578e-005
 8.972875e+002  1.729832e-005
 8.979062e+002  1.679431e-005
 8.985250e+002  1.865654e-005
 8.991437e+002  2.134614e-005
 8.997625e+002  6.883950e-005
 9.003812e+002  1.313715e-004
 9.010000e+002  6.582790e-005
 9.016187e+002  1.662825e-005
 9.022375e+002  1.640947e-005
 9.028562e+002  1.533849e-005
 9.034750e+002  1.481032e-005
 9.040937e+002  1.735821e-005
 9.047125e+002  1.733415e-005
 9.053312e+002  1.528947e-005
 9.059500e+002  1.587040e-005
 9.065687e+002  1.770365e-005
 9.071875e+002  1.685035e-005
 9.078062e+002  1.490482e-005
 9.084250e+002  1.885767e-005
 9.090437e+002  7.472008e-005
 9.096625e+002  1.018789e-004
 9.102812e+002  3.645086e-005
 9.109000e+002  1.455547e-005
 9.115187e+002  1.638132e-005
 9.121375e+002  1.682152e-005
 9.127562e+002  1.741200e-005
 9.133750e+002  1.739033e-005
 9.139937e+002  1.965881e-005
 9.146125e+002  1.726963e-005
 9.152312e+002  1.434530e-005
 9.158500e+002  1.576601e-005
 9.164687e+002  1.666592e-005
 9.170875e+002  1.574795e-005
 9.177062e+002  1.813189e-005
 9.183250e+002  1.731664e-005
 9.189437e+002  1.764404e-005
 9.195625e+002  1.602157e-005
 9.201812e+002  1.658552e-005
 9.208000e+002  1.901259e-005
 9.214187e+002  1.956708e-005
 9.220375e+002  1.985490e-005
 9.226562e+002  2.213693e-005
 9.232750e+002  1.948815e-005
 9.238937e+002  2.307450e-005
 9.245125e+002  3.670100e-005
 9.251312e+002  4.012346e-005
 9.257500e+002  2.633942e-005
 9.263687e+002  1.883431e-005
 9.269875e+002  1.847391e-005
 9.276062e+002  1.600365e-005
 9.282250e+002  1.606118e-005
 9.288437e+002  1.567599e-005
 9.294625e+002  1.558316e-005
 9.300812e+002  1.753194e-005
 9.307000e+002  1.883844e-005
 9.313187e+002  1.650025e-005
 9.319375e+002  1.696416e-005
 9.325562e+002  1.645515e-005
 9.331750e+002  1.710438e-005
 9.337937e+002  1.816579e-005
 9.344125e+002  1.880313e-005
 9.350312e+002  1.554949e-005
 9.356500e+002  1.604134e-005
 9.362687e+002  1.928000e-005
 9.368875e+002  1.664993e-005
 9.375062e+002  1.471091e-005
 9.381250e+002  1.333218e-005
 9.387437e+002  1.563061e-005
 9.393625e+002  1.717045e-005
 9.399812e+002  1.738405e-005
 9.406000e+002  1.897804e-005
 9.412187e+002  2.012020e-005
 9.418375e+002  1.870935e-005
 9.424562e+002  1.644100e-005
 9.430750e+002  1.832070e-005
 9.436937e+002  1.540125e-005
 9.443125e+002  1.505462e-005
 9.449312e+002  1.564812e-005
 9.455500e+002  1.696440e-005
 9.461687e+002  1.776479e-005
 9.467875e+002  1.669248e-005
 9.474062e+002  1.923011e-005
 9.480250e+002  2.008903e-005
 9.486437e+002  2.459435e-005
 9.492625e+002  1.104427e-004
 9.498812e+002  1.294443e-004
 9.505000e+002  3.847238e-005
 9.511187e+002  1.442757e-005
 9.517375e+002  1.329084e-005
 9.523562e+002  1.474591e-005
 9.529750e+002  1.767348e-005
 9.535937e+002  1.804573e-005
 9.542125e+002  1.506074e-005
 9.548312e+002  1.463387e-005
 9.554500e+002  1.577472e-005
 9.560687e+002  1.752671e-005
 9.566875e+002  1.853567e-005
 9.573062e+002  1.621554e-005
 9.579250e+002  1.680675e-005
 9.585437e+002  1.509961e-005
 9.591625e+002  1.600773e-005
 9.597812e+002  7.065076e-005
 9.604000e+002  1.287696e-004
 9.610187e+002  6.293313e-005
 9.616375e+002  1.385732e-005
 9.622562e+002  1.536574e-005
 9.628750e+002  1.531207e-005
 9.634937e+002  1.490493e-005
 9.641125e+002  1.599100e-005
 9.647312e+002  1.657259e-005
 9.653500e+002  1.483018e-005
 9.659687e+002  1.779163e-005
 9.665875e+002  1.669962e-005
 9.672062e+002  1.630867e-005
 9.678250e+002  1.718336e-005
 9.684437e+002  1.510257e-005
 9.690625e+002  1.622018e-005
 9.696812e+002  1.884681e-005
 9.703000e+002  1.551557e-005
 9.709187e+002  1.409727e-005
 9.715375e+002  1.529993e-005
 9.721562e+002  1.619129e-005
 9.727750e+002  1.563283e-005
 9.733937e+002  1.399232e-005
 9.740125e+002  1.274957e-005
 9.746312e+002  1.381369e-005
 9.752500e+002  1.472251e-005
 9.758687e+002  1.411292e-005
 9.764875e+002  1.577476e-005
 9.771062e+002  1.477749e-005
 9.777250e+002  1.362442e-005
 9.783437e+002  1.311454e-005
 9.789625e+002  1.570007e-005
 9.795812e+002  1.575187e-005
 9.802000e+002  1.500174e-005
 9.808187e+002  1.387576e-005
 9.814375e+002  1.447656e-005
 9.820562e+002  1.580728e-005
 9.826750e+002  1.713091e-005
 9.832937e+002  1.821913e-005
 9.839125e+002  1.685270e-005
 9.845312e+002  1.578389e-005
 9.851500e+002  1.525483e-005
 9.857687e+002  1.512205e-005
 9.863875e+002  1.564165e-005
 9.870062e+002  1.601510e-005
 9.876250e+002  1.673597e-005
 9.882437e+002  1.407680e-005
 9.888625e+002  1.302333e-005
 9.894812e+002  1.265918e-005
 9.901000e+002  1.480509e-005
 9.907187e+002  1.769014e-005
 9.913375e+002  1.429552e-005
 9.919562e+002  1.580297e-005
 9.925750e+002  1.494143e-005
 9.931937e+002  1.415123e-005
 9.938125e+002  1.650360e-005
 9.944312e+002  1.614875e-005
 9.950500e+002  1.419093e-005
 9.956687e+002  1.343338e-005
 9.962875e+002  1.481482e-005
 9.969062e+002  1.716001e-005
 9.975250e+002  1.505176e-005
 9.981437e+002  1.346825e-005
 9.987625e+002  1.481873e-005
 9.993812e+002  6.067061e-005
 1.000000e+003  1.190700e-004
