 1.000000e+000  5.535969e-004
 1.247500e+000  3.226304e-004
 1.495000e+000  3.475259e-004
 1.742500e+000  2.773904e-004
 1.990000e+000  2.416507e-004
 2.237500e+000  2.280258e-004
 2.485000e+000  2.316642e-004
 2.732500e+000  2.157837e-004
 2.980000e+000  1.880221e-004
 3.227500e+000  1.840130e-004
 3.475000e+000  1.506677e-004
 3.722500e+000  1.412018e-004
 3.970000e+000  1.394116e-004
 4.217500e+000  1.359148e-004
 4.465000e+000  1.418680e-004
 4.712500e+000  1.285027e-004
 4.960000e+000  1.064845e-004
 5.207500e+000  9.790958e-005
 5.455000e+000  9.997794e-005
 5.702500e+000  9.596221e-005
 5.950000e+000  8.991080e-005
 6.197500e+000  9.026496e-005
 6.445000e+000  9.426123e-005
 6.692500e+000  8.537558e-005
 6.940000e+000  7.324575e-005
 7.187500e+000  7.006518e-005
 7.435000e+000  7.312005e-005
 7.682500e+000  7.015431e-005
 7.930000e+000  6.784294e-005
 8.177500e+000  6.597052e-005
 8.425000e+000  6.512633e-005
 8.672500e+000  5.990504e-005
 8.920000e+000  6.060518e-005
 9.167500e+000  5.860234e-005
 9.415000e+000  5.129253e-005
 9.662500e+000  5.012925e-005
 9.910000e+000  5.481967e-005
 1.015750e+001  4.939308e-005
 1.040500e+001  4.545701e-005
 1.065250e+001  4.390014e-005
 1.090000e+001  4.102810e-005
 1.114750e+001  4.227545e-005
 1.139500e+001  4.595990e-005
 1.164250e+001  4.753886e-005
 1.189000e+001  4.108593e-005
 1.213750e+001  4.199669e-005
 1.238500e+001  4.548748e-005
 1.263250e+001  3.920188e-005
 1.288000e+001  3.422141e-005
 1.312750e+001  3.655573e-005
 1.337500e+001  3.495298e-005
 1.362250e+001  2.883337e-005
 1.387000e+001  3.241428e-005
 1.411750e+001  3.589598e-005
 1.436500e+001  3.528214e-005
 1.461250e+001  3.257362e-005
 1.486000e+001  3.041107e-005
 1.510750e+001  3.371253e-005
 1.535500e+001  3.140951e-005
 1.560250e+001  2.936377e-005
 1.585000e+001  2.930953e-005
 1.609750e+001  3.085297e-005
 1.634500e+001  3.010996e-005
 1.659250e+001  3.089083e-005
 1.684000e+001  2.736151e-005
 1.708750e+001  3.309489e-005
 1.733500e+001  3.389776e-005
 1.758250e+001  2.957463e-005
 1.783000e+001  2.864169e-005
 1.807750e+001  2.698875e-005
 1.832500e+001  2.851623e-005
 1.857250e+001  2.745858e-005
 1.882000e+001  2.880299e-005
 1.906750e+001  2.816474e-005
 1.931500e+001  2.630412e-005
 1.956250e+001  2.446075e-005
 1.981000e+001  2.104918e-005
 2.005750e+001  2.534140e-005
 2.030500e+001  2.545135e-005
 2.055250e+001  2.411718e-005
 2.080000e+001  2.439674e-005
 2.104750e+001  2.167614e-005
 2.129500e+001  2.266330e-005
 2.154250e+001  2.383583e-005
 2.179000e+001  2.278784e-005
 2.203750e+001  2.319925e-005
 2.228500e+001  2.398678e-005
 2.253250e+001  2.445162e-005
 2.278000e+001  2.264991e-005
 2.302750e+001  2.343843e-005
 2.327500e+001  2.229536e-005
 2.352250e+001  2.060708e-005
 2.377000e+001  2.293829e-005
 2.401750e+001  2.049814e-005
 2.426500e+001  2.049037e-005
 2.451250e+001  2.075741e-005
 2.476000e+001  2.137878e-005
 2.500750e+001  2.232038e-005
 2.525500e+001  2.291645e-005
 2.550250e+001  2.123569e-005
 2.575000e+001  1.995454e-005
 2.599750e+001  1.997392e-005
 2.624500e+001  2.106572e-005
 2.649250e+001  2.219539e-005
 2.674000e+001  2.232841e-005
 2.698750e+001  2.228151e-005
 2.723500e+001  2.106418e-005
 2.748250e+001  2.010346e-005
 2.773000e+001  2.098452e-005
 2.797750e+001  2.322451e-005
 2.822500e+001  2.157766e-005
 2.847250e+001  2.198400e-005
 2.872000e+001  1.963873e-005
 2.896750e+001  1.696021e-005
 2.921500e+001  1.806731e-005
 2.946250e+001  1.942914e-005
 2.971000e+001  1.793372e-005
 2.995750e+001  1.893657e-005
 3.020500e+001  1.927035e-005
 3.045250e+001  2.062462e-005
 3.070000e+001  2.038469e-005
 3.094750e+001  1.749612e-005
 3.119500e+001  1.716317e-005
 3.144250e+001  1.880879e-005
 3.169000e+001  1.928830e-005
 3.193750e+001  2.094653e-005
 3.218500e+001  1.852975e-005
 3.243250e+001  1.669968e-005
 3.268000e+001  1.801578e-005
 3.292750e+001  1.845606e-005
 3.317500e+001  1.859529e-005
 3.342250e+001  2.069295e-005
 3.367000e+001  2.057788e-005
 3.391750e+001  1.931958e-005
 3.416500e+001  1.912950e-005
 3.441250e+001  1.724316e-005
 3.466000e+001  1.837690e-005
 3.490750e+001  1.895839e-005
 3.515500e+001  1.826572e-005
 3.540250e+001  1.792912e-005
 3.565000e+001  1.927047e-005
 3.589750e+001  1.935801e-005
 3.614500e+001  1.789139e-005
 3.639250e+001  1.661465e-005
 3.664000e+001  1.759037e-005
 3.688750e+001  1.701895e-005
 3.713500e+001  1.720274e-005
 3.738250e+001  1.723120e-005
 3.763000e+001  1.710068e-005
 3.787750e+001  1.935835e-005
 3.812500e+001  1.733536e-005
 3.837250e+001  1.601245e-005
 3.862000e+001  1.757641e-005
 3.886750e+001  1.892660e-005
 3.911500e+001  1.945249e-005
 3.936250e+001  1.773493e-005
 3.961000e+001  1.674361e-005
 3.985750e+001  1.639316e-005
 4.010500e+001  1.767677e-005
 4.035250e+001  1.756713e-005
 4.060000e+001  2.347115e-005
 4.084750e+001  3.701502e-005
 4.109500e+001  2.836945e-005
 4.134250e+001  1.708707e-005
 4.159000e+001  1.573418e-005
 4.183750e+001  1.696099e-005
 4.208500e+001  1.797563e-005
 4.233250e+001  1.668784e-005
 4.258000e+001  1.848471e-005
 4.282750e+001  1.873780e-005
 4.307500e+001  1.790294e-005
 4.332250e+001  1.714362e-005
 4.357000e+001  1.466459e-005
 4.381750e+001  1.530021e-005
 4.406500e+001  1.466564e-005
 4.431250e+001  1.548190e-005
 4.456000e+001  1.511033e-005
 4.480750e+001  1.653190e-005
 4.505500e+001  1.700822e-005
 4.530250e+001  1.820017e-005
 4.555000e+001  1.713913e-005
 4.579750e+001  1.651611e-005
 4.604500e+001  1.664542e-005
 4.629250e+001  1.585636e-005
 4.654000e+001  1.416019e-005
 4.678750e+001  1.587932e-005
 4.703500e+001  1.618107e-005
 4.728250e+001  1.838508e-005
 4.753000e+001  1.866734e-005
 4.777750e+001  1.624099e-005
 4.802500e+001  1.486736e-005
 4.827250e+001  1.641170e-005
 4.852000e+001  1.715361e-005
 4.876750e+001  1.716260e-005
 4.901500e+001  1.604530e-005
 4.926250e+001  1.844737e-005
 4.951000e+001  4.321081e-005
 4.975750e+001  1.297030e-003
 5.000500e+001  2.972561e-003
 5.025250e+001  1.697505e-003
 5.050000e+001  5.986673e-005
 5.074750e+001  2.106845e-005
 5.099500e+001  1.604320e-005
 5.124250e+001  1.676182e-005
 5.149000e+001  1.691377e-005
 5.173750e+001  1.828915e-005
 5.198500e+001  1.875116e-005
 5.223250e+001  1.395060e-005
 5.248000e+001  1.399166e-005
 5.272750e+001  1.548672e-005
 5.297500e+001  1.574503e-005
 5.322250e+001  1.481267e-005
 5.347000e+001  1.554202e-005
 5.371750e+001  1.447625e-005
 5.396500e+001  1.412173e-005
 5.421250e+001  1.497349e-005
 5.446000e+001  1.589650e-005
 5.470750e+001  1.590162e-005
 5.495500e+001  1.569518e-005
 5.520250e+001  1.576383e-005
 5.545000e+001  1.595225e-005
 5.569750e+001  1.515915e-005
 5.594500e+001  1.424706e-005
 5.619250e+001  1.413081e-005
 5.644000e+001  1.530727e-005
 5.668750e+001  1.582686e-005
 5.693500e+001  1.622523e-005
 5.718250e+001  1.627021e-005
 5.743000e+001  1.379242e-005
 5.767750e+001  1.404372e-005
 5.792500e+001  1.573170e-005
 5.817250e+001  1.489451e-005
 5.842000e+001  1.518619e-005
 5.866750e+001  1.334424e-005
 5.891500e+001  1.543376e-005
 5.916250e+001  1.609778e-005
 5.941000e+001  1.527738e-005
 5.965750e+001  3.595869e-005
 5.990500e+001  1.535711e-004
 6.015250e+001  1.482619e-004
 6.040000e+001  2.995799e-005
 6.064750e+001  1.615780e-005
 6.089500e+001  1.368352e-005
 6.114250e+001  1.496366e-005
 6.139000e+001  1.502053e-005
 6.163750e+001  1.390314e-005
 6.188500e+001  1.241077e-005
 6.213250e+001  1.288597e-005
 6.238000e+001  1.452241e-005
 6.262750e+001  1.415485e-005
 6.287500e+001  1.375212e-005
 6.312250e+001  1.421474e-005
 6.337000e+001  1.427665e-005
 6.361750e+001  1.579491e-005
 6.386500e+001  1.813099e-005
 6.411250e+001  1.581462e-005
 6.436000e+001  1.517019e-005
 6.460750e+001  1.361384e-005
 6.485500e+001  1.497791e-005
 6.510250e+001  1.531382e-005
 6.535000e+001  1.576664e-005
 6.559750e+001  1.630499e-005
 6.584500e+001  1.517107e-005
 6.609250e+001  1.353337e-005
 6.634000e+001  1.435133e-005
 6.658750e+001  1.385566e-005
 6.683500e+001  1.277980e-005
 6.708250e+001  1.320993e-005
 6.733000e+001  1.370055e-005
 6.757750e+001  1.418772e-005
 6.782500e+001  1.436465e-005
 6.807250e+001  1.490885e-005
 6.832000e+001  1.573849e-005
 6.856750e+001  1.580488e-005
 6.881500e+001  1.309577e-005
 6.906250e+001  1.464405e-005
 6.931000e+001  1.435834e-005
 6.955750e+001  1.316566e-005
 6.980500e+001  1.228717e-005
 7.005250e+001  1.290686e-005
 7.030000e+001  1.263244e-005
 7.054750e+001  1.235261e-005
 7.079500e+001  1.435062e-005
 7.104250e+001  1.390208e-005
 7.129000e+001  1.384800e-005
 7.153750e+001  1.289072e-005
 7.178500e+001  1.347382e-005
 7.203250e+001  1.382126e-005
 7.228000e+001  1.337300e-005
 7.252750e+001  1.360435e-005
 7.277500e+001  1.330947e-005
 7.302250e+001  1.256302e-005
 7.327000e+001  1.407632e-005
 7.351750e+001  1.401596e-005
 7.376500e+001  1.462198e-005
 7.401250e+001  1.368279e-005
 7.426000e+001  1.338641e-005
 7.450750e+001  1.287415e-005
 7.475500e+001  1.300853e-005
 7.500250e+001  1.477569e-005
 7.525000e+001  1.419082e-005
 7.549750e+001  1.385437e-005
 7.574500e+001  1.404339e-005
 7.599250e+001  1.479228e-005
 7.624000e+001  1.224314e-005
 7.648750e+001  1.368457e-005
 7.673500e+001  1.411986e-005
 7.698250e+001  1.343540e-005
 7.723000e+001  1.425486e-005
 7.747750e+001  1.395806e-005
 7.772500e+001  1.494036e-005
 7.797250e+001  1.520624e-005
 7.822000e+001  1.459464e-005
 7.846750e+001  1.460276e-005
 7.871500e+001  1.291098e-005
 7.896250e+001  1.174412e-005
 7.921000e+001  1.341575e-005
 7.945750e+001  1.322743e-005
 7.970500e+001  1.387952e-005
 7.995250e+001  1.206381e-005
 8.020000e+001  1.256922e-005
 8.044750e+001  1.594304e-005
 8.069500e+001  1.460001e-005
 8.094250e+001  1.337347e-005
 8.119000e+001  1.407749e-005
 8.143750e+001  1.925737e-005
 8.168500e+001  3.096698e-005
 8.193250e+001  3.004536e-005
 8.218000e+001  1.622734e-005
 8.242750e+001  1.231476e-005
 8.267500e+001  1.454556e-005
 8.292250e+001  1.464667e-005
 8.317000e+001  1.396502e-005
 8.341750e+001  1.459551e-005
 8.366500e+001  1.473237e-005
 8.391250e+001  1.465598e-005
 8.416000e+001  1.382810e-005
 8.440750e+001  1.327857e-005
 8.465500e+001  1.278283e-005
 8.490250e+001  1.412750e-005
 8.515000e+001  1.380967e-005
 8.539750e+001  1.286359e-005
 8.564500e+001  1.217804e-005
 8.589250e+001  1.292132e-005
 8.614000e+001  1.388716e-005
 8.638750e+001  1.415606e-005
 8.663500e+001  1.373757e-005
 8.688250e+001  1.382516e-005
 8.713000e+001  1.383017e-005
 8.737750e+001  1.200807e-005
 8.762500e+001  1.397538e-005
 8.787250e+001  1.453699e-005
 8.812000e+001  1.380552e-005
 8.836750e+001  1.330596e-005
 8.861500e+001  1.192277e-005
 8.886250e+001  1.252484e-005
 8.911000e+001  1.280023e-005
 8.935750e+001  1.384473e-005
 8.960500e+001  1.238377e-005
 8.985250e+001  1.241768e-005
 9.010000e+001  1.324314e-005
 9.034750e+001  1.260407e-005
 9.059500e+001  1.219415e-005
 9.084250e+001  1.297275e-005
 9.109000e+001  1.336711e-005
 9.133750e+001  1.250297e-005
 9.158500e+001  1.311569e-005
 9.183250e+001  1.281223e-005
 9.208000e+001  1.209214e-005
 9.232750e+001  1.386272e-005
 9.257500e+001  1.326710e-005
 9.282250e+001  1.219041e-005
 9.307000e+001  1.227920e-005
 9.331750e+001  1.391200e-005
 9.356500e+001  1.285404e-005
 9.381250e+001  1.242547e-005
 9.406000e+001  1.417321e-005
 9.430750e+001  1.541623e-005
 9.455500e+001  1.266260e-005
 9.480250e+001  1.235426e-005
 9.505000e+001  1.295554e-005
 9.529750e+001  1.342402e-005
 9.554500e+001  1.229409e-005
 9.579250e+001  1.229792e-005
 9.604000e+001  1.226719e-005
 9.628750e+001  1.391391e-005
 9.653500e+001  1.288516e-005
 9.678250e+001  1.321461e-005
 9.703000e+001  1.425649e-005
 9.727750e+001  1.307629e-005
 9.752500e+001  1.226803e-005
 9.777250e+001  1.242330e-005
 9.802000e+001  1.358157e-005
 9.826750e+001  1.172857e-005
 9.851500e+001  1.063848e-005
 9.876250e+001  1.115683e-005
 9.901000e+001  1.272256e-005
 9.925750e+001  1.285423e-005
 9.950500e+001  1.354594e-005
 9.975250e+001  2.973746e-005
 1.000000e+002  7.295700e-005
