 1.000000e+001  1.350751e-005
 1.061875e+001  1.352634e-005
 1.123750e+001  1.342851e-005
 1.185625e+001  1.197528e-005
 1.247500e+001  1.107694e-005
 1.309375e+001  1.103483e-005
 1.371250e+001  1.219861e-005
 1.433125e+001  1.265216e-005
 1.495000e+001  1.115245e-005
 1.556875e+001  1.000818e-005
 1.618750e+001  1.108454e-005
 1.680625e+001  1.042027e-005
 1.742500e+001  9.529587e-006
 1.804375e+001  1.015629e-005
 1.866250e+001  1.022678e-005
 1.928125e+001  9.788136e-006
 1.990000e+001  9.086555e-006
 2.051875e+001  8.469626e-006
 2.113750e+001  8.275646e-006
 2.175625e+001  8.589836e-006
 2.237500e+001  8.761271e-006
 2.299375e+001  8.952915e-006
 2.361250e+001  7.952703e-006
 2.423125e+001  8.000438e-006
 2.485000e+001  9.400970e-006
 2.546875e+001  8.186630e-006
 2.608750e+001  7.153603e-006
 2.670625e+001  6.815168e-006
 2.732500e+001  7.293667e-006
 2.794375e+001  7.765233e-006
 2.856250e+001  8.080136e-006
 2.918125e+001  7.968606e-006
 2.980000e+001  8.122889e-006
 3.041875e+001  7.266533e-006
 3.103750e+001  7.208239e-006
 3.165625e+001  7.509331e-006
 3.227500e+001  8.135994e-006
 3.289375e+001  8.352579e-006
 3.351250e+001  7.348032e-006
 3.413125e+001  7.177198e-006
 3.475000e+001  6.660373e-006
 3.536875e+001  6.699866e-006
 3.598750e+001  7.025761e-006
 3.660625e+001  7.254517e-006
 3.722500e+001  7.082448e-006
 3.784375e+001  6.982071e-006
 3.846250e+001  7.188599e-006
 3.908125e+001  7.545689e-006
 3.970000e+001  1.384272e-005
 4.031875e+001  1.352639e-005
 4.093750e+001  7.531982e-006
 4.155625e+001  7.719325e-006
 4.217500e+001  7.262499e-006
 4.279375e+001  7.105873e-006
 4.341250e+001  7.122943e-006
 4.403125e+001  6.673808e-006
 4.465000e+001  6.832356e-006
 4.526875e+001  6.968291e-006
 4.588750e+001  6.669336e-006
 4.650625e+001  8.830843e-006
 4.712500e+001  1.167460e-005
 4.774375e+001  2.112589e-005
 4.836250e+001  5.772844e-005
 4.898125e+001  3.197547e-004
 4.960000e+001  2.430697e-003
 5.021875e+001  2.977547e-003
 5.083750e+001  8.276147e-004
 5.145625e+001  8.588233e-005
 5.207500e+001  2.682402e-005
 5.269375e+001  1.370723e-005
 5.331250e+001  8.589243e-006
 5.393125e+001  6.824772e-006
 5.455000e+001  6.816718e-006
 5.516875e+001  6.588562e-006
 5.578750e+001  6.524846e-006
 5.640625e+001  6.450333e-006
 5.702500e+001  6.285873e-006
 5.764375e+001  6.565173e-006
 5.826250e+001  6.747377e-006
 5.888125e+001  7.696391e-006
 5.950000e+001  4.746943e-005
 6.011875e+001  7.408164e-005
 6.073750e+001  2.948765e-005
 6.135625e+001  6.044897e-006
 6.197500e+001  5.543520e-006
 6.259375e+001  5.784153e-006
 6.321250e+001  5.685734e-006
 6.383125e+001  6.012527e-006
 6.445000e+001  6.544924e-006
 6.506875e+001  6.619145e-006
 6.568750e+001  6.509516e-006
 6.630625e+001  6.255815e-006
 6.692500e+001  5.928585e-006
 6.754375e+001  5.991905e-006
 6.816250e+001  6.182944e-006
 6.878125e+001  5.638924e-006
 6.940000e+001  5.117830e-006
 7.001875e+001  5.606745e-006
 7.063750e+001  5.998565e-006
 7.125625e+001  5.129470e-006
 7.187500e+001  5.114501e-006
 7.249375e+001  5.761837e-006
 7.311250e+001  6.016124e-006
 7.373125e+001  6.056883e-006
 7.435000e+001  5.722381e-006
 7.496875e+001  5.568255e-006
 7.558750e+001  5.847428e-006
 7.620625e+001  5.719499e-006
 7.682500e+001  5.414038e-006
 7.744375e+001  5.752463e-006
 7.806250e+001  6.165251e-006
 7.868125e+001  5.768296e-006
 7.930000e+001  1.449728e-005
 7.991875e+001  2.964683e-005
 8.053750e+001  1.985013e-005
 8.115625e+001  6.430021e-006
 8.177500e+001  5.724084e-006
 8.239375e+001  5.802699e-006
 8.301250e+001  5.879722e-006
 8.363125e+001  6.113187e-006
 8.425000e+001  5.408499e-006
 8.486875e+001  5.407547e-006
 8.548750e+001  5.576965e-006
 8.610625e+001  5.234601e-006
 8.672500e+001  5.218736e-006
 8.734375e+001  5.421279e-006
 8.796250e+001  5.286917e-006
 8.858125e+001  5.613468e-006
 8.920000e+001  6.291395e-006
 8.981875e+001  6.104023e-006
 9.043750e+001  5.780258e-006
 9.105625e+001  5.799280e-006
 9.167500e+001  6.093295e-006
 9.229375e+001  5.579124e-006
 9.291250e+001  5.103010e-006
 9.353125e+001  5.810794e-006
 9.415000e+001  5.457887e-006
 9.476875e+001  6.126166e-006
 9.538750e+001  5.818035e-006
 9.600625e+001  5.559472e-006
 9.662500e+001  6.198656e-006
 9.724375e+001  5.968585e-006
 9.786250e+001  5.576873e-006
 9.848125e+001  5.467823e-006
 9.910000e+001  1.708801e-005
 9.971875e+001  7.550186e-005
 1.003375e+002  7.218274e-005
 1.009563e+002  1.364726e-005
 1.015750e+002  5.645825e-006
 1.021938e+002  5.126055e-006
 1.028125e+002  5.772130e-006
 1.034313e+002  5.993702e-006
 1.040500e+002  5.516864e-006
 1.046688e+002  5.309206e-006
 1.052875e+002  5.386586e-006
 1.059063e+002  5.844917e-006
 1.065250e+002  5.931123e-006
 1.071438e+002  6.075956e-006
 1.077625e+002  5.572564e-006
 1.083813e+002  5.858516e-006
 1.090000e+002  6.057026e-006
 1.096188e+002  6.096195e-006
 1.102375e+002  6.106718e-006
 1.108563e+002  5.783119e-006
 1.114750e+002  5.435011e-006
 1.120938e+002  5.340039e-006
 1.127125e+002  5.674444e-006
 1.133313e+002  5.460549e-006
 1.139500e+002  5.670767e-006
 1.145688e+002  5.328604e-006
 1.151875e+002  5.159177e-006
 1.158063e+002  5.445002e-006
 1.164250e+002  5.717008e-006
 1.170438e+002  5.968263e-006
 1.176625e+002  5.474113e-006
 1.182813e+002  5.386191e-006
 1.189000e+002  5.231165e-006
 1.195188e+002  1.567901e-005
 1.201375e+002  2.519104e-005
 1.207563e+002  1.145444e-005
 1.213750e+002  5.367798e-006
 1.219938e+002  5.279525e-006
 1.226125e+002  5.927838e-006
 1.232313e+002  5.734675e-006
 1.238500e+002  5.391888e-006
 1.244688e+002  5.378767e-006
 1.250875e+002  5.281627e-006
 1.257063e+002  5.163308e-006
 1.263250e+002  5.830717e-006
 1.269438e+002  5.969026e-006
 1.275625e+002  5.469074e-006
 1.281813e+002  5.158860e-006
 1.288000e+002  5.408849e-006
 1.294188e+002  5.823183e-006
 1.300375e+002  5.168224e-006
 1.306563e+002  5.317808e-006
 1.312750e+002  5.530340e-006
 1.318938e+002  5.171926e-006
 1.325125e+002  5.287151e-006
 1.331313e+002  6.190181e-006
 1.337500e+002  6.061944e-006
 1.343688e+002  5.350631e-006
 1.349875e+002  4.969290e-006
 1.356063e+002  5.545941e-006
 1.362250e+002  6.433025e-006
 1.368438e+002  6.107716e-006
 1.374625e+002  5.550512e-006
 1.380813e+002  5.174033e-006
 1.387000e+002  5.315538e-006
 1.393188e+002  5.648107e-006
 1.399375e+002  6.719584e-006
 1.405563e+002  5.271621e-006
 1.411750e+002  5.384594e-006
 1.417938e+002  5.399283e-006
 1.424125e+002  5.866495e-006
 1.430313e+002  6.944131e-006
 1.436500e+002  6.494312e-006
 1.442688e+002  5.885194e-006
 1.448875e+002  5.887538e-006
 1.455063e+002  6.297243e-006
 1.461250e+002  8.454627e-006
 1.467438e+002  1.149210e-005
 1.473625e+002  1.968110e-005
 1.479813e+002  4.430087e-005
 1.486000e+002  1.447202e-004
 1.492188e+002  1.720411e-003
 1.498375e+002  5.414952e-003
 1.504563e+002  4.033628e-003
 1.510750e+002  4.262691e-004
 1.516938e+002  8.176951e-005
 1.523125e+002  2.986053e-005
 1.529313e+002  1.497271e-005
 1.535500e+002  1.039615e-005
 1.541688e+002  7.026105e-006
 1.547875e+002  5.644372e-006
 1.554063e+002  5.880113e-006
 1.560250e+002  5.646060e-006
 1.566438e+002  7.211006e-006
 1.572625e+002  5.698122e-006
 1.578813e+002  5.219158e-006
 1.585000e+002  5.216579e-006
 1.591188e+002  4.892697e-006
 1.597375e+002  6.106596e-006
 1.603563e+002  6.504680e-006
 1.609750e+002  5.383266e-006
 1.615938e+002  5.516291e-006
 1.622125e+002  5.973932e-006
 1.628313e+002  5.763001e-006
 1.634500e+002  6.565867e-006
 1.640688e+002  6.188888e-006
 1.646875e+002  5.506776e-006
 1.653063e+002  5.164436e-006
 1.659250e+002  5.081362e-006
 1.665438e+002  6.205860e-006
 1.671625e+002  6.127734e-006
 1.677813e+002  5.328190e-006
 1.684000e+002  5.053537e-006
 1.690188e+002  4.700504e-006
 1.696375e+002  5.080767e-006
 1.702563e+002  5.807630e-006
 1.708750e+002  5.595899e-006
 1.714938e+002  4.921536e-006
 1.721125e+002  5.128169e-006
 1.727313e+002  5.337273e-006
 1.733500e+002  5.404660e-006
 1.739688e+002  5.716215e-006
 1.745875e+002  5.488016e-006
 1.752063e+002  4.821665e-006
 1.758250e+002  5.157268e-006
 1.764438e+002  5.171858e-006
 1.770625e+002  5.413585e-006
 1.776813e+002  5.632817e-006
 1.783000e+002  5.389750e-006
 1.789188e+002  5.150387e-006
 1.795375e+002  5.754489e-006
 1.801563e+002  7.512289e-006
 1.807750e+002  5.933343e-006
 1.813938e+002  5.458504e-006
 1.820125e+002  5.139138e-006
 1.826313e+002  4.626148e-006
 1.832500e+002  5.140001e-006
 1.838688e+002  5.359705e-006
 1.844875e+002  5.299432e-006
 1.851063e+002  5.156955e-006
 1.857250e+002  5.174074e-006
 1.863438e+002  5.038847e-006
 1.869625e+002  5.209387e-006
 1.875813e+002  5.148388e-006
 1.882000e+002  4.467987e-006
 1.888188e+002  5.227449e-006
 1.894375e+002  5.061661e-006
 1.900563e+002  5.039939e-006
 1.906750e+002  5.362450e-006
 1.912938e+002  5.253978e-006
 1.919125e+002  5.250197e-006
 1.925313e+002  5.229123e-006
 1.931500e+002  5.087819e-006
 1.937688e+002  5.049278e-006
 1.943875e+002  5.535624e-006
 1.950063e+002  5.797887e-006
 1.956250e+002  5.504369e-006
 1.962438e+002  5.482033e-006
 1.968625e+002  5.203631e-006
 1.974813e+002  5.141751e-006
 1.981000e+002  5.432760e-006
 1.987188e+002  6.295975e-006
 1.993375e+002  9.708287e-005
 1.999563e+002  2.223810e-004
 2.005750e+002  1.281105e-004
 2.011938e+002  7.022949e-006
 2.018125e+002  5.429227e-006
 2.024313e+002  5.154842e-006
 2.030500e+002  5.429875e-006
 2.036688e+002  5.682753e-006
 2.042875e+002  4.997526e-006
 2.049063e+002  4.203711e-006
 2.055250e+002  4.463526e-006
 2.061438e+002  5.501188e-006
 2.067625e+002  5.656069e-006
 2.073813e+002  5.421431e-006
 2.080000e+002  5.430374e-006
 2.086188e+002  5.381011e-006
 2.092375e+002  5.170581e-006
 2.098563e+002  5.136262e-006
 2.104750e+002  5.378622e-006
 2.110938e+002  5.178512e-006
 2.117125e+002  4.243812e-006
 2.123313e+002  4.509944e-006
 2.129500e+002  5.175778e-006
 2.135688e+002  5.657311e-006
 2.141875e+002  5.486199e-006
 2.148063e+002  5.457278e-006
 2.154250e+002  4.898547e-006
 2.160438e+002  4.768912e-006
 2.166625e+002  4.732003e-006
 2.172813e+002  4.820976e-006
 2.179000e+002  5.184123e-006
 2.185188e+002  5.514351e-006
 2.191375e+002  5.089186e-006
 2.197563e+002  5.021130e-006
 2.203750e+002  5.158171e-006
 2.209938e+002  5.643484e-006
 2.216125e+002  5.558338e-006
 2.222313e+002  5.224064e-006
 2.228500e+002  5.628475e-006
 2.234688e+002  5.702982e-006
 2.240875e+002  5.312469e-006
 2.247063e+002  4.983667e-006
 2.253250e+002  5.227034e-006
 2.259438e+002  5.584794e-006
 2.265625e+002  5.926933e-006
 2.271813e+002  5.598276e-006
 2.278000e+002  5.293277e-006
 2.284188e+002  5.443789e-006
 2.290375e+002  5.582446e-006
 2.296563e+002  6.178594e-006
 2.302750e+002  5.606073e-006
 2.308938e+002  5.215371e-006
 2.315125e+002  4.984559e-006
 2.321313e+002  5.024562e-006
 2.327500e+002  6.167958e-006
 2.333688e+002  6.044725e-006
 2.339875e+002  5.408765e-006
 2.346063e+002  5.029500e-006
 2.352250e+002  5.011326e-006
 2.358438e+002  6.489594e-006
 2.364625e+002  8.003459e-006
 2.370813e+002  6.466671e-006
 2.377000e+002  4.975717e-006
 2.383188e+002  5.074216e-006
 2.389375e+002  5.651594e-006
 2.395563e+002  1.076752e-005
 2.401750e+002  1.321083e-005
 2.407938e+002  7.038538e-006
 2.414125e+002  5.627241e-006
 2.420313e+002  5.874063e-006
 2.426500e+002  6.595722e-006
 2.432688e+002  8.649024e-006
 2.438875e+002  6.038765e-006
 2.445063e+002  5.176548e-006
 2.451250e+002  5.249305e-006
 2.457438e+002  5.334374e-006
 2.463625e+002  7.976253e-006
 2.469813e+002  7.815050e-006
 2.476000e+002  7.524614e-006
 2.482188e+002  1.568463e-005
 2.488375e+002  6.906810e-005
 2.494563e+002  1.579721e-003
 2.500750e+002  2.742829e-003
 2.506938e+002  1.203507e-003
 2.513125e+002  3.826371e-005
 2.519313e+002  1.179952e-005
 2.525500e+002  7.486496e-006
 2.531688e+002  9.382962e-006
 2.537875e+002  7.909628e-006
 2.544063e+002  5.683670e-006
 2.550250e+002  5.600914e-006
 2.556438e+002  4.756795e-006
 2.562625e+002  6.694181e-006
 2.568813e+002  8.987355e-006
 2.575000e+002  5.998122e-006
 2.581188e+002  5.325704e-006
 2.587375e+002  4.748082e-006
 2.593563e+002  4.907001e-006
 2.599750e+002  7.559365e-006
 2.605938e+002  6.923192e-006
 2.612125e+002  5.466530e-006
 2.618313e+002  5.425873e-006
 2.624500e+002  5.402460e-006
 2.630688e+002  5.887835e-006
 2.636875e+002  6.890867e-006
 2.643063e+002  5.451539e-006
 2.649250e+002  5.345023e-006
 2.655438e+002  5.058752e-006
 2.661625e+002  5.455813e-006
 2.667813e+002  6.756149e-006
 2.674000e+002  5.831548e-006
 2.680188e+002  5.056090e-006
 2.686375e+002  4.836155e-006
 2.692563e+002  5.353535e-006
 2.698750e+002  5.757505e-006
 2.704938e+002  5.402706e-006
 2.711125e+002  5.047055e-006
 2.717313e+002  5.191850e-006
 2.723500e+002  5.248098e-006
 2.729688e+002  5.324266e-006
 2.735875e+002  6.023872e-006
 2.742063e+002  5.732605e-006
 2.748250e+002  5.576453e-006
 2.754438e+002  5.116220e-006
 2.760625e+002  4.608658e-006
 2.766813e+002  5.092244e-006
 2.773000e+002  5.185017e-006
 2.779188e+002  4.930738e-006
 2.785375e+002  4.881504e-006
 2.791563e+002  4.953966e-006
 2.797750e+002  4.537225e-006
 2.803938e+002  4.739626e-006
 2.810125e+002  4.926958e-006
 2.816313e+002  5.087905e-006
 2.822500e+002  4.554406e-006
 2.828688e+002  5.121883e-006
 2.834875e+002  5.465948e-006
 2.841063e+002  4.682307e-006
 2.847250e+002  4.541642e-006
 2.853438e+002  4.454798e-006
 2.859625e+002  4.533821e-006
 2.865813e+002  4.938553e-006
 2.872000e+002  5.393593e-006
 2.878188e+002  4.903791e-006
 2.884375e+002  4.748243e-006
 2.890563e+002  5.026647e-006
 2.896750e+002  5.085291e-006
 2.902938e+002  5.023213e-006
 2.909125e+002  4.501349e-006
 2.915313e+002  4.866521e-006
 2.921500e+002  4.613449e-006
 2.927688e+002  4.585713e-006
 2.933875e+002  5.042263e-006
 2.940063e+002  5.279395e-006
 2.946250e+002  4.492956e-006
 2.952438e+002  4.679872e-006
 2.958625e+002  4.941592e-006
 2.964813e+002  5.058389e-006
 2.971000e+002  4.849293e-006
 2.977188e+002  4.643112e-006
 2.983375e+002  5.822370e-006
 2.989563e+002  1.610627e-005
 2.995750e+002  1.354690e-004
 3.001938e+002  1.817092e-004
 3.008125e+002  5.921679e-005
 3.014313e+002  6.397945e-006
 3.020500e+002  4.761028e-006
 3.026688e+002  4.753120e-006
 3.032875e+002  5.158426e-006
 3.039063e+002  4.635388e-006
 3.045250e+002  4.578293e-006
 3.051438e+002  4.839726e-006
 3.057625e+002  4.819007e-006
 3.063813e+002  4.824164e-006
 3.070000e+002  5.298074e-006
 3.076188e+002  5.639241e-006
 3.082375e+002  5.746510e-006
 3.088563e+002  5.089069e-006
 3.094750e+002  5.218667e-006
 3.100938e+002  5.331852e-006
 3.107125e+002  5.301596e-006
 3.113313e+002  5.225155e-006
 3.119500e+002  5.214538e-006
 3.125688e+002  5.059930e-006
 3.131875e+002  4.904520e-006
 3.138063e+002  4.635917e-006
 3.144250e+002  4.764213e-006
 3.150437e+002  4.830067e-006
 3.156625e+002  4.900891e-006
 3.162812e+002  5.019024e-006
 3.169000e+002  4.868270e-006
 3.175187e+002  4.943954e-006
 3.181375e+002  4.525107e-006
 3.187562e+002  5.102128e-006
 3.193750e+002  5.316996e-006
 3.199937e+002  4.980253e-006
 3.206125e+002  5.089224e-006
 3.212312e+002  4.850108e-006
 3.218500e+002  4.853257e-006
 3.224687e+002  5.173743e-006
 3.230875e+002  5.292533e-006
 3.237062e+002  5.086065e-006
 3.243250e+002  4.843473e-006
 3.249437e+002  5.125225e-006
 3.255625e+002  5.291778e-006
 3.261812e+002  5.689692e-006
 3.268000e+002  4.980609e-006
 3.274187e+002  4.713091e-006
 3.280375e+002  4.915082e-006
 3.286562e+002  4.607344e-006
 3.292750e+002  5.652505e-006
 3.298937e+002  6.366688e-006
 3.305125e+002  5.174191e-006
 3.311312e+002  4.777166e-006
 3.317500e+002  5.313208e-006
 3.323687e+002  5.185448e-006
 3.329875e+002  6.895719e-006
 3.336062e+002  6.588434e-006
 3.342250e+002  5.128602e-006
 3.348437e+002  4.717152e-006
 3.354625e+002  4.953265e-006
 3.360812e+002  6.781410e-006
 3.367000e+002  6.945058e-006
 3.373187e+002  5.782413e-006
 3.379375e+002  5.227444e-006
 3.385562e+002  5.172724e-006
 3.391750e+002  5.868831e-006
 3.397937e+002  8.538835e-006
 3.404125e+002  6.866093e-006
 3.410312e+002  5.107642e-006
 3.416500e+002  5.116818e-006
 3.422687e+002  5.398377e-006
 3.428875e+002  7.551580e-006
 3.435062e+002  8.176882e-006
 3.441250e+002  5.251489e-006
 3.447437e+002  4.091685e-006
 3.453625e+002  4.637935e-006
 3.459812e+002  6.250564e-006
 3.466000e+002  9.028334e-006
 3.472187e+002  5.866550e-006
 3.478375e+002  6.979962e-006
 3.484562e+002  1.277812e-005
 3.490750e+002  8.903858e-005
 3.496937e+002  4.537295e-004
 3.503125e+002  4.763441e-004
 3.509312e+002  1.095571e-004
 3.515500e+002  1.431468e-005
 3.521687e+002  6.794254e-006
 3.527875e+002  6.361341e-006
 3.534062e+002  9.130459e-006
 3.540250e+002  6.012969e-006
 3.546437e+002  4.905445e-006
 3.552625e+002  5.049114e-006
 3.558812e+002  5.442982e-006
 3.565000e+002  8.454498e-006
 3.571187e+002  7.964030e-006
 3.577375e+002  5.244532e-006
 3.583562e+002  5.749177e-006
 3.589750e+002  5.060531e-006
 3.595937e+002  1.239063e-005
 3.602125e+002  1.966138e-005
 3.608312e+002  9.277657e-006
 3.614500e+002  4.917341e-006
 3.620687e+002  4.730725e-006
 3.626875e+002  5.516813e-006
 3.633062e+002  7.715187e-006
 3.639250e+002  7.194500e-006
 3.645437e+002  5.129171e-006
 3.651625e+002  5.235412e-006
 3.657812e+002  5.523698e-006
 3.664000e+002  5.881927e-006
 3.670187e+002  7.190835e-006
 3.676375e+002  5.848781e-006
 3.682562e+002  5.199333e-006
 3.688750e+002  5.387870e-006
 3.694937e+002  5.640741e-006
 3.701125e+002  6.195930e-006
 3.707312e+002  6.409771e-006
 3.713500e+002  5.510227e-006
 3.719687e+002  4.984869e-006
 3.725875e+002  4.888268e-006
 3.732062e+002  4.955230e-006
 3.738250e+002  5.326902e-006
 3.744437e+002  5.428246e-006
 3.750625e+002  5.473410e-006
 3.756812e+002  4.918175e-006
 3.763000e+002  5.151070e-006
 3.769187e+002  5.674433e-006
 3.775375e+002  5.463297e-006
 3.781562e+002  4.887392e-006
 3.787750e+002  4.921820e-006
 3.793937e+002  5.089623e-006
 3.800125e+002  4.752942e-006
 3.806312e+002  5.145664e-006
 3.812500e+002  5.327583e-006
 3.818687e+002  5.074365e-006
 3.824875e+002  5.168344e-006
 3.831062e+002  5.816109e-006
 3.837250e+002  5.408563e-006
 3.843437e+002  5.020690e-006
 3.849625e+002  4.905227e-006
 3.855812e+002  4.847927e-006
 3.862000e+002  4.958634e-006
 3.868187e+002  5.276653e-006
 3.874375e+002  5.665450e-006
 3.880562e+002  5.183617e-006
 3.886750e+002  5.083150e-006
 3.892937e+002  5.330778e-006
 3.899125e+002  5.656760e-006
 3.905312e+002  4.697449e-006
 3.911500e+002  4.758937e-006
 3.917687e+002  5.262659e-006
 3.923875e+002  4.949854e-006
 3.930062e+002  4.941796e-006
 3.936250e+002  4.834048e-006
 3.942437e+002  4.535134e-006
 3.948625e+002  4.621459e-006
 3.954812e+002  4.586401e-006
 3.961000e+002  4.965170e-006
 3.967187e+002  5.667684e-006
 3.973375e+002  5.120773e-006
 3.979562e+002  4.997419e-006
 3.985750e+002  8.110079e-006
 3.991937e+002  6.007636e-005
 3.998125e+002  2.060455e-004
 4.004312e+002  1.698486e-004
 4.010500e+002  2.606605e-005
 4.016687e+002  6.436044e-006
 4.022875e+002  5.287349e-006
 4.029062e+002  4.611422e-006
 4.035250e+002  4.744701e-006
 4.041437e+002  5.138202e-006
 4.047625e+002  5.060034e-006
 4.053812e+002  4.882520e-006
 4.060000e+002  4.998692e-006
 4.066187e+002  4.760646e-006
 4.072375e+002  4.668753e-006
 4.078562e+002  5.291004e-006
 4.084750e+002  5.515120e-006
 4.090937e+002  4.809004e-006
 4.097125e+002  4.681377e-006
 4.103312e+002  5.087280e-006
 4.109500e+002  4.786602e-006
 4.115687e+002  4.534240e-006
 4.121875e+002  4.793613e-006
 4.128062e+002  4.841896e-006
 4.134250e+002  4.824867e-006
 4.140437e+002  5.167158e-006
 4.146625e+002  5.128877e-006
 4.152812e+002  4.994168e-006
 4.159000e+002  4.979019e-006
 4.165187e+002  4.739209e-006
 4.171375e+002  4.513400e-006
 4.177562e+002  5.070966e-006
 4.183750e+002  5.144889e-006
 4.189937e+002  4.839452e-006
 4.196125e+002  1.343928e-005
 4.202312e+002  2.211301e-005
 4.208500e+002  1.020384e-005
 4.214687e+002  5.237813e-006
 4.220875e+002  5.261726e-006
 4.227062e+002  4.915686e-006
 4.233250e+002  4.644208e-006
 4.239437e+002  5.115290e-006
 4.245625e+002  5.177107e-006
 4.251812e+002  4.984904e-006
 4.258000e+002  5.147236e-006
 4.264187e+002  5.590271e-006
 4.270375e+002  5.534653e-006
 4.276562e+002  5.394820e-006
 4.282750e+002  5.244293e-006
 4.288937e+002  4.984426e-006
 4.295125e+002  5.701788e-006
 4.301312e+002  5.649150e-006
 4.307500e+002  5.006926e-006
 4.313687e+002  4.949833e-006
 4.319875e+002  4.980094e-006
 4.326062e+002  5.968069e-006
 4.332250e+002  6.979743e-006
 4.338437e+002  5.307720e-006
 4.344625e+002  5.224117e-006
 4.350812e+002  4.893267e-006
 4.357000e+002  4.586703e-006
 4.363187e+002  6.688688e-006
 4.369375e+002  6.214101e-006
 4.375562e+002  4.803479e-006
 4.381750e+002  5.102020e-006
 4.387937e+002  5.140074e-006
 4.394125e+002  6.290240e-006
 4.400312e+002  7.033492e-006
 4.406500e+002  4.877425e-006
 4.412687e+002  5.109321e-006
 4.418875e+002  5.278797e-006
 4.425062e+002  5.440057e-006
 4.431250e+002  7.722661e-006
 4.437437e+002  6.472137e-006
 4.443625e+002  4.791075e-006
 4.449812e+002  5.346044e-006
 4.456000e+002  5.396522e-006
 4.462187e+002  7.612141e-006
 4.468375e+002  9.015992e-006
 4.474562e+002  5.715084e-006
 4.480750e+002  5.820211e-006
 4.486937e+002  1.036327e-005
 4.493125e+002  1.877116e-004
 4.499312e+002  4.699276e-004
 4.505500e+002  3.044926e-004
 4.511687e+002  2.652331e-005
 4.517875e+002  6.977251e-006
 4.524062e+002  5.595779e-006
 4.530250e+002  7.084076e-006
 4.536437e+002  7.815312e-006
 4.542625e+002  5.231256e-006
 4.548812e+002  5.291341e-006
 4.555000e+002  4.763636e-006
 4.561187e+002  5.170112e-006
 4.567375e+002  7.810996e-006
 4.573562e+002  5.624742e-006
 4.579750e+002  4.881321e-006
 4.585937e+002  5.085254e-006
 4.592125e+002  4.719643e-006
 4.598312e+002  6.860165e-006
 4.604500e+002  7.844115e-006
 4.610687e+002  5.418003e-006
 4.616875e+002  4.468670e-006
 4.623062e+002  5.631344e-006
 4.629250e+002  6.018721e-006
 4.635437e+002  7.293022e-006
 4.641625e+002  5.881700e-006
 4.647812e+002  4.542341e-006
 4.654000e+002  4.544423e-006
 4.660187e+002  5.500992e-006
 4.666375e+002  6.652017e-006
 4.672562e+002  6.084637e-006
 4.678750e+002  4.193586e-006
 4.684937e+002  4.509714e-006
 4.691125e+002  4.708544e-006
 4.697312e+002  5.655902e-006
 4.703500e+002  6.385171e-006
 4.709687e+002  5.244888e-006
 4.715875e+002  4.592002e-006
 4.722062e+002  4.732226e-006
 4.728250e+002  5.237296e-006
 4.734437e+002  5.873615e-006
 4.740625e+002  5.734208e-006
 4.746812e+002  5.021466e-006
 4.753000e+002  4.684647e-006
 4.759187e+002  5.126415e-006
 4.765375e+002  4.682169e-006
 4.771562e+002  4.128726e-006
 4.777750e+002  4.333265e-006
 4.783937e+002  4.398714e-006
 4.790125e+002  4.791442e-006
 4.796312e+002  1.348206e-005
 4.802500e+002  2.348484e-005
 4.808687e+002  1.166656e-005
 4.814875e+002  4.722748e-006
 4.821062e+002  4.674588e-006
 4.827250e+002  4.798962e-006
 4.833437e+002  4.856102e-006
 4.839625e+002  4.861320e-006
 4.845812e+002  4.384338e-006
 4.852000e+002  4.573440e-006
 4.858187e+002  4.827294e-006
 4.864375e+002  4.971472e-006
 4.870562e+002  4.797025e-006
 4.876750e+002  4.476092e-006
 4.882937e+002  4.977879e-006
 4.889125e+002  5.605132e-006
 4.895312e+002  5.409425e-006
 4.901500e+002  4.903161e-006
 4.907687e+002  4.659055e-006
 4.913875e+002  4.650099e-006
 4.920062e+002  4.386350e-006
 4.926250e+002  4.333872e-006
 4.932437e+002  5.008694e-006
 4.938625e+002  5.187095e-006
 4.944812e+002  4.840618e-006
 4.951000e+002  4.709418e-006
 4.957187e+002  4.851567e-006
 4.963375e+002  5.411111e-006
 4.969562e+002  5.774053e-006
 4.975750e+002  5.292788e-006
 4.981937e+002  4.766704e-006
 4.988125e+002  6.367849e-006
 4.994312e+002  8.458923e-005
 5.000500e+002  1.578724e-004
 5.006687e+002  7.908103e-005
 5.012875e+002  5.735565e-006
 5.019062e+002  5.297883e-006
 5.025250e+002  4.942052e-006
 5.031437e+002  5.285951e-006
 5.037625e+002  5.406089e-006
 5.043812e+002  5.029041e-006
 5.050000e+002  5.220398e-006
 5.056187e+002  5.265232e-006
 5.062375e+002  5.121631e-006
 5.068562e+002  4.885446e-006
 5.074750e+002  4.776149e-006
 5.080937e+002  4.856820e-006
 5.087125e+002  4.616849e-006
 5.093312e+002  4.683227e-006
 5.099500e+002  4.721477e-006
 5.105687e+002  4.266333e-006
 5.111875e+002  4.881511e-006
 5.118062e+002  5.266047e-006
 5.124250e+002  5.298578e-006
 5.130437e+002  4.792419e-006
 5.136625e+002  4.854646e-006
 5.142812e+002  4.848305e-006
 5.149000e+002  4.657112e-006
 5.155187e+002  4.904595e-006
 5.161375e+002  5.130253e-006
 5.167562e+002  4.643159e-006
 5.173750e+002  4.624710e-006
 5.179937e+002  4.723624e-006
 5.186125e+002  4.984869e-006
 5.192312e+002  4.994955e-006
 5.198500e+002  5.078245e-006
 5.204687e+002  4.895510e-006
 5.210875e+002  5.069231e-006
 5.217062e+002  5.247659e-006
 5.223250e+002  5.378039e-006
 5.229437e+002  5.081721e-006
 5.235625e+002  4.945169e-006
 5.241812e+002  5.312902e-006
 5.248000e+002  5.588575e-006
 5.254187e+002  5.277026e-006
 5.260375e+002  5.376363e-006
 5.266562e+002  5.743987e-006
 5.272750e+002  4.872239e-006
 5.278937e+002  4.241746e-006
 5.285125e+002  4.415274e-006
 5.291312e+002  5.081854e-006
 5.297500e+002  5.908491e-006
 5.303687e+002  5.478042e-006
 5.309875e+002  4.738278e-006
 5.316062e+002  4.841026e-006
 5.322250e+002  5.195242e-006
 5.328437e+002  6.377953e-006
 5.334625e+002  6.361130e-006
 5.340812e+002  5.467801e-006
 5.347000e+002  5.027092e-006
 5.353187e+002  4.950223e-006
 5.359375e+002  6.309544e-006
 5.365562e+002  7.811421e-006
 5.371750e+002  5.984009e-006
 5.377937e+002  5.014137e-006
 5.384125e+002  4.406224e-006
 5.390312e+002  4.864463e-006
 5.396500e+002  1.496057e-005
 5.402687e+002  2.428407e-005
 5.408875e+002  1.130390e-005
 5.415062e+002  4.784822e-006
 5.421250e+002  4.850831e-006
 5.427437e+002  7.147868e-006
 5.433625e+002  8.868114e-006
 5.439812e+002  6.011625e-006
 5.446000e+002  5.441141e-006
 5.452187e+002  4.836535e-006
 5.458375e+002  5.208318e-006
 5.464562e+002  8.353918e-006
 5.470750e+002  8.140955e-006
 5.476937e+002  5.240023e-006
 5.483125e+002  6.743204e-006
 5.489312e+002  2.831189e-005
 5.495500e+002  2.430512e-004
 5.501687e+002  3.517827e-004
 5.507875e+002  1.339716e-004
 5.514062e+002  9.134569e-006
 5.520250e+002  5.749652e-006
 5.526437e+002  6.242056e-006
 5.532625e+002  9.233720e-006
 5.538812e+002  7.439628e-006
 5.545000e+002  5.132605e-006
 5.551187e+002  5.549193e-006
 5.557375e+002  5.248378e-006
 5.563562e+002  7.112105e-006
 5.569750e+002  8.307493e-006
 5.575937e+002  5.447938e-006
 5.582125e+002  4.911350e-006
 5.588312e+002  4.787133e-006
 5.594500e+002  6.563103e-006
 5.600687e+002  8.980392e-006
 5.606875e+002  7.324959e-006
 5.613062e+002  5.923718e-006
 5.619250e+002  5.805826e-006
 5.625437e+002  5.098719e-006
 5.631625e+002  7.082845e-006
 5.637812e+002  7.617707e-006
 5.644000e+002  5.120988e-006
 5.650187e+002  4.413708e-006
 5.656375e+002  4.927408e-006
 5.662562e+002  5.777305e-006
 5.668750e+002  7.003601e-006
 5.674937e+002  5.934917e-006
 5.681125e+002  5.086032e-006
 5.687312e+002  4.976413e-006
 5.693500e+002  5.167537e-006
 5.699687e+002  6.105696e-006
 5.705875e+002  6.410748e-006
 5.712062e+002  5.081550e-006
 5.718250e+002  4.631977e-006
 5.724437e+002  5.160903e-006
 5.730625e+002  5.291477e-006
 5.736812e+002  5.500565e-006
 5.743000e+002  5.081386e-006
 5.749187e+002  5.583353e-006
 5.755375e+002  5.521324e-006
 5.761562e+002  4.758313e-006
 5.767750e+002  4.878740e-006
 5.773937e+002  5.487253e-006
 5.780125e+002  5.069650e-006
 5.786312e+002  4.740199e-006
 5.792500e+002  4.984707e-006
 5.798687e+002  4.768824e-006
 5.804875e+002  4.718257e-006
 5.811062e+002  5.409131e-006
 5.817250e+002  4.770616e-006
 5.823437e+002  4.414778e-006
 5.829625e+002  4.935462e-006
 5.835812e+002  5.388352e-006
 5.842000e+002  4.658167e-006
 5.848187e+002  4.724456e-006
 5.854375e+002  4.887017e-006
 5.860562e+002  4.913268e-006
 5.866750e+002  4.824936e-006
 5.872937e+002  4.583875e-006
 5.879125e+002  4.999390e-006
 5.885312e+002  4.790754e-006
 5.891500e+002  4.639025e-006
 5.897687e+002  4.882532e-006
 5.903875e+002  4.893302e-006
 5.910062e+002  5.107797e-006
 5.916250e+002  5.563662e-006
 5.922437e+002  5.017545e-006
 5.928625e+002  4.344987e-006
 5.934812e+002  4.566689e-006
 5.941000e+002  4.337048e-006
 5.947187e+002  5.263262e-006
 5.953375e+002  4.807503e-006
 5.959562e+002  5.267011e-006
 5.965750e+002  6.151485e-006
 5.971937e+002  5.253123e-006
 5.978125e+002  5.031646e-006
 5.984312e+002  5.779118e-006
 5.990500e+002  2.441069e-005
 5.996687e+002  1.296764e-004
 6.002875e+002  1.501571e-004
 6.009062e+002  4.457678e-005
 6.015250e+002  5.955522e-006
 6.021437e+002  4.763099e-006
 6.027625e+002  5.044972e-006
 6.033812e+002  5.642131e-006
 6.040000e+002  5.384441e-006
 6.046187e+002  4.940082e-006
 6.052375e+002  4.654222e-006
 6.058562e+002  4.580267e-006
 6.064750e+002  4.855785e-006
 6.070937e+002  5.219628e-006
 6.077125e+002  4.626473e-006
 6.083312e+002  4.439275e-006
 6.089500e+002  4.537736e-006
 6.095687e+002  4.547469e-006
 6.101875e+002  4.328979e-006
 6.108062e+002  4.624007e-006
 6.114250e+002  4.660089e-006
 6.120437e+002  4.108860e-006
 6.126625e+002  4.654038e-006
 6.132812e+002  4.931585e-006
 6.139000e+002  4.466768e-006
 6.145187e+002  4.859449e-006
 6.151375e+002  5.287147e-006
 6.157562e+002  4.957779e-006
 6.163750e+002  4.745131e-006
 6.169937e+002  4.772690e-006
 6.176125e+002  4.553061e-006
 6.182312e+002  4.278440e-006
 6.188500e+002  4.877709e-006
 6.194687e+002  5.585212e-006
 6.200875e+002  5.092271e-006
 6.207062e+002  5.035529e-006
 6.213250e+002  5.196754e-006
 6.219437e+002  5.136813e-006
 6.225625e+002  5.396739e-006
 6.231812e+002  5.111435e-006
 6.238000e+002  5.267570e-006
 6.244187e+002  5.305567e-006
 6.250375e+002  5.364601e-006
 6.256562e+002  5.219420e-006
 6.262750e+002  5.770829e-006
 6.268937e+002  5.689940e-006
 6.275125e+002  5.455582e-006
 6.281312e+002  4.805710e-006
 6.287500e+002  4.646722e-006
 6.293687e+002  5.609989e-006
 6.299875e+002  5.863917e-006
 6.306062e+002  5.130428e-006
 6.312250e+002  5.069572e-006
 6.318437e+002  4.825369e-006
 6.324625e+002  5.650603e-006
 6.330812e+002  7.039171e-006
 6.337000e+002  6.005511e-006
 6.343187e+002  4.964412e-006
 6.349375e+002  4.916268e-006
 6.355562e+002  4.751853e-006
 6.361750e+002  6.566211e-006
 6.367937e+002  7.168204e-006
 6.374125e+002  5.601036e-006
 6.380312e+002  5.144878e-006
 6.386500e+002  5.443648e-006
 6.392687e+002  6.820968e-006
 6.398875e+002  8.314087e-006
 6.405062e+002  6.317298e-006
 6.411250e+002  4.996719e-006
 6.417437e+002  4.763178e-006
 6.423625e+002  4.812047e-006
 6.429812e+002  7.910933e-006
 6.436000e+002  7.711502e-006
 6.442187e+002  4.868910e-006
 6.448375e+002  4.981066e-006
 6.454562e+002  4.610687e-006
 6.460750e+002  6.386636e-006
 6.466937e+002  9.120241e-006
 6.473125e+002  6.104746e-006
 6.479312e+002  5.076425e-006
 6.485500e+002  6.267941e-006
 6.491687e+002  4.475454e-005
 6.497875e+002  1.598333e-004
 6.504062e+002  1.451808e-004
 6.510250e+002  3.014190e-005
 6.516437e+002  5.478246e-006
 6.522625e+002  4.996490e-006
 6.528812e+002  6.062071e-006
 6.535000e+002  8.334813e-006
 6.541187e+002  5.637886e-006
 6.547375e+002  4.435638e-006
 6.553562e+002  4.306553e-006
 6.559750e+002  4.591888e-006
 6.565937e+002  7.468752e-006
 6.572125e+002  7.196620e-006
 6.578312e+002  4.870048e-006
 6.584500e+002  5.214225e-006
 6.590687e+002  5.000551e-006
 6.596875e+002  1.526912e-005
 6.603062e+002  2.547135e-005
 6.609250e+002  1.205614e-005
 6.615437e+002  4.865109e-006
 6.621625e+002  5.077999e-006
 6.627812e+002  5.462646e-006
 6.634000e+002  7.574930e-006
 6.640187e+002  7.051267e-006
 6.646375e+002  5.010616e-006
 6.652562e+002  4.584101e-006
 6.658750e+002  4.595309e-006
 6.664937e+002  6.388010e-006
 6.671125e+002  6.837442e-006
 6.677312e+002  5.460065e-006
 6.683500e+002  4.846761e-006
 6.689687e+002  4.802866e-006
 6.695875e+002  4.389459e-006
 6.702062e+002  5.682581e-006
 6.708250e+002  6.254805e-006
 6.714437e+002  5.185829e-006
 6.720625e+002  4.977338e-006
 6.726812e+002  5.192146e-006
 6.733000e+002  5.511577e-006
 6.739187e+002  5.767848e-006
 6.745375e+002  5.104587e-006
 6.751562e+002  4.808661e-006
 6.757750e+002  4.756568e-006
 6.763937e+002  4.729296e-006
 6.770125e+002  5.038920e-006
 6.776312e+002  5.077675e-006
 6.782500e+002  4.783626e-006
 6.788687e+002  4.643078e-006
 6.794875e+002  4.950129e-006
 6.801062e+002  5.104923e-006
 6.807250e+002  5.322367e-006
 6.813437e+002  5.503385e-006
 6.819625e+002  5.096245e-006
 6.825812e+002  5.378917e-006
 6.832000e+002  5.569045e-006
 6.838187e+002  4.315685e-006
 6.844375e+002  4.808054e-006
 6.850562e+002  5.144794e-006
 6.856750e+002  4.783138e-006
 6.862937e+002  4.585483e-006
 6.869125e+002  4.786753e-006
 6.875312e+002  4.808175e-006
 6.881500e+002  4.713577e-006
 6.887687e+002  4.335479e-006
 6.893875e+002  4.753750e-006
 6.900062e+002  4.816948e-006
 6.906250e+002  4.649601e-006
 6.912437e+002  4.780821e-006
 6.918625e+002  4.706432e-006
 6.924812e+002  4.606012e-006
 6.931000e+002  4.874694e-006
 6.937187e+002  4.619800e-006
 6.943375e+002  4.819138e-006
 6.949562e+002  4.840681e-006
 6.955750e+002  4.772915e-006
 6.961937e+002  4.567997e-006
 6.968125e+002  4.793833e-006
 6.974312e+002  5.021037e-006
 6.980500e+002  5.250007e-006
 6.986687e+002  5.526609e-006
 6.992875e+002  4.338434e-005
 6.999062e+002  1.131975e-004
 7.005250e+002  8.206972e-005
 7.011437e+002  1.266126e-005
 7.017625e+002  4.655346e-006
 7.023812e+002  5.179605e-006
 7.030000e+002  5.493633e-006
 7.036187e+002  5.405079e-006
 7.042375e+002  4.687346e-006
 7.048562e+002  4.562257e-006
 7.054750e+002  4.584342e-006
 7.060937e+002  4.938425e-006
 7.067125e+002  5.281690e-006
 7.073312e+002  5.069434e-006
 7.079500e+002  5.313480e-006
 7.085687e+002  5.511750e-006
 7.091875e+002  4.462089e-006
 7.098062e+002  4.813118e-006
 7.104250e+002  4.600543e-006
 7.110437e+002  4.684648e-006
 7.116625e+002  4.582784e-006
 7.122812e+002  4.790425e-006
 7.129000e+002  5.035322e-006
 7.135187e+002  4.997433e-006
 7.141375e+002  5.141847e-006
 7.147562e+002  5.314153e-006
 7.153750e+002  4.654717e-006
 7.159937e+002  4.747477e-006
 7.166125e+002  4.893453e-006
 7.172312e+002  4.960533e-006
 7.178500e+002  5.547577e-006
 7.184687e+002  5.444388e-006
 7.190875e+002  5.550468e-006
 7.197062e+002  1.440641e-005
 7.203250e+002  2.487018e-005
 7.209437e+002  1.270169e-005
 7.215625e+002  5.168743e-006
 7.221812e+002  5.086374e-006
 7.228000e+002  4.670308e-006
 7.234187e+002  5.201935e-006
 7.240375e+002  4.906984e-006
 7.246562e+002  5.006976e-006
 7.252750e+002  5.113399e-006
 7.258937e+002  5.438987e-006
 7.265125e+002  5.385333e-006
 7.271312e+002  5.157991e-006
 7.277500e+002  4.845494e-006
 7.283687e+002  4.827800e-006
 7.289875e+002  4.842379e-006
 7.296062e+002  5.634904e-006
 7.302250e+002  5.599753e-006
 7.308437e+002  5.158809e-006
 7.314625e+002  4.573274e-006
 7.320812e+002  4.871274e-006
 7.327000e+002  5.638746e-006
 7.333187e+002  5.656565e-006
 7.339375e+002  5.431608e-006
 7.345562e+002  5.110833e-006
 7.351750e+002  4.570085e-006
 7.357937e+002  5.059573e-006
 7.364125e+002  6.445650e-006
 7.370312e+002  5.966750e-006
 7.376500e+002  5.480928e-006
 7.382687e+002  4.776027e-006
 7.388875e+002  5.287894e-006
 7.395062e+002  6.316930e-006
 7.401250e+002  6.744687e-006
 7.407437e+002  4.924512e-006
 7.413625e+002  4.381210e-006
 7.419812e+002  4.648574e-006
 7.426000e+002  5.306098e-006
 7.432187e+002  7.089925e-006
 7.438375e+002  5.605856e-006
 7.444562e+002  4.492665e-006
 7.450750e+002  4.697195e-006
 7.456937e+002  4.417524e-006
 7.463125e+002  6.431935e-006
 7.469312e+002  6.706435e-006
 7.475500e+002  5.090672e-006
 7.481687e+002  4.594662e-006
 7.487875e+002  7.144302e-006
 7.494062e+002  7.595900e-005
 7.500250e+002  1.513439e-004
 7.506437e+002  8.688103e-005
 7.512625e+002  8.860053e-006
 7.518812e+002  5.020610e-006
 7.525000e+002  5.119314e-006
 7.531187e+002  6.444011e-006
 7.537375e+002  6.641292e-006
 7.543562e+002  4.773999e-006
 7.549750e+002  4.176527e-006
 7.555937e+002  4.551251e-006
 7.562125e+002  5.628915e-006
 7.568312e+002  7.661425e-006
 7.574500e+002  5.886905e-006
 7.580687e+002  4.738647e-006
 7.586875e+002  4.762715e-006
 7.593062e+002  5.024831e-006
 7.599250e+002  6.669201e-006
 7.605437e+002  6.488852e-006
 7.611625e+002  5.229604e-006
 7.617812e+002  4.694320e-006
 7.624000e+002  4.480538e-006
 7.630187e+002  5.236562e-006
 7.636375e+002  6.667067e-006
 7.642562e+002  5.713217e-006
 7.648750e+002  5.407153e-006
 7.654937e+002  5.060073e-006
 7.661125e+002  4.823296e-006
 7.667312e+002  6.085001e-006
 7.673500e+002  6.052542e-006
 7.679687e+002  5.171635e-006
 7.685875e+002  4.877750e-006
 7.692062e+002  4.970124e-006
 7.698250e+002  5.255217e-006
 7.704437e+002  5.653653e-006
 7.710625e+002  5.028402e-006
 7.716812e+002  5.212789e-006
 7.723000e+002  4.861990e-006
 7.729187e+002  4.775529e-006
 7.735375e+002  5.160848e-006
 7.741562e+002  5.228563e-006
 7.747750e+002  4.817836e-006
 7.753937e+002  4.810037e-006
 7.760125e+002  4.915381e-006
 7.766312e+002  5.125898e-006
 7.772500e+002  5.154218e-006
 7.778687e+002  5.061610e-006
 7.784875e+002  5.181598e-006
 7.791062e+002  4.931264e-006
 7.797250e+002  1.400802e-005
 7.803437e+002  2.429434e-005
 7.809625e+002  1.216967e-005
 7.815812e+002  4.503848e-006
 7.822000e+002  4.331684e-006
 7.828187e+002  4.759814e-006
 7.834375e+002  4.700524e-006
 7.840562e+002  4.602976e-006
 7.846750e+002  4.652946e-006
 7.852937e+002  4.565060e-006
 7.859125e+002  5.195843e-006
 7.865312e+002  5.114613e-006
 7.871500e+002  5.073061e-006
 7.877687e+002  4.771951e-006
 7.883875e+002  4.522504e-006
 7.890062e+002  4.505331e-006
 7.896250e+002  4.647518e-006
 7.902437e+002  4.941345e-006
 7.908625e+002  4.528136e-006
 7.914812e+002  4.640808e-006
 7.921000e+002  5.122929e-006
 7.927187e+002  5.230209e-006
 7.933375e+002  5.621419e-006
 7.939562e+002  4.710329e-006
 7.945750e+002  4.735977e-006
 7.951937e+002  4.821088e-006
 7.958125e+002  4.872164e-006
 7.964312e+002  5.031156e-006
 7.970500e+002  5.144770e-006
 7.976687e+002  5.101922e-006
 7.982875e+002  4.512131e-006
 7.989062e+002  8.981412e-006
 7.995250e+002  5.550765e-005
 8.001437e+002  8.492938e-005
 8.007625e+002  3.816046e-005
 8.013812e+002  5.208127e-006
 8.020000e+002  4.584138e-006
 8.026187e+002  5.043043e-006
 8.032375e+002  5.412734e-006
 8.038562e+002  4.906222e-006
 8.044750e+002  4.542653e-006
 8.050937e+002  4.552092e-006
 8.057125e+002  4.788041e-006
 8.063312e+002  5.343915e-006
 8.069500e+002  5.699336e-006
 8.075687e+002  4.715203e-006
 8.081875e+002  4.594425e-006
 8.088062e+002  4.571949e-006
 8.094250e+002  4.653072e-006
 8.100437e+002  5.383531e-006
 8.106625e+002  5.667530e-006
 8.112812e+002  4.633396e-006
 8.119000e+002  4.751604e-006
 8.125187e+002  5.333654e-006
 8.131375e+002  4.799341e-006
 8.137562e+002  4.968560e-006
 8.143750e+002  4.656919e-006
 8.149937e+002  4.554669e-006
 8.156125e+002  4.391734e-006
 8.162312e+002  4.852285e-006
 8.168500e+002  4.588259e-006
 8.174687e+002  4.741190e-006
 8.180875e+002  4.621349e-006
 8.187062e+002  4.755734e-006
 8.193250e+002  5.008829e-006
 8.199437e+002  5.272542e-006
 8.205625e+002  5.449665e-006
 8.211812e+002  4.609465e-006
 8.218000e+002  4.878830e-006
 8.224187e+002  4.942440e-006
 8.230375e+002  4.665662e-006
 8.236562e+002  4.544937e-006
 8.242750e+002  4.947841e-006
 8.248937e+002  4.858678e-006
 8.255125e+002  4.776185e-006
 8.261312e+002  5.587834e-006
 8.267500e+002  5.389772e-006
 8.273687e+002  5.130646e-006
 8.279875e+002  5.092806e-006
 8.286062e+002  4.974003e-006
 8.292250e+002  5.443361e-006
 8.298437e+002  5.774652e-006
 8.304625e+002  5.181191e-006
 8.310812e+002  4.727228e-006
 8.317000e+002  4.179150e-006
 8.323187e+002  5.199573e-006
 8.329375e+002  7.075611e-006
 8.335562e+002  6.298966e-006
 8.341750e+002  4.997520e-006
 8.347937e+002  4.571002e-006
 8.354125e+002  5.370432e-006
 8.360312e+002  6.901522e-006
 8.366500e+002  7.055467e-006
 8.372687e+002  5.497681e-006
 8.378875e+002  4.509289e-006
 8.385062e+002  4.007201e-006
 8.391250e+002  5.623636e-006
 8.397437e+002  1.516767e-005
 8.403625e+002  2.462538e-005
 8.409812e+002  1.190826e-005
 8.416000e+002  5.022081e-006
 8.422187e+002  4.804710e-006
 8.428375e+002  7.539707e-006
 8.434562e+002  8.684653e-006
 8.440750e+002  5.580175e-006
 8.446937e+002  4.987077e-006
 8.453125e+002  4.663243e-006
 8.459312e+002  5.512659e-006
 8.465500e+002  9.101127e-006
 8.471687e+002  7.576838e-006
 8.477875e+002  4.955656e-006
 8.484062e+002  5.333485e-006
 8.490250e+002  2.200880e-005
 8.496437e+002  1.113212e-004
 8.502625e+002  1.377008e-004
 8.508812e+002  4.808624e-005
 8.515000e+002  5.884250e-006
 8.521187e+002  5.160613e-006
 8.527375e+002  5.901155e-006
 8.533562e+002  8.649448e-006
 8.539750e+002  6.340954e-006
 8.545937e+002  4.585796e-006
 8.552125e+002  4.283777e-006
 8.558312e+002  4.838077e-006
 8.564500e+002  8.034584e-006
 8.570687e+002  8.608077e-006
 8.576875e+002  5.144680e-006
 8.583062e+002  4.437702e-006
 8.589250e+002  4.636716e-006
 8.595437e+002  5.870142e-006
 8.601625e+002  7.995343e-006
 8.607812e+002  6.406053e-006
 8.614000e+002  5.066776e-006
 8.620187e+002  4.806183e-006
 8.626375e+002  5.502722e-006
 8.632562e+002  6.966927e-006
 8.638750e+002  7.510780e-006
 8.644937e+002  5.910415e-006
 8.651125e+002  5.332083e-006
 8.657312e+002  5.617233e-006
 8.663500e+002  6.113747e-006
 8.669687e+002  6.839066e-006
 8.675875e+002  5.486742e-006
 8.682062e+002  4.504721e-006
 8.688250e+002  4.766889e-006
 8.694437e+002  4.802581e-006
 8.700625e+002  5.559199e-006
 8.706812e+002  5.491256e-006
 8.713000e+002  5.242389e-006
 8.719187e+002  4.883590e-006
 8.725375e+002  4.821925e-006
 8.731562e+002  5.644187e-006
 8.737750e+002  5.931122e-006
 8.743937e+002  5.266843e-006
 8.750125e+002  4.651299e-006
 8.756312e+002  4.576680e-006
 8.762500e+002  5.337263e-006
 8.768687e+002  5.193162e-006
 8.774875e+002  5.211861e-006
 8.781062e+002  4.986269e-006
 8.787250e+002  4.804216e-006
 8.793437e+002  5.090602e-006
 8.799625e+002  5.087074e-006
 8.805812e+002  5.218515e-006
 8.812000e+002  5.376393e-006
 8.818187e+002  5.159483e-006
 8.824375e+002  5.017914e-006
 8.830562e+002  4.873299e-006
 8.836750e+002  4.621711e-006
 8.842937e+002  4.369804e-006
 8.849125e+002  4.643115e-006
 8.855312e+002  4.485755e-006
 8.861500e+002  4.697162e-006
 8.867687e+002  4.775056e-006
 8.873875e+002  4.532680e-006
 8.880062e+002  4.605845e-006
 8.886250e+002  5.066515e-006
 8.892437e+002  4.996280e-006
 8.898625e+002  4.928651e-006
 8.904812e+002  4.357765e-006
 8.911000e+002  4.629637e-006
 8.917187e+002  5.168704e-006
 8.923375e+002  4.988721e-006
 8.929562e+002  4.654349e-006
 8.935750e+002  4.834542e-006
 8.941937e+002  4.816429e-006
 8.948125e+002  4.389838e-006
 8.954312e+002  4.147506e-006
 8.960500e+002  4.343932e-006
 8.966687e+002  4.687956e-006
 8.972875e+002  4.397751e-006
 8.979062e+002  4.301639e-006
 8.985250e+002  4.898590e-006
 8.991437e+002  1.659025e-005
 8.997625e+002  5.826766e-005
 9.003812e+002  6.183617e-005
 9.010000e+002  2.020560e-005
 9.016187e+002  4.948337e-006
 9.022375e+002  4.655250e-006
 9.028562e+002  4.886917e-006
 9.034750e+002  5.668618e-006
 9.040937e+002  5.325961e-006
 9.047125e+002  4.511670e-006
 9.053312e+002  4.663129e-006
 9.059500e+002  4.506888e-006
 9.065687e+002  4.831326e-006
 9.071875e+002  5.178776e-006
 9.078062e+002  4.679335e-006
 9.084250e+002  4.908514e-006
 9.090437e+002  5.291776e-006
 9.096625e+002  5.043583e-006
 9.102812e+002  4.804371e-006
 9.109000e+002  4.940145e-006
 9.115187e+002  4.532718e-006
 9.121375e+002  4.572286e-006
 9.127562e+002  5.276440e-006
 9.133750e+002  5.151929e-006
 9.139937e+002  4.993294e-006
 9.146125e+002  4.982388e-006
 9.152312e+002  5.114792e-006
 9.158500e+002  4.504935e-006
 9.164687e+002  3.965695e-006
 9.170875e+002  4.788290e-006
 9.177062e+002  4.866059e-006
 9.183250e+002  4.774965e-006
 9.189437e+002  4.879819e-006
 9.195625e+002  5.194267e-006
 9.201812e+002  5.294626e-006
 9.208000e+002  5.177175e-006
 9.214187e+002  4.925530e-006
 9.220375e+002  4.985151e-006
 9.226562e+002  5.078090e-006
 9.232750e+002  5.462207e-006
 9.238937e+002  5.017699e-006
 9.245125e+002  5.966935e-006
 9.251312e+002  7.423250e-006
 9.257500e+002  5.924346e-006
 9.263687e+002  5.670573e-006
 9.269875e+002  5.659450e-006
 9.276062e+002  4.777547e-006
 9.282250e+002  4.346237e-006
 9.288437e+002  4.822445e-006
 9.294625e+002  6.130772e-006
 9.300812e+002  6.093893e-006
 9.307000e+002  5.138825e-006
 9.313187e+002  5.073063e-006
 9.319375e+002  4.779717e-006
 9.325562e+002  5.675089e-006
 9.331750e+002  6.581134e-006
 9.337937e+002  6.119545e-006
 9.344125e+002  5.019984e-006
 9.350312e+002  4.539269e-006
 9.356500e+002  4.651595e-006
 9.362687e+002  6.910580e-006
 9.368875e+002  6.724242e-006
 9.375062e+002  5.121609e-006
 9.381250e+002  4.874221e-006
 9.387437e+002  4.912172e-006
 9.393625e+002  6.713996e-006
 9.399812e+002  7.646737e-006
 9.406000e+002  5.928218e-006
 9.412187e+002  5.317150e-006
 9.418375e+002  5.044601e-006
 9.424562e+002  5.589219e-006
 9.430750e+002  7.786165e-006
 9.436937e+002  7.332868e-006
 9.443125e+002  5.423234e-006
 9.449312e+002  5.404904e-006
 9.455500e+002  5.391691e-006
 9.461687e+002  6.793145e-006
 9.467875e+002  8.209545e-006
 9.474062e+002  5.535518e-006
 9.480250e+002  4.835386e-006
 9.486437e+002  4.784619e-006
 9.492625e+002  1.752061e-005
 9.498812e+002  4.246007e-005
 9.505000e+002  3.271141e-005
 9.511187e+002  7.068525e-006
 9.517375e+002  4.803015e-006
 9.523562e+002  5.122504e-006
 9.529750e+002  6.282658e-006
 9.535937e+002  7.546507e-006
 9.542125e+002  5.388156e-006
 9.548312e+002  4.811223e-006
 9.554500e+002  4.466022e-006
 9.560687e+002  5.163483e-006
 9.566875e+002  7.591610e-006
 9.573062e+002  6.797942e-006
 9.579250e+002  5.472732e-006
 9.585437e+002  5.489403e-006
 9.591625e+002  5.450546e-006
 9.597812e+002  1.372823e-005
 9.604000e+002  2.410438e-005
 9.610187e+002  1.225199e-005
 9.616375e+002  4.732776e-006
 9.622562e+002  4.828624e-006
 9.628750e+002  5.513069e-006
 9.634937e+002  6.844995e-006
 9.641125e+002  6.010527e-006
 9.647312e+002  5.411720e-006
 9.653500e+002  5.100565e-006
 9.659687e+002  4.772550e-006
 9.665875e+002  5.338104e-006
 9.672062e+002  5.715115e-006
 9.678250e+002  4.893042e-006
 9.684437e+002  4.501485e-006
 9.690625e+002  4.644237e-006
 9.696812e+002  4.866200e-006
 9.703000e+002  5.760210e-006
 9.709187e+002  5.678156e-006
 9.715375e+002  4.828139e-006
 9.721562e+002  4.459060e-006
 9.727750e+002  4.622685e-006
 9.733937e+002  5.444327e-006
 9.740125e+002  5.581370e-006
 9.746312e+002  4.917426e-006
 9.752500e+002  4.568861e-006
 9.758687e+002  5.023775e-006
 9.764875e+002  4.882968e-006
 9.771062e+002  4.658434e-006
 9.777250e+002  4.658032e-006
 9.783437e+002  4.452964e-006
 9.789625e+002  4.546314e-006
 9.795812e+002  5.191061e-006
 9.802000e+002  4.998288e-006
 9.808187e+002  4.708999e-006
 9.814375e+002  4.462732e-006
 9.820562e+002  4.404542e-006
 9.826750e+002  4.777761e-006
 9.832937e+002  5.266636e-006
 9.839125e+002  5.158477e-006
 9.845312e+002  5.305193e-006
 9.851500e+002  4.932917e-006
 9.857687e+002  4.985405e-006
 9.863875e+002  5.238599e-006
 9.870062e+002  4.713304e-006
 9.876250e+002  4.476994e-006
 9.882437e+002  4.471242e-006
 9.888625e+002  5.052717e-006
 9.894812e+002  6.098865e-006
 9.901000e+002  5.526399e-006
 9.907187e+002  5.254639e-006
 9.913375e+002  4.742809e-006
 9.919562e+002  4.280068e-006
 9.925750e+002  4.685064e-006
 9.931937e+002  5.481347e-006
 9.938125e+002  5.437947e-006
 9.944312e+002  4.728408e-006
 9.950500e+002  4.747145e-006
 9.956687e+002  4.917810e-006
 9.962875e+002  4.997866e-006
 9.969062e+002  5.261653e-006
 9.975250e+002  5.093054e-006
 9.981437e+002  5.141517e-006
 9.987625e+002  5.044472e-006
 9.993812e+002  1.924173e-005
 1.000000e+003  3.877603e-005
