 1.000000e+001  1.378074e-005
 1.061875e+001  1.288817e-005
 1.123750e+001  1.277344e-005
 1.185625e+001  1.242544e-005
 1.247500e+001  1.354850e-005
 1.309375e+001  1.214076e-005
 1.371250e+001  1.108600e-005
 1.433125e+001  1.111748e-005
 1.495000e+001  9.842993e-006
 1.556875e+001  9.284836e-006
 1.618750e+001  9.788941e-006
 1.680625e+001  9.965596e-006
 1.742500e+001  9.863802e-006
 1.804375e+001  9.904492e-006
 1.866250e+001  1.032707e-005
 1.928125e+001  9.590420e-006
 1.990000e+001  1.000524e-005
 2.051875e+001  9.027106e-006
 2.113750e+001  8.404559e-006
 2.175625e+001  8.899990e-006
 2.237500e+001  8.549366e-006
 2.299375e+001  8.803098e-006
 2.361250e+001  9.010895e-006
 2.423125e+001  8.629835e-006
 2.485000e+001  8.509843e-006
 2.546875e+001  8.220287e-006
 2.608750e+001  8.281661e-006
 2.670625e+001  7.626222e-006
 2.732500e+001  7.718725e-006
 2.794375e+001  8.138679e-006
 2.856250e+001  8.325532e-006
 2.918125e+001  7.663054e-006
 2.980000e+001  7.388042e-006
 3.041875e+001  7.200359e-006
 3.103750e+001  7.714976e-006
 3.165625e+001  7.613974e-006
 3.227500e+001  7.427450e-006
 3.289375e+001  7.225789e-006
 3.351250e+001  7.112098e-006
 3.413125e+001  7.384470e-006
 3.475000e+001  7.950989e-006
 3.536875e+001  7.309829e-006
 3.598750e+001  7.086483e-006
 3.660625e+001  7.011101e-006
 3.722500e+001  7.227442e-006
 3.784375e+001  7.258754e-006
 3.846250e+001  6.488698e-006
 3.908125e+001  6.797399e-006
 3.970000e+001  1.229159e-005
 4.031875e+001  1.418384e-005
 4.093750e+001  7.547390e-006
 4.155625e+001  6.912353e-006
 4.217500e+001  6.525117e-006
 4.279375e+001  6.731358e-006
 4.341250e+001  6.991009e-006
 4.403125e+001  6.961607e-006
 4.465000e+001  6.583433e-006
 4.526875e+001  7.039197e-006
 4.588750e+001  7.563318e-006
 4.650625e+001  8.622070e-006
 4.712500e+001  1.194581e-005
 4.774375e+001  2.382013e-005
 4.836250e+001  6.370766e-005
 4.898125e+001  3.765494e-004
 4.960000e+001  2.515108e-003
 5.021875e+001  2.912361e-003
 5.083750e+001  7.437775e-004
 5.145625e+001  8.569569e-005
 5.207500e+001  2.810135e-005
 5.269375e+001  1.301001e-005
 5.331250e+001  8.734928e-006
 5.393125e+001  7.428842e-006
 5.455000e+001  6.490168e-006
 5.516875e+001  5.912618e-006
 5.578750e+001  6.038126e-006
 5.640625e+001  5.889375e-006
 5.702500e+001  6.099565e-006
 5.764375e+001  6.359592e-006
 5.826250e+001  6.167458e-006
 5.888125e+001  7.411591e-006
 5.950000e+001  4.780706e-005
 6.011875e+001  7.564466e-005
 6.073750e+001  3.063232e-005
 6.135625e+001  5.944690e-006
 6.197500e+001  5.189879e-006
 6.259375e+001  5.888864e-006
 6.321250e+001  5.994953e-006
 6.383125e+001  5.764257e-006
 6.445000e+001  5.671819e-006
 6.506875e+001  5.880305e-006
 6.568750e+001  5.873261e-006
 6.630625e+001  5.908529e-006
 6.692500e+001  6.183778e-006
 6.754375e+001  6.525447e-006
 6.816250e+001  6.071376e-006
 6.878125e+001  5.811890e-006
 6.940000e+001  5.767629e-006
 7.001875e+001  5.808521e-006
 7.063750e+001  5.579254e-006
 7.125625e+001  5.398923e-006
 7.187500e+001  6.015445e-006
 7.249375e+001  5.881766e-006
 7.311250e+001  6.232770e-006
 7.373125e+001  5.905015e-006
 7.435000e+001  6.193620e-006
 7.496875e+001  5.964357e-006
 7.558750e+001  5.999319e-006
 7.620625e+001  6.308184e-006
 7.682500e+001  5.598192e-006
 7.744375e+001  5.411055e-006
 7.806250e+001  5.291033e-006
 7.868125e+001  5.959043e-006
 7.930000e+001  1.024836e-005
 7.991875e+001  2.660035e-005
 8.053750e+001  2.618941e-005
 8.115625e+001  8.895308e-006
 8.177500e+001  5.652985e-006
 8.239375e+001  5.833720e-006
 8.301250e+001  5.676380e-006
 8.363125e+001  5.873971e-006
 8.425000e+001  5.632076e-006
 8.486875e+001  5.014757e-006
 8.548750e+001  5.182752e-006
 8.610625e+001  5.581124e-006
 8.672500e+001  5.251553e-006
 8.734375e+001  5.263703e-006
 8.796250e+001  5.462596e-006
 8.858125e+001  5.607558e-006
 8.920000e+001  5.677462e-006
 8.981875e+001  5.625221e-006
 9.043750e+001  5.783120e-006
 9.105625e+001  6.162543e-006
 9.167500e+001  5.924435e-006
 9.229375e+001  5.788224e-006
 9.291250e+001  5.778461e-006
 9.353125e+001  5.909138e-006
 9.415000e+001  5.854864e-006
 9.476875e+001  5.619751e-006
 9.538750e+001  6.130495e-006
 9.600625e+001  6.216650e-006
 9.662500e+001  6.490209e-006
 9.724375e+001  6.310041e-006
 9.786250e+001  5.649697e-006
 9.848125e+001  6.085687e-006
 9.910000e+001  2.080915e-005
 9.971875e+001  7.765819e-005
 1.003375e+002  6.648338e-005
 1.009563e+002  1.093061e-005
 1.015750e+002  6.150984e-006
 1.021938e+002  5.837035e-006
 1.028125e+002  5.996869e-006
 1.034313e+002  6.773549e-006
 1.040500e+002  5.950045e-006
 1.046688e+002  5.630816e-006
 1.052875e+002  5.797458e-006
 1.059063e+002  5.768036e-006
 1.065250e+002  6.147848e-006
 1.071438e+002  6.089656e-006
 1.077625e+002  5.457107e-006
 1.083813e+002  5.088214e-006
 1.090000e+002  5.267759e-006
 1.096188e+002  5.106165e-006
 1.102375e+002  5.672441e-006
 1.108563e+002  5.132554e-006
 1.114750e+002  4.928562e-006
 1.120938e+002  5.518083e-006
 1.127125e+002  5.207980e-006
 1.133313e+002  4.682432e-006
 1.139500e+002  5.025178e-006
 1.145688e+002  5.060638e-006
 1.151875e+002  5.329409e-006
 1.158063e+002  5.153779e-006
 1.164250e+002  5.259155e-006
 1.170438e+002  5.000796e-006
 1.176625e+002  5.441318e-006
 1.182813e+002  5.101135e-006
 1.189000e+002  5.532634e-006
 1.195188e+002  1.560108e-005
 1.201375e+002  2.469683e-005
 1.207563e+002  1.072839e-005
 1.213750e+002  5.826857e-006
 1.219938e+002  5.265105e-006
 1.226125e+002  5.161054e-006
 1.232313e+002  5.550676e-006
 1.238500e+002  5.599510e-006
 1.244688e+002  5.739742e-006
 1.250875e+002  5.489545e-006
 1.257063e+002  5.492294e-006
 1.263250e+002  5.322177e-006
 1.269438e+002  5.254981e-006
 1.275625e+002  5.325102e-006
 1.281813e+002  5.165304e-006
 1.288000e+002  5.317274e-006
 1.294188e+002  5.808987e-006
 1.300375e+002  5.959869e-006
 1.306563e+002  5.469713e-006
 1.312750e+002  5.426885e-006
 1.318938e+002  5.643745e-006
 1.325125e+002  5.971367e-006
 1.331313e+002  6.579278e-006
 1.337500e+002  5.677668e-006
 1.343688e+002  5.057481e-006
 1.349875e+002  5.046926e-006
 1.356063e+002  4.777893e-006
 1.362250e+002  5.363098e-006
 1.368438e+002  5.431739e-006
 1.374625e+002  5.350997e-006
 1.380813e+002  5.503718e-006
 1.387000e+002  5.108810e-006
 1.393188e+002  6.170127e-006
 1.399375e+002  6.853442e-006
 1.405563e+002  5.849173e-006
 1.411750e+002  5.445826e-006
 1.417938e+002  4.995655e-006
 1.424125e+002  5.352656e-006
 1.430313e+002  6.937700e-006
 1.436500e+002  5.831320e-006
 1.442688e+002  5.180712e-006
 1.448875e+002  6.002416e-006
 1.455063e+002  5.785215e-006
 1.461250e+002  7.615949e-006
 1.467438e+002  9.346577e-006
 1.473625e+002  1.417697e-005
 1.479813e+002  3.083105e-005
 1.486000e+002  1.073451e-004
 1.492188e+002  2.198137e-003
 1.498375e+002  5.589470e-003
 1.504563e+002  3.505242e-003
 1.510750e+002  2.014305e-004
 1.516938e+002  4.445890e-005
 1.523125e+002  1.692041e-005
 1.529313e+002  1.052514e-005
 1.535500e+002  8.222940e-006
 1.541688e+002  5.922164e-006
 1.547875e+002  5.256035e-006
 1.554063e+002  5.237693e-006
 1.560250e+002  5.988327e-006
 1.566438e+002  7.180571e-006
 1.572625e+002  5.679503e-006
 1.578813e+002  4.905939e-006
 1.585000e+002  4.858976e-006
 1.591188e+002  4.937203e-006
 1.597375e+002  6.373861e-006
 1.603563e+002  6.600061e-006
 1.609750e+002  5.569908e-006
 1.615938e+002  5.087644e-006
 1.622125e+002  4.940517e-006
 1.628313e+002  5.990030e-006
 1.634500e+002  6.579677e-006
 1.640688e+002  5.511881e-006
 1.646875e+002  5.147008e-006
 1.653063e+002  5.031403e-006
 1.659250e+002  4.831404e-006
 1.665438e+002  5.656688e-006
 1.671625e+002  6.149008e-006
 1.677813e+002  5.070132e-006
 1.684000e+002  4.686924e-006
 1.690188e+002  5.438582e-006
 1.696375e+002  5.659032e-006
 1.702563e+002  5.903845e-006
 1.708750e+002  5.329970e-006
 1.714938e+002  5.062175e-006
 1.721125e+002  4.922863e-006
 1.727313e+002  5.170384e-006
 1.733500e+002  5.157720e-006
 1.739688e+002  5.331677e-006
 1.745875e+002  5.146014e-006
 1.752063e+002  5.145095e-006
 1.758250e+002  4.988127e-006
 1.764438e+002  5.140279e-006
 1.770625e+002  5.362649e-006
 1.776813e+002  5.543011e-006
 1.783000e+002  5.260714e-006
 1.789188e+002  5.047251e-006
 1.795375e+002  6.115159e-006
 1.801563e+002  7.143015e-006
 1.807750e+002  5.356077e-006
 1.813938e+002  5.141239e-006
 1.820125e+002  5.355588e-006
 1.826313e+002  5.134372e-006
 1.832500e+002  5.808821e-006
 1.838688e+002  5.459766e-006
 1.844875e+002  5.068716e-006
 1.851063e+002  5.159108e-006
 1.857250e+002  4.687568e-006
 1.863438e+002  4.688932e-006
 1.869625e+002  4.515044e-006
 1.875813e+002  4.412203e-006
 1.882000e+002  4.605540e-006
 1.888188e+002  5.141654e-006
 1.894375e+002  5.347535e-006
 1.900563e+002  5.048732e-006
 1.906750e+002  4.658092e-006
 1.912938e+002  4.877060e-006
 1.919125e+002  4.775918e-006
 1.925313e+002  4.827472e-006
 1.931500e+002  4.879733e-006
 1.937688e+002  4.825873e-006
 1.943875e+002  4.597233e-006
 1.950063e+002  5.017173e-006
 1.956250e+002  5.305696e-006
 1.962438e+002  5.301431e-006
 1.968625e+002  5.508223e-006
 1.974813e+002  5.430940e-006
 1.981000e+002  5.187116e-006
 1.987188e+002  6.549406e-006
 1.993375e+002  1.240525e-004
 1.999563e+002  2.219552e-004
 2.005750e+002  9.979402e-005
 2.011938e+002  5.921494e-006
 2.018125e+002  5.279666e-006
 2.024313e+002  5.363486e-006
 2.030500e+002  5.525125e-006
 2.036688e+002  5.539601e-006
 2.042875e+002  5.238439e-006
 2.049063e+002  5.727989e-006
 2.055250e+002  5.231616e-006
 2.061438e+002  4.996684e-006
 2.067625e+002  5.312501e-006
 2.073813e+002  5.481542e-006
 2.080000e+002  5.192484e-006
 2.086188e+002  4.965758e-006
 2.092375e+002  4.662425e-006
 2.098563e+002  4.754192e-006
 2.104750e+002  5.082628e-006
 2.110938e+002  5.108214e-006
 2.117125e+002  5.088573e-006
 2.123313e+002  4.841212e-006
 2.129500e+002  4.565743e-006
 2.135688e+002  4.639784e-006
 2.141875e+002  5.040379e-006
 2.148063e+002  5.253812e-006
 2.154250e+002  4.964109e-006
 2.160438e+002  4.835586e-006
 2.166625e+002  5.362051e-006
 2.172813e+002  5.610915e-006
 2.179000e+002  5.365551e-006
 2.185188e+002  5.183532e-006
 2.191375e+002  5.154208e-006
 2.197563e+002  5.642833e-006
 2.203750e+002  5.350877e-006
 2.209938e+002  5.498535e-006
 2.216125e+002  5.367051e-006
 2.222313e+002  5.265246e-006
 2.228500e+002  5.498991e-006
 2.234688e+002  5.108419e-006
 2.240875e+002  5.209704e-006
 2.247063e+002  5.274611e-006
 2.253250e+002  5.297209e-006
 2.259438e+002  5.651198e-006
 2.265625e+002  5.295670e-006
 2.271813e+002  4.773308e-006
 2.278000e+002  4.765075e-006
 2.284188e+002  4.963828e-006
 2.290375e+002  5.813282e-006
 2.296563e+002  6.896399e-006
 2.302750e+002  5.491123e-006
 2.308938e+002  4.889403e-006
 2.315125e+002  5.092616e-006
 2.321313e+002  5.471180e-006
 2.327500e+002  6.732075e-006
 2.333688e+002  6.173260e-006
 2.339875e+002  5.003612e-006
 2.346063e+002  5.091753e-006
 2.352250e+002  4.819746e-006
 2.358438e+002  6.404658e-006
 2.364625e+002  7.256508e-006
 2.370813e+002  5.423015e-006
 2.377000e+002  5.143332e-006
 2.383188e+002  5.418667e-006
 2.389375e+002  5.533637e-006
 2.395563e+002  9.942870e-006
 2.401750e+002  1.192069e-005
 2.407938e+002  8.394897e-006
 2.414125e+002  6.318601e-006
 2.420313e+002  5.318323e-006
 2.426500e+002  7.177398e-006
 2.432688e+002  9.108848e-006
 2.438875e+002  5.973364e-006
 2.445063e+002  5.113425e-006
 2.451250e+002  5.135311e-006
 2.457438e+002  6.537969e-006
 2.463625e+002  9.666266e-006
 2.469813e+002  1.027933e-005
 2.476000e+002  1.575551e-005
 2.482188e+002  4.321227e-005
 2.488375e+002  2.304310e-004
 2.494563e+002  1.985566e-003
 2.500750e+002  2.591597e-003
 2.506938e+002  7.995353e-004
 2.513125e+002  7.109926e-005
 2.519313e+002  2.123327e-005
 2.525500e+002  1.167205e-005
 2.531688e+002  1.018225e-005
 2.537875e+002  8.005422e-006
 2.544063e+002  5.294041e-006
 2.550250e+002  4.888519e-006
 2.556438e+002  5.238082e-006
 2.562625e+002  7.597086e-006
 2.568813e+002  8.491033e-006
 2.575000e+002  5.584453e-006
 2.581188e+002  4.986997e-006
 2.587375e+002  4.853683e-006
 2.593563e+002  5.777511e-006
 2.599750e+002  8.638711e-006
 2.605938e+002  6.742333e-006
 2.612125e+002  5.245220e-006
 2.618313e+002  5.159178e-006
 2.624500e+002  5.423556e-006
 2.630688e+002  6.512207e-006
 2.636875e+002  6.270033e-006
 2.643063e+002  4.897347e-006
 2.649250e+002  4.813877e-006
 2.655438e+002  5.227103e-006
 2.661625e+002  5.893340e-006
 2.667813e+002  7.143597e-006
 2.674000e+002  5.911400e-006
 2.680188e+002  5.226915e-006
 2.686375e+002  5.677394e-006
 2.692563e+002  6.088101e-006
 2.698750e+002  6.378457e-006
 2.704938e+002  5.999877e-006
 2.711125e+002  4.798634e-006
 2.717313e+002  5.003366e-006
 2.723500e+002  5.100817e-006
 2.729688e+002  5.703556e-006
 2.735875e+002  5.796093e-006
 2.742063e+002  5.365155e-006
 2.748250e+002  4.413652e-006
 2.754438e+002  4.701906e-006
 2.760625e+002  5.059104e-006
 2.766813e+002  5.752887e-006
 2.773000e+002  5.763626e-006
 2.779188e+002  5.492845e-006
 2.785375e+002  5.146267e-006
 2.791563e+002  4.667948e-006
 2.797750e+002  4.913640e-006
 2.803938e+002  5.141591e-006
 2.810125e+002  4.792652e-006
 2.816313e+002  4.726819e-006
 2.822500e+002  4.821330e-006
 2.828688e+002  5.097811e-006
 2.834875e+002  4.872776e-006
 2.841063e+002  5.064792e-006
 2.847250e+002  4.858515e-006
 2.853438e+002  4.687227e-006
 2.859625e+002  4.970558e-006
 2.865813e+002  5.002468e-006
 2.872000e+002  4.544687e-006
 2.878188e+002  4.602251e-006
 2.884375e+002  4.468951e-006
 2.890563e+002  4.498907e-006
 2.896750e+002  5.073816e-006
 2.902938e+002  4.863556e-006
 2.909125e+002  4.652937e-006
 2.915313e+002  5.033444e-006
 2.921500e+002  4.807615e-006
 2.927688e+002  5.095283e-006
 2.933875e+002  5.851754e-006
 2.940063e+002  4.972054e-006
 2.946250e+002  4.437777e-006
 2.952438e+002  4.596700e-006
 2.958625e+002  4.647384e-006
 2.964813e+002  4.770503e-006
 2.971000e+002  4.742070e-006
 2.977188e+002  4.863888e-006
 2.983375e+002  6.961218e-006
 2.989563e+002  3.664239e-005
 2.995750e+002  1.657346e-004
 3.001938e+002  1.601293e-004
 3.008125e+002  3.246534e-005
 3.014313e+002  6.065446e-006
 3.020500e+002  5.357677e-006
 3.026688e+002  4.888041e-006
 3.032875e+002  4.908866e-006
 3.039063e+002  4.574941e-006
 3.045250e+002  4.629203e-006
 3.051438e+002  4.860307e-006
 3.057625e+002  4.718267e-006
 3.063813e+002  4.816531e-006
 3.070000e+002  5.064649e-006
 3.076188e+002  4.797884e-006
 3.082375e+002  4.884203e-006
 3.088563e+002  4.735276e-006
 3.094750e+002  4.645187e-006
 3.100938e+002  4.751756e-006
 3.107125e+002  4.975823e-006
 3.113313e+002  5.140459e-006
 3.119500e+002  5.239303e-006
 3.125688e+002  4.758386e-006
 3.131875e+002  4.954448e-006
 3.138063e+002  4.964828e-006
 3.144250e+002  4.994891e-006
 3.150437e+002  4.923518e-006
 3.156625e+002  4.951443e-006
 3.162812e+002  5.152209e-006
 3.169000e+002  4.922864e-006
 3.175187e+002  4.892658e-006
 3.181375e+002  4.867544e-006
 3.187562e+002  5.064073e-006
 3.193750e+002  5.397898e-006
 3.199937e+002  5.535347e-006
 3.206125e+002  5.427694e-006
 3.212312e+002  5.064657e-006
 3.218500e+002  5.231377e-006
 3.224687e+002  5.405640e-006
 3.230875e+002  5.105716e-006
 3.237062e+002  4.812476e-006
 3.243250e+002  5.167387e-006
 3.249437e+002  4.949207e-006
 3.255625e+002  4.703879e-006
 3.261812e+002  5.620511e-006
 3.268000e+002  5.011750e-006
 3.274187e+002  5.009118e-006
 3.280375e+002  4.947010e-006
 3.286562e+002  4.936532e-006
 3.292750e+002  5.841480e-006
 3.298937e+002  5.891318e-006
 3.305125e+002  5.169253e-006
 3.311312e+002  5.051048e-006
 3.317500e+002  5.140482e-006
 3.323687e+002  5.465485e-006
 3.329875e+002  6.377015e-006
 3.336062e+002  5.242227e-006
 3.342250e+002  4.782637e-006
 3.348437e+002  5.022789e-006
 3.354625e+002  5.491319e-006
 3.360812e+002  7.405383e-006
 3.367000e+002  6.484124e-006
 3.373187e+002  4.891560e-006
 3.379375e+002  4.828672e-006
 3.385562e+002  4.766725e-006
 3.391750e+002  6.184971e-006
 3.397937e+002  7.728101e-006
 3.404125e+002  5.377064e-006
 3.410312e+002  4.891728e-006
 3.416500e+002  5.355441e-006
 3.422687e+002  5.807116e-006
 3.428875e+002  8.268028e-006
 3.435062e+002  7.667099e-006
 3.441250e+002  5.008884e-006
 3.447437e+002  4.730198e-006
 3.453625e+002  4.801001e-006
 3.459812e+002  6.689967e-006
 3.466000e+002  8.678045e-006
 3.472187e+002  5.646881e-006
 3.478375e+002  6.258382e-006
 3.484562e+002  1.286960e-005
 3.490750e+002  1.745704e-004
 3.496937e+002  5.078655e-004
 3.503125e+002  3.627859e-004
 3.509312e+002  3.755430e-005
 3.515500e+002  8.446821e-006
 3.521687e+002  5.688986e-006
 3.527875e+002  7.345823e-006
 3.534062e+002  8.544374e-006
 3.540250e+002  5.158043e-006
 3.546437e+002  5.095371e-006
 3.552625e+002  4.506477e-006
 3.558812e+002  5.761426e-006
 3.565000e+002  9.178418e-006
 3.571187e+002  7.081387e-006
 3.577375e+002  4.876232e-006
 3.583562e+002  4.487460e-006
 3.589750e+002  4.761655e-006
 3.595937e+002  1.335502e-005
 3.602125e+002  2.033112e-005
 3.608312e+002  9.476122e-006
 3.614500e+002  4.925929e-006
 3.620687e+002  5.084449e-006
 3.626875e+002  6.007522e-006
 3.633062e+002  8.502590e-006
 3.639250e+002  6.745489e-006
 3.645437e+002  4.723820e-006
 3.651625e+002  5.085441e-006
 3.657812e+002  5.230057e-006
 3.664000e+002  6.666692e-006
 3.670187e+002  7.342447e-006
 3.676375e+002  5.674729e-006
 3.682562e+002  5.037154e-006
 3.688750e+002  5.050290e-006
 3.694937e+002  5.570151e-006
 3.701125e+002  7.208764e-006
 3.707312e+002  6.173806e-006
 3.713500e+002  4.815044e-006
 3.719687e+002  4.350990e-006
 3.725875e+002  4.933241e-006
 3.732062e+002  5.935768e-006
 3.738250e+002  5.918524e-006
 3.744437e+002  4.758011e-006
 3.750625e+002  4.808726e-006
 3.756812e+002  5.180045e-006
 3.763000e+002  5.276592e-006
 3.769187e+002  5.644094e-006
 3.775375e+002  5.061404e-006
 3.781562e+002  4.625498e-006
 3.787750e+002  4.873442e-006
 3.793937e+002  5.300575e-006
 3.800125e+002  5.254711e-006
 3.806312e+002  5.284303e-006
 3.812500e+002  5.004535e-006
 3.818687e+002  4.866435e-006
 3.824875e+002  5.023450e-006
 3.831062e+002  4.917305e-006
 3.837250e+002  4.997485e-006
 3.843437e+002  5.001512e-006
 3.849625e+002  4.458549e-006
 3.855812e+002  4.724609e-006
 3.862000e+002  4.987703e-006
 3.868187e+002  4.858136e-006
 3.874375e+002  4.952765e-006
 3.880562e+002  4.861710e-006
 3.886750e+002  4.822989e-006
 3.892937e+002  5.021923e-006
 3.899125e+002  4.853966e-006
 3.905312e+002  5.011225e-006
 3.911500e+002  4.711961e-006
 3.917687e+002  4.530032e-006
 3.923875e+002  4.706772e-006
 3.930062e+002  4.996774e-006
 3.936250e+002  5.065394e-006
 3.942437e+002  5.275654e-006
 3.948625e+002  5.163072e-006
 3.954812e+002  4.754794e-006
 3.961000e+002  5.047159e-006
 3.967187e+002  4.969329e-006
 3.973375e+002  4.661678e-006
 3.979562e+002  4.538820e-006
 3.985750e+002  6.118298e-006
 3.991937e+002  1.103028e-004
 3.998125e+002  2.226782e-004
 4.004312e+002  1.158914e-004
 4.010500e+002  8.108945e-006
 4.016687e+002  5.950022e-006
 4.022875e+002  4.866634e-006
 4.029062e+002  4.931892e-006
 4.035250e+002  5.207167e-006
 4.041437e+002  4.708499e-006
 4.047625e+002  4.934524e-006
 4.053812e+002  4.627528e-006
 4.060000e+002  4.536709e-006
 4.066187e+002  5.022947e-006
 4.072375e+002  5.096423e-006
 4.078562e+002  4.517528e-006
 4.084750e+002  4.509732e-006
 4.090937e+002  4.782816e-006
 4.097125e+002  4.727558e-006
 4.103312e+002  4.833600e-006
 4.109500e+002  5.074806e-006
 4.115687e+002  4.812026e-006
 4.121875e+002  4.757897e-006
 4.128062e+002  4.833102e-006
 4.134250e+002  4.691974e-006
 4.140437e+002  5.029323e-006
 4.146625e+002  5.229200e-006
 4.152812e+002  4.982303e-006
 4.159000e+002  4.787214e-006
 4.165187e+002  4.975581e-006
 4.171375e+002  5.309879e-006
 4.177562e+002  4.917786e-006
 4.183750e+002  4.484640e-006
 4.189937e+002  4.438149e-006
 4.196125e+002  1.387409e-005
 4.202312e+002  2.201044e-005
 4.208500e+002  1.011996e-005
 4.214687e+002  4.857500e-006
 4.220875e+002  5.212787e-006
 4.227062e+002  5.767395e-006
 4.233250e+002  5.178577e-006
 4.239437e+002  4.751138e-006
 4.245625e+002  5.215538e-006
 4.251812e+002  5.088157e-006
 4.258000e+002  5.598225e-006
 4.264187e+002  5.568149e-006
 4.270375e+002  4.636191e-006
 4.276562e+002  4.951313e-006
 4.282750e+002  4.852274e-006
 4.288937e+002  5.354963e-006
 4.295125e+002  6.204761e-006
 4.301312e+002  5.632294e-006
 4.307500e+002  5.222594e-006
 4.313687e+002  5.007001e-006
 4.319875e+002  5.352633e-006
 4.326062e+002  6.243220e-006
 4.332250e+002  5.963213e-006
 4.338437e+002  4.699999e-006
 4.344625e+002  4.970680e-006
 4.350812e+002  5.271658e-006
 4.357000e+002  6.282051e-006
 4.363187e+002  7.422342e-006
 4.369375e+002  5.625191e-006
 4.375562e+002  4.934771e-006
 4.381750e+002  4.824812e-006
 4.387937e+002  4.497648e-006
 4.394125e+002  7.043244e-006
 4.400312e+002  7.093457e-006
 4.406500e+002  4.995197e-006
 4.412687e+002  4.973589e-006
 4.418875e+002  4.716852e-006
 4.425062e+002  5.887954e-006
 4.431250e+002  8.098671e-006
 4.437437e+002  5.544902e-006
 4.443625e+002  4.816971e-006
 4.449812e+002  4.666298e-006
 4.456000e+002  5.119066e-006
 4.462187e+002  7.835634e-006
 4.468375e+002  6.998488e-006
 4.474562e+002  5.762401e-006
 4.480750e+002  7.924137e-006
 4.486937e+002  2.878208e-005
 4.493125e+002  3.074897e-004
 4.499312e+002  4.497218e-004
 4.505500e+002  1.656905e-004
 4.511687e+002  1.164327e-005
 4.517875e+002  5.083001e-006
 4.524062e+002  5.477089e-006
 4.530250e+002  8.131839e-006
 4.536437e+002  7.011291e-006
 4.542625e+002  4.578053e-006
 4.548812e+002  4.724741e-006
 4.555000e+002  4.886710e-006
 4.561187e+002  7.255499e-006
 4.567375e+002  8.018663e-006
 4.573562e+002  5.059635e-006
 4.579750e+002  5.067231e-006
 4.585937e+002  4.717995e-006
 4.592125e+002  5.096653e-006
 4.598312e+002  7.693791e-006
 4.604500e+002  6.471579e-006
 4.610687e+002  4.366416e-006
 4.616875e+002  4.536587e-006
 4.623062e+002  5.426470e-006
 4.629250e+002  7.269755e-006
 4.635437e+002  6.954210e-006
 4.641625e+002  5.117212e-006
 4.647812e+002  5.448965e-006
 4.654000e+002  5.384730e-006
 4.660187e+002  6.097566e-006
 4.666375e+002  7.499658e-006
 4.672562e+002  6.264807e-006
 4.678750e+002  4.809216e-006
 4.684937e+002  4.579520e-006
 4.691125e+002  4.824277e-006
 4.697312e+002  5.624580e-006
 4.703500e+002  5.960496e-006
 4.709687e+002  5.377295e-006
 4.715875e+002  5.364817e-006
 4.722062e+002  5.015520e-006
 4.728250e+002  5.170432e-006
 4.734437e+002  6.071518e-006
 4.740625e+002  5.721514e-006
 4.746812e+002  4.933322e-006
 4.753000e+002  4.492398e-006
 4.759187e+002  4.652264e-006
 4.765375e+002  5.236849e-006
 4.771562e+002  5.472196e-006
 4.777750e+002  5.214371e-006
 4.783937e+002  5.407599e-006
 4.790125e+002  5.313594e-006
 4.796312e+002  1.436267e-005
 4.802500e+002  2.428983e-005
 4.808687e+002  1.147805e-005
 4.814875e+002  5.366929e-006
 4.821062e+002  5.205776e-006
 4.827250e+002  4.812653e-006
 4.833437e+002  4.677383e-006
 4.839625e+002  4.549591e-006
 4.845812e+002  4.738577e-006
 4.852000e+002  4.957880e-006
 4.858187e+002  5.276110e-006
 4.864375e+002  5.000991e-006
 4.870562e+002  4.740882e-006
 4.876750e+002  4.775207e-006
 4.882937e+002  4.583936e-006
 4.889125e+002  5.141004e-006
 4.895312e+002  5.609128e-006
 4.901500e+002  4.757682e-006
 4.907687e+002  4.757243e-006
 4.913875e+002  4.860415e-006
 4.920062e+002  4.427002e-006
 4.926250e+002  4.654208e-006
 4.932437e+002  5.056388e-006
 4.938625e+002  4.890245e-006
 4.944812e+002  4.785122e-006
 4.951000e+002  4.618038e-006
 4.957187e+002  5.289815e-006
 4.963375e+002  5.633176e-006
 4.969562e+002  5.106650e-006
 4.975750e+002  4.395722e-006
 4.981937e+002  5.762907e-006
 4.988125e+002  2.523385e-005
 4.994312e+002  1.301405e-004
 5.000500e+002  1.403375e-004
 5.006687e+002  3.501777e-005
 5.012875e+002  5.952182e-006
 5.019062e+002  4.928639e-006
 5.025250e+002  5.044942e-006
 5.031437e+002  5.100805e-006
 5.037625e+002  4.331475e-006
 5.043812e+002  4.513111e-006
 5.050000e+002  4.608021e-006
 5.056187e+002  4.802055e-006
 5.062375e+002  5.025364e-006
 5.068562e+002  4.531234e-006
 5.074750e+002  4.498658e-006
 5.080937e+002  5.144045e-006
 5.087125e+002  4.661754e-006
 5.093312e+002  4.888354e-006
 5.099500e+002  4.973069e-006
 5.105687e+002  5.138377e-006
 5.111875e+002  4.962771e-006
 5.118062e+002  4.572271e-006
 5.124250e+002  4.969710e-006
 5.130437e+002  4.910757e-006
 5.136625e+002  4.260746e-006
 5.142812e+002  4.573621e-006
 5.149000e+002  4.786957e-006
 5.155187e+002  4.835172e-006
 5.161375e+002  4.629714e-006
 5.167562e+002  4.354241e-006
 5.173750e+002  5.087652e-006
 5.179937e+002  5.121842e-006
 5.186125e+002  4.896459e-006
 5.192312e+002  4.760240e-006
 5.198500e+002  4.702749e-006
 5.204687e+002  4.892193e-006
 5.210875e+002  5.221079e-006
 5.217062e+002  4.905811e-006
 5.223250e+002  5.220930e-006
 5.229437e+002  5.546311e-006
 5.235625e+002  4.918132e-006
 5.241812e+002  4.682954e-006
 5.248000e+002  4.748033e-006
 5.254187e+002  5.065405e-006
 5.260375e+002  5.817997e-006
 5.266562e+002  5.106117e-006
 5.272750e+002  4.785011e-006
 5.278937e+002  4.855342e-006
 5.285125e+002  4.979274e-006
 5.291312e+002  5.889416e-006
 5.297500e+002  6.237263e-006
 5.303687e+002  5.489554e-006
 5.309875e+002  5.071293e-006
 5.316062e+002  5.083034e-006
 5.322250e+002  5.569891e-006
 5.328437e+002  6.589492e-006
 5.334625e+002  5.558103e-006
 5.340812e+002  4.824519e-006
 5.347000e+002  4.792786e-006
 5.353187e+002  4.793578e-006
 5.359375e+002  6.677534e-006
 5.365562e+002  6.709444e-006
 5.371750e+002  4.963664e-006
 5.377937e+002  4.538582e-006
 5.384125e+002  4.438833e-006
 5.390312e+002  6.000640e-006
 5.396500e+002  1.568781e-005
 5.402687e+002  2.510338e-005
 5.408875e+002  1.226529e-005
 5.415062e+002  5.113991e-006
 5.421250e+002  5.689373e-006
 5.427437e+002  8.257966e-006
 5.433625e+002  7.996823e-006
 5.439812e+002  4.980332e-006
 5.446000e+002  4.421190e-006
 5.452187e+002  4.412948e-006
 5.458375e+002  6.543404e-006
 5.464562e+002  9.143284e-006
 5.470750e+002  5.971696e-006
 5.476937e+002  5.465185e-006
 5.483125e+002  1.025715e-005
 5.489312e+002  1.067895e-004
 5.495500e+002  3.522532e-004
 5.501687e+002  2.847183e-004
 5.507875e+002  4.390719e-005
 5.514062e+002  7.932369e-006
 5.520250e+002  5.461839e-006
 5.526437e+002  7.414885e-006
 5.532625e+002  9.438126e-006
 5.538812e+002  5.724250e-006
 5.545000e+002  4.580737e-006
 5.551187e+002  5.081231e-006
 5.557375e+002  5.310063e-006
 5.563562e+002  8.404669e-006
 5.569750e+002  7.484910e-006
 5.575937e+002  4.900331e-006
 5.582125e+002  4.745676e-006
 5.588312e+002  5.286214e-006
 5.594500e+002  7.141538e-006
 5.600687e+002  8.637686e-006
 5.606875e+002  5.996369e-006
 5.613062e+002  5.779891e-006
 5.619250e+002  5.868061e-006
 5.625437e+002  6.117993e-006
 5.631625e+002  7.813558e-006
 5.637812e+002  6.348001e-006
 5.644000e+002  4.719692e-006
 5.650187e+002  4.778539e-006
 5.656375e+002  4.682847e-006
 5.662562e+002  6.611294e-006
 5.668750e+002  7.351201e-006
 5.674937e+002  5.249028e-006
 5.681125e+002  4.784702e-006
 5.687312e+002  4.283103e-006
 5.693500e+002  5.489749e-006
 5.699687e+002  7.093972e-006
 5.705875e+002  5.730298e-006
 5.712062e+002  4.745650e-006
 5.718250e+002  4.666156e-006
 5.724437e+002  4.732516e-006
 5.730625e+002  5.533769e-006
 5.736812e+002  5.543666e-006
 5.743000e+002  4.911541e-006
 5.749187e+002  5.000614e-006
 5.755375e+002  4.725419e-006
 5.761562e+002  5.148828e-006
 5.767750e+002  5.747636e-006
 5.773937e+002  5.729174e-006
 5.780125e+002  5.050003e-006
 5.786312e+002  4.849703e-006
 5.792500e+002  4.829264e-006
 5.798687e+002  5.233542e-006
 5.804875e+002  5.704457e-006
 5.811062e+002  4.850262e-006
 5.817250e+002  4.749968e-006
 5.823437e+002  5.111039e-006
 5.829625e+002  4.759143e-006
 5.835812e+002  4.774509e-006
 5.842000e+002  4.928057e-006
 5.848187e+002  5.039380e-006
 5.854375e+002  4.991168e-006
 5.860562e+002  5.122887e-006
 5.866750e+002  5.075697e-006
 5.872937e+002  5.251607e-006
 5.879125e+002  4.982694e-006
 5.885312e+002  5.224168e-006
 5.891500e+002  5.478513e-006
 5.897687e+002  5.314389e-006
 5.903875e+002  5.081733e-006
 5.910062e+002  4.975910e-006
 5.916250e+002  4.329932e-006
 5.922437e+002  4.598704e-006
 5.928625e+002  5.469802e-006
 5.934812e+002  5.149311e-006
 5.941000e+002  4.626169e-006
 5.947187e+002  4.567214e-006
 5.953375e+002  4.849268e-006
 5.959562e+002  5.134226e-006
 5.965750e+002  4.925217e-006
 5.971937e+002  4.434466e-006
 5.978125e+002  4.797528e-006
 5.984312e+002  5.494817e-006
 5.990500e+002  7.213326e-005
 5.996687e+002  1.613666e-004
 6.002875e+002  9.879152e-005
 6.009062e+002  1.419675e-005
 6.015250e+002  5.013888e-006
 6.021437e+002  4.929081e-006
 6.027625e+002  5.396145e-006
 6.033812e+002  5.707905e-006
 6.040000e+002  4.916949e-006
 6.046187e+002  5.033575e-006
 6.052375e+002  4.807884e-006
 6.058562e+002  4.975849e-006
 6.064750e+002  5.417426e-006
 6.070937e+002  5.168190e-006
 6.077125e+002  4.806456e-006
 6.083312e+002  4.721573e-006
 6.089500e+002  4.418800e-006
 6.095687e+002  5.244515e-006
 6.101875e+002  5.333454e-006
 6.108062e+002  4.686930e-006
 6.114250e+002  4.310251e-006
 6.120437e+002  4.849192e-006
 6.126625e+002  4.985098e-006
 6.132812e+002  4.978294e-006
 6.139000e+002  5.257584e-006
 6.145187e+002  4.885254e-006
 6.151375e+002  4.902779e-006
 6.157562e+002  5.403232e-006
 6.163750e+002  5.100254e-006
 6.169937e+002  4.658511e-006
 6.176125e+002  4.894303e-006
 6.182312e+002  4.921938e-006
 6.188500e+002  4.650089e-006
 6.194687e+002  4.963438e-006
 6.200875e+002  4.897529e-006
 6.207062e+002  4.564610e-006
 6.213250e+002  4.357524e-006
 6.219437e+002  4.794984e-006
 6.225625e+002  5.046435e-006
 6.231812e+002  4.951972e-006
 6.238000e+002  5.188195e-006
 6.244187e+002  5.011797e-006
 6.250375e+002  4.918222e-006
 6.256562e+002  5.299026e-006
 6.262750e+002  5.283450e-006
 6.268937e+002  4.811836e-006
 6.275125e+002  4.562655e-006
 6.281312e+002  4.896134e-006
 6.287500e+002  4.916599e-006
 6.293687e+002  6.292159e-006
 6.299875e+002  5.642870e-006
 6.306062e+002  5.291826e-006
 6.312250e+002  4.685241e-006
 6.318437e+002  5.138145e-006
 6.324625e+002  6.588646e-006
 6.330812e+002  6.725263e-006
 6.337000e+002  4.713890e-006
 6.343187e+002  4.896484e-006
 6.349375e+002  4.859727e-006
 6.355562e+002  5.733526e-006
 6.361750e+002  7.368023e-006
 6.367937e+002  6.095764e-006
 6.374125e+002  4.768343e-006
 6.380312e+002  4.561642e-006
 6.386500e+002  4.625808e-006
 6.392687e+002  7.361457e-006
 6.398875e+002  7.489354e-006
 6.405062e+002  5.363734e-006
 6.411250e+002  5.253144e-006
 6.417437e+002  5.344923e-006
 6.423625e+002  6.718518e-006
 6.429812e+002  8.820579e-006
 6.436000e+002  6.393172e-006
 6.442187e+002  4.992914e-006
 6.448375e+002  4.573612e-006
 6.454562e+002  4.594683e-006
 6.460750e+002  7.895809e-006
 6.466937e+002  7.232693e-006
 6.473125e+002  4.901785e-006
 6.479312e+002  5.213370e-006
 6.485500e+002  1.002184e-005
 6.491687e+002  1.080693e-004
 6.497875e+002  1.750513e-004
 6.504062e+002  7.628114e-005
 6.510250e+002  6.464120e-006
 6.516437e+002  4.755041e-006
 6.522625e+002  4.900679e-006
 6.528812e+002  8.756680e-006
 6.535000e+002  7.501037e-006
 6.541187e+002  4.964307e-006
 6.547375e+002  4.732806e-006
 6.553562e+002  4.642864e-006
 6.559750e+002  6.785902e-006
 6.565937e+002  8.876775e-006
 6.572125e+002  6.021422e-006
 6.578312e+002  5.003200e-006
 6.584500e+002  4.751330e-006
 6.590687e+002  5.685285e-006
 6.596875e+002  1.619467e-005
 6.603062e+002  2.591578e-005
 6.609250e+002  1.245449e-005
 6.615437e+002  4.897982e-006
 6.621625e+002  5.352034e-006
 6.627812e+002  6.367635e-006
 6.634000e+002  7.208658e-006
 6.640187e+002  5.308391e-006
 6.646375e+002  4.871583e-006
 6.652562e+002  4.800178e-006
 6.658750e+002  5.270718e-006
 6.664937e+002  6.310543e-006
 6.671125e+002  5.417694e-006
 6.677312e+002  4.565962e-006
 6.683500e+002  5.034190e-006
 6.689687e+002  5.620678e-006
 6.695875e+002  5.630807e-006
 6.702062e+002  5.329087e-006
 6.708250e+002  4.737747e-006
 6.714437e+002  4.937241e-006
 6.720625e+002  4.853451e-006
 6.726812e+002  4.707468e-006
 6.733000e+002  5.227589e-006
 6.739187e+002  5.182714e-006
 6.745375e+002  4.607473e-006
 6.751562e+002  4.789089e-006
 6.757750e+002  4.755280e-006
 6.763937e+002  4.627701e-006
 6.770125e+002  5.017494e-006
 6.776312e+002  4.892371e-006
 6.782500e+002  5.012046e-006
 6.788687e+002  5.363529e-006
 6.794875e+002  4.952559e-006
 6.801062e+002  5.097723e-006
 6.807250e+002  5.022343e-006
 6.813437e+002  4.951335e-006
 6.819625e+002  4.830514e-006
 6.825812e+002  4.738362e-006
 6.832000e+002  4.955832e-006
 6.838187e+002  4.774640e-006
 6.844375e+002  4.438706e-006
 6.850562e+002  4.650138e-006
 6.856750e+002  4.803238e-006
 6.862937e+002  5.284311e-006
 6.869125e+002  5.248173e-006
 6.875312e+002  4.758076e-006
 6.881500e+002  4.778353e-006
 6.887687e+002  4.370783e-006
 6.893875e+002  4.676984e-006
 6.900062e+002  4.966603e-006
 6.906250e+002  4.698118e-006
 6.912437e+002  4.614914e-006
 6.918625e+002  4.883426e-006
 6.924812e+002  4.948509e-006
 6.931000e+002  5.273316e-006
 6.937187e+002  4.978485e-006
 6.943375e+002  4.981735e-006
 6.949562e+002  4.773569e-006
 6.955750e+002  5.380459e-006
 6.961937e+002  5.243860e-006
 6.968125e+002  5.020839e-006
 6.974312e+002  4.901937e-006
 6.980500e+002  4.989331e-006
 6.986687e+002  1.535577e-005
 6.992875e+002  8.817821e-005
 6.999062e+002  1.064394e-004
 7.005250e+002  3.313483e-005
 7.011437e+002  5.315061e-006
 7.017625e+002  4.370530e-006
 7.023812e+002  4.838748e-006
 7.030000e+002  5.127234e-006
 7.036187e+002  4.666877e-006
 7.042375e+002  4.661695e-006
 7.048562e+002  5.006569e-006
 7.054750e+002  4.773895e-006
 7.060937e+002  4.976854e-006
 7.067125e+002  4.896821e-006
 7.073312e+002  4.682717e-006
 7.079500e+002  4.555205e-006
 7.085687e+002  4.695155e-006
 7.091875e+002  4.692972e-006
 7.098062e+002  5.155050e-006
 7.104250e+002  4.922806e-006
 7.110437e+002  4.605715e-006
 7.116625e+002  4.850835e-006
 7.122812e+002  5.157243e-006
 7.129000e+002  5.076743e-006
 7.135187e+002  4.530288e-006
 7.141375e+002  4.696004e-006
 7.147562e+002  4.636342e-006
 7.153750e+002  4.572259e-006
 7.159937e+002  4.407899e-006
 7.166125e+002  4.631384e-006
 7.172312e+002  4.790120e-006
 7.178500e+002  4.845088e-006
 7.184687e+002  4.556248e-006
 7.190875e+002  4.783807e-006
 7.197062e+002  1.401009e-005
 7.203250e+002  2.462008e-005
 7.209437e+002  1.218198e-005
 7.215625e+002  5.820665e-006
 7.221812e+002  5.750005e-006
 7.228000e+002  5.719349e-006
 7.234187e+002  5.762825e-006
 7.240375e+002  5.553970e-006
 7.246562e+002  4.905703e-006
 7.252750e+002  4.754549e-006
 7.258937e+002  5.324673e-006
 7.265125e+002  5.276216e-006
 7.271312e+002  4.920089e-006
 7.277500e+002  4.593983e-006
 7.283687e+002  4.506122e-006
 7.289875e+002  5.082830e-006
 7.296062e+002  5.718682e-006
 7.302250e+002  5.273258e-006
 7.308437e+002  5.103053e-006
 7.314625e+002  5.196833e-006
 7.320812e+002  4.930174e-006
 7.327000e+002  6.085399e-006
 7.333187e+002  5.609836e-006
 7.339375e+002  5.464153e-006
 7.345562e+002  4.979460e-006
 7.351750e+002  4.817943e-006
 7.357937e+002  6.205561e-006
 7.364125e+002  6.359680e-006
 7.370312e+002  5.259299e-006
 7.376500e+002  5.081262e-006
 7.382687e+002  5.077448e-006
 7.388875e+002  5.528753e-006
 7.395062e+002  6.797213e-006
 7.401250e+002  5.246317e-006
 7.407437e+002  4.832785e-006
 7.413625e+002  5.175691e-006
 7.419812e+002  5.204047e-006
 7.426000e+002  7.099480e-006
 7.432187e+002  6.756555e-006
 7.438375e+002  5.062302e-006
 7.444562e+002  4.978898e-006
 7.450750e+002  4.915218e-006
 7.456937e+002  5.775989e-006
 7.463125e+002  7.372345e-006
 7.469312e+002  5.087088e-006
 7.475500e+002  4.835983e-006
 7.481687e+002  6.171841e-006
 7.487875e+002  3.656813e-005
 7.494062e+002  1.333397e-004
 7.500250e+002  1.211805e-004
 7.506437e+002  2.580080e-005
 7.512625e+002  5.660656e-006
 7.518812e+002  5.447126e-006
 7.525000e+002  5.861358e-006
 7.531187e+002  6.726163e-006
 7.537375e+002  5.081091e-006
 7.543562e+002  5.204802e-006
 7.549750e+002  5.206464e-006
 7.555937e+002  5.224575e-006
 7.562125e+002  6.798749e-006
 7.568312e+002  6.568381e-006
 7.574500e+002  5.037187e-006
 7.580687e+002  4.470326e-006
 7.586875e+002  4.923680e-006
 7.593062e+002  6.136840e-006
 7.599250e+002  6.893035e-006
 7.605437e+002  5.202256e-006
 7.611625e+002  4.796982e-006
 7.617812e+002  4.945703e-006
 7.624000e+002  5.007010e-006
 7.630187e+002  6.222013e-006
 7.636375e+002  5.694745e-006
 7.642562e+002  4.552566e-006
 7.648750e+002  4.260892e-006
 7.654937e+002  4.457382e-006
 7.661125e+002  5.453240e-006
 7.667312e+002  5.943301e-006
 7.673500e+002  5.020453e-006
 7.679687e+002  4.687339e-006
 7.685875e+002  5.024148e-006
 7.692062e+002  5.127837e-006
 7.698250e+002  5.929331e-006
 7.704437e+002  5.679913e-006
 7.710625e+002  5.200968e-006
 7.716812e+002  4.983063e-006
 7.723000e+002  4.700471e-006
 7.729187e+002  4.871120e-006
 7.735375e+002  5.742090e-006
 7.741562e+002  5.351714e-006
 7.747750e+002  4.755447e-006
 7.753937e+002  4.781995e-006
 7.760125e+002  4.855560e-006
 7.766312e+002  5.465492e-006
 7.772500e+002  5.217783e-006
 7.778687e+002  4.852411e-006
 7.784875e+002  4.997948e-006
 7.791062e+002  4.758321e-006
 7.797250e+002  1.472294e-005
 7.803437e+002  2.589768e-005
 7.809625e+002  1.299560e-005
 7.815812e+002  4.503139e-006
 7.822000e+002  4.572092e-006
 7.828187e+002  5.221620e-006
 7.834375e+002  4.717029e-006
 7.840562e+002  5.027319e-006
 7.846750e+002  5.168715e-006
 7.852937e+002  5.245479e-006
 7.859125e+002  5.506696e-006
 7.865312e+002  5.741165e-006
 7.871500e+002  5.186871e-006
 7.877687e+002  5.014437e-006
 7.883875e+002  4.929423e-006
 7.890062e+002  5.257550e-006
 7.896250e+002  5.277981e-006
 7.902437e+002  4.487968e-006
 7.908625e+002  4.635725e-006
 7.914812e+002  4.946485e-006
 7.921000e+002  4.981684e-006
 7.927187e+002  5.243901e-006
 7.933375e+002  5.081096e-006
 7.939562e+002  4.909627e-006
 7.945750e+002  4.501677e-006
 7.951937e+002  4.692617e-006
 7.958125e+002  5.137367e-006
 7.964312e+002  5.442257e-006
 7.970500e+002  5.105604e-006
 7.976687e+002  5.216680e-006
 7.982875e+002  5.626767e-006
 7.989062e+002  3.315560e-005
 7.995250e+002  8.337967e-005
 8.001437e+002  5.698589e-005
 8.007625e+002  8.688993e-006
 8.013812e+002  4.714444e-006
 8.020000e+002  4.780862e-006
 8.026187e+002  5.436816e-006
 8.032375e+002  5.658151e-006
 8.038562e+002  4.950271e-006
 8.044750e+002  4.569916e-006
 8.050937e+002  4.398595e-006
 8.057125e+002  4.977480e-006
 8.063312e+002  5.808153e-006
 8.069500e+002  5.097692e-006
 8.075687e+002  4.642720e-006
 8.081875e+002  4.757647e-006
 8.088062e+002  5.068903e-006
 8.094250e+002  5.297570e-006
 8.100437e+002  5.259340e-006
 8.106625e+002  4.677709e-006
 8.112812e+002  5.204607e-006
 8.119000e+002  5.138302e-006
 8.125187e+002  4.995817e-006
 8.131375e+002  5.196359e-006
 8.137562e+002  5.014904e-006
 8.143750e+002  4.870434e-006
 8.149937e+002  4.809227e-006
 8.156125e+002  4.638756e-006
 8.162312e+002  4.571184e-006
 8.168500e+002  4.589733e-006
 8.174687e+002  4.826334e-006
 8.180875e+002  4.436604e-006
 8.187062e+002  4.805560e-006
 8.193250e+002  4.744530e-006
 8.199437e+002  4.941799e-006
 8.205625e+002  4.653270e-006
 8.211812e+002  4.902002e-006
 8.218000e+002  5.314943e-006
 8.224187e+002  5.105428e-006
 8.230375e+002  4.999368e-006
 8.236562e+002  5.073313e-006
 8.242750e+002  5.025125e-006
 8.248937e+002  5.135279e-006
 8.255125e+002  5.590019e-006
 8.261312e+002  5.625187e-006
 8.267500e+002  5.198345e-006
 8.273687e+002  4.826708e-006
 8.279875e+002  5.040353e-006
 8.286062e+002  5.361210e-006
 8.292250e+002  6.123612e-006
 8.298437e+002  5.531333e-006
 8.304625e+002  4.897297e-006
 8.310812e+002  4.548759e-006
 8.317000e+002  4.630585e-006
 8.323187e+002  5.742662e-006
 8.329375e+002  6.707914e-006
 8.335562e+002  5.344475e-006
 8.341750e+002  4.782228e-006
 8.347937e+002  5.035266e-006
 8.354125e+002  5.514426e-006
 8.360312e+002  7.064245e-006
 8.366500e+002  5.891557e-006
 8.372687e+002  4.879091e-006
 8.378875e+002  4.873850e-006
 8.385062e+002  5.194719e-006
 8.391250e+002  7.247172e-006
 8.397437e+002  1.467023e-005
 8.403625e+002  2.440253e-005
 8.409812e+002  1.214159e-005
 8.416000e+002  4.555671e-006
 8.422187e+002  5.698395e-006
 8.428375e+002  8.365010e-006
 8.434562e+002  6.375083e-006
 8.440750e+002  5.117781e-006
 8.446937e+002  5.147736e-006
 8.453125e+002  5.354449e-006
 8.459312e+002  8.675577e-006
 8.465500e+002  8.474993e-006
 8.471687e+002  4.914423e-006
 8.477875e+002  5.174992e-006
 8.484062e+002  7.564557e-006
 8.490250e+002  8.200668e-005
 8.496437e+002  1.477628e-004
 8.502625e+002  7.513930e-005
 8.508812e+002  7.715743e-006
 8.515000e+002  4.888370e-006
 8.521187e+002  5.074790e-006
 8.527375e+002  8.224147e-006
 8.533562e+002  7.646832e-006
 8.539750e+002  5.098454e-006
 8.545937e+002  4.561898e-006
 8.552125e+002  4.693639e-006
 8.558312e+002  6.537602e-006
 8.564500e+002  8.701693e-006
 8.570687e+002  6.265352e-006
 8.576875e+002  5.201540e-006
 8.583062e+002  4.945646e-006
 8.589250e+002  5.307312e-006
 8.595437e+002  7.540958e-006
 8.601625e+002  6.863482e-006
 8.607812e+002  4.526423e-006
 8.614000e+002  4.730809e-006
 8.620187e+002  5.054842e-006
 8.626375e+002  6.500493e-006
 8.632562e+002  8.010380e-006
 8.638750e+002  5.199351e-006
 8.644937e+002  4.634304e-006
 8.651125e+002  5.003547e-006
 8.657312e+002  5.176591e-006
 8.663500e+002  6.761145e-006
 8.669687e+002  6.681317e-006
 8.675875e+002  5.050915e-006
 8.682062e+002  4.555457e-006
 8.688250e+002  4.819491e-006
 8.694437e+002  5.645749e-006
 8.700625e+002  6.251480e-006
 8.706812e+002  5.265196e-006
 8.713000e+002  4.742376e-006
 8.719187e+002  4.879419e-006
 8.725375e+002  5.153732e-006
 8.731562e+002  6.192835e-006
 8.737750e+002  5.693598e-006
 8.743937e+002  5.074589e-006
 8.750125e+002  5.337958e-006
 8.756312e+002  5.309251e-006
 8.762500e+002  5.816437e-006
 8.768687e+002  5.835522e-006
 8.774875e+002  5.072139e-006
 8.781062e+002  4.805343e-006
 8.787250e+002  4.734525e-006
 8.793437e+002  4.386471e-006
 8.799625e+002  4.954715e-006
 8.805812e+002  5.690636e-006
 8.812000e+002  5.663145e-006
 8.818187e+002  5.568716e-006
 8.824375e+002  5.789156e-006
 8.830562e+002  5.681067e-006
 8.836750e+002  5.097440e-006
 8.842937e+002  5.113442e-006
 8.849125e+002  4.726629e-006
 8.855312e+002  4.658433e-006
 8.861500e+002  5.000270e-006
 8.867687e+002  4.533860e-006
 8.873875e+002  4.628350e-006
 8.880062e+002  4.663512e-006
 8.886250e+002  4.570946e-006
 8.892437e+002  4.636930e-006
 8.898625e+002  4.976546e-006
 8.904812e+002  5.241868e-006
 8.911000e+002  5.047709e-006
 8.917187e+002  4.703399e-006
 8.923375e+002  5.171431e-006
 8.929562e+002  5.291393e-006
 8.935750e+002  4.705830e-006
 8.941937e+002  4.414840e-006
 8.948125e+002  4.775190e-006
 8.954312e+002  5.283754e-006
 8.960500e+002  5.450714e-006
 8.966687e+002  5.356810e-006
 8.972875e+002  5.328774e-006
 8.979062e+002  5.126026e-006
 8.985250e+002  8.448442e-006
 8.991437e+002  4.747964e-005
 8.997625e+002  6.551656e-005
 9.003812e+002  3.585436e-005
 9.010000e+002  1.228157e-005
 9.016187e+002  4.603294e-006
 9.022375e+002  4.519810e-006
 9.028562e+002  5.115900e-006
 9.034750e+002  5.027678e-006
 9.040937e+002  4.957354e-006
 9.047125e+002  4.744064e-006
 9.053312e+002  5.211904e-006
 9.059500e+002  5.638348e-006
 9.065687e+002  5.441389e-006
 9.071875e+002  5.146604e-006
 9.078062e+002  4.869416e-006
 9.084250e+002  4.923578e-006
 9.090437e+002  4.736619e-006
 9.096625e+002  5.064543e-006
 9.102812e+002  5.125966e-006
 9.109000e+002  5.051410e-006
 9.115187e+002  4.938739e-006
 9.121375e+002  4.988504e-006
 9.127562e+002  5.149504e-006
 9.133750e+002  5.222494e-006
 9.139937e+002  5.001455e-006
 9.146125e+002  4.599744e-006
 9.152312e+002  4.394799e-006
 9.158500e+002  4.712901e-006
 9.164687e+002  5.369179e-006
 9.170875e+002  4.431394e-006
 9.177062e+002  4.853835e-006
 9.183250e+002  5.129275e-006
 9.189437e+002  5.531856e-006
 9.195625e+002  5.364711e-006
 9.201812e+002  5.055754e-006
 9.208000e+002  4.791871e-006
 9.214187e+002  4.679615e-006
 9.220375e+002  5.264547e-006
 9.226562e+002  5.395849e-006
 9.232750e+002  4.868882e-006
 9.238937e+002  4.976821e-006
 9.245125e+002  6.364022e-006
 9.251312e+002  7.804939e-006
 9.257500e+002  6.928106e-006
 9.263687e+002  5.558400e-006
 9.269875e+002  4.847014e-006
 9.276062e+002  4.761513e-006
 9.282250e+002  4.572875e-006
 9.288437e+002  5.543806e-006
 9.294625e+002  6.008377e-006
 9.300812e+002  5.137252e-006
 9.307000e+002  4.547078e-006
 9.313187e+002  4.737342e-006
 9.319375e+002  5.143704e-006
 9.325562e+002  6.782993e-006
 9.331750e+002  5.759220e-006
 9.337937e+002  4.780345e-006
 9.344125e+002  4.656383e-006
 9.350312e+002  4.816221e-006
 9.356500e+002  6.291258e-006
 9.362687e+002  6.883554e-006
 9.368875e+002  5.007255e-006
 9.375062e+002  5.015089e-006
 9.381250e+002  4.596163e-006
 9.387437e+002  5.131547e-006
 9.393625e+002  7.420876e-006
 9.399812e+002  6.329935e-006
 9.406000e+002  4.914243e-006
 9.412187e+002  4.925124e-006
 9.418375e+002  5.332780e-006
 9.424562e+002  6.894852e-006
 9.430750e+002  7.303286e-006
 9.436937e+002  5.304159e-006
 9.443125e+002  5.010781e-006
 9.449312e+002  5.064211e-006
 9.455500e+002  5.585878e-006
 9.461687e+002  7.498614e-006
 9.467875e+002  5.602884e-006
 9.474062e+002  4.551659e-006
 9.480250e+002  4.817972e-006
 9.486437e+002  1.097176e-005
 9.492625e+002  3.895576e-005
 9.498812e+002  3.885181e-005
 9.505000e+002  1.118074e-005
 9.511187e+002  5.023759e-006
 9.517375e+002  5.128074e-006
 9.523562e+002  6.230632e-006
 9.529750e+002  8.354427e-006
 9.535937e+002  6.164052e-006
 9.542125e+002  5.185339e-006
 9.548312e+002  4.900596e-006
 9.554500e+002  4.905418e-006
 9.560687e+002  7.209506e-006
 9.566875e+002  7.077445e-006
 9.573062e+002  5.294236e-006
 9.579250e+002  5.132314e-006
 9.585437e+002  5.115142e-006
 9.591625e+002  5.847186e-006
 9.597812e+002  1.498819e-005
 9.604000e+002  2.361083e-005
 9.610187e+002  1.168931e-005
 9.616375e+002  5.216319e-006
 9.622562e+002  5.203580e-006
 9.628750e+002  6.449663e-006
 9.634937e+002  6.373624e-006
 9.641125e+002  5.000437e-006
 9.647312e+002  4.429361e-006
 9.653500e+002  4.535916e-006
 9.659687e+002  5.403149e-006
 9.665875e+002  6.164569e-006
 9.672062e+002  5.856922e-006
 9.678250e+002  5.531492e-006
 9.684437e+002  5.294246e-006
 9.690625e+002  5.546562e-006
 9.696812e+002  6.228329e-006
 9.703000e+002  5.942398e-006
 9.709187e+002  4.678653e-006
 9.715375e+002  4.683867e-006
 9.721562e+002  5.435751e-006
 9.727750e+002  5.497815e-006
 9.733937e+002  5.452726e-006
 9.740125e+002  5.391863e-006
 9.746312e+002  4.822700e-006
 9.752500e+002  4.684267e-006
 9.758687e+002  4.852302e-006
 9.764875e+002  5.161241e-006
 9.771062e+002  5.123472e-006
 9.777250e+002  4.881190e-006
 9.783437e+002  4.437004e-006
 9.789625e+002  4.712248e-006
 9.795812e+002  4.993053e-006
 9.802000e+002  4.847249e-006
 9.808187e+002  4.940397e-006
 9.814375e+002  4.760584e-006
 9.820562e+002  4.555811e-006
 9.826750e+002  5.027124e-006
 9.832937e+002  4.902217e-006
 9.839125e+002  5.096922e-006
 9.845312e+002  5.050898e-006
 9.851500e+002  5.224526e-006
 9.857687e+002  5.470890e-006
 9.863875e+002  5.305157e-006
 9.870062e+002  4.720310e-006
 9.876250e+002  4.700192e-006
 9.882437e+002  4.624442e-006
 9.888625e+002  4.790062e-006
 9.894812e+002  5.253231e-006
 9.901000e+002  4.662668e-006
 9.907187e+002  4.695733e-006
 9.913375e+002  5.155550e-006
 9.919562e+002  5.286794e-006
 9.925750e+002  5.862913e-006
 9.931937e+002  5.394876e-006
 9.938125e+002  4.658390e-006
 9.944312e+002  4.917082e-006
 9.950500e+002  5.031178e-006
 9.956687e+002  5.320032e-006
 9.962875e+002  5.431878e-006
 9.969062e+002  4.640177e-006
 9.975250e+002  5.138625e-006
 9.981437e+002  5.372869e-006
 9.987625e+002  1.487435e-005
 9.993812e+002  3.662316e-005
 1.000000e+003  2.835088e-005
