 1.000000e+001  3.659083e-004
 1.061875e+001  3.536473e-004
 1.123750e+001  3.531802e-004
 1.185625e+001  4.022929e-004
 1.247500e+001  3.892154e-004
 1.309375e+001  3.398545e-004
 1.371250e+001  3.271795e-004
 1.433125e+001  3.077596e-004
 1.495000e+001  3.313954e-004
 1.556875e+001  3.761534e-004
 1.618750e+001  3.187787e-004
 1.680625e+001  3.061776e-004
 1.742500e+001  3.236286e-004
 1.804375e+001  3.185294e-004
 1.866250e+001  2.743882e-004
 1.928125e+001  2.626052e-004
 1.990000e+001  2.400378e-004
 2.051875e+001  2.331428e-004
 2.113750e+001  2.344584e-004
 2.175625e+001  2.080273e-004
 2.237500e+001  1.987488e-004
 2.299375e+001  2.104466e-004
 2.361250e+001  2.058137e-004
 2.423125e+001  2.064351e-004
 2.485000e+001  1.828932e-004
 2.546875e+001  1.821996e-004
 2.608750e+001  1.922260e-004
 2.670625e+001  1.905432e-004
 2.732500e+001  2.095545e-004
 2.794375e+001  2.345523e-004
 2.856250e+001  1.841688e-004
 2.918125e+001  1.865871e-004
 2.980000e+001  1.691327e-004
 3.041875e+001  1.715764e-004
 3.103750e+001  1.592048e-004
 3.165625e+001  1.448506e-004
 3.227500e+001  1.617679e-004
 3.289375e+001  1.431571e-004
 3.351250e+001  1.333867e-004
 3.413125e+001  1.198211e-004
 3.475000e+001  1.175089e-004
 3.536875e+001  1.506711e-004
 3.598750e+001  1.453306e-004
 3.660625e+001  1.127087e-004
 3.722500e+001  1.401995e-004
 3.784375e+001  1.174956e-004
 3.846250e+001  1.104547e-004
 3.908125e+001  1.084858e-004
 3.970000e+001  1.140433e-004
 4.031875e+001  1.042565e-004
 4.093750e+001  8.975703e-005
 4.155625e+001  9.641473e-005
 4.217500e+001  8.885683e-005
 4.279375e+001  8.579280e-005
 4.341250e+001  8.830704e-005
 4.403125e+001  9.986135e-005
 4.465000e+001  9.095510e-005
 4.526875e+001  8.874596e-005
 4.588750e+001  9.472990e-005
 4.650625e+001  8.758670e-005
 4.712500e+001  7.859582e-005
 4.774375e+001  8.454402e-005
 4.836250e+001  9.667563e-005
 4.898125e+001  2.550694e-004
 4.960000e+001  2.061921e-003
 5.021875e+001  2.645130e-003
 5.083750e+001  7.866985e-004
 5.145625e+001  1.018651e-004
 5.207500e+001  7.362115e-005
 5.269375e+001  7.032664e-005
 5.331250e+001  7.887009e-005
 5.393125e+001  7.926545e-005
 5.455000e+001  6.316635e-005
 5.516875e+001  6.287274e-005
 5.578750e+001  6.797268e-005
 5.640625e+001  6.253865e-005
 5.702500e+001  6.477285e-005
 5.764375e+001  6.340462e-005
 5.826250e+001  6.171755e-005
 5.888125e+001  5.803559e-005
 5.950000e+001  8.405782e-005
 6.011875e+001  1.121289e-004
 6.073750e+001  6.736487e-005
 6.135625e+001  5.855339e-005
 6.197500e+001  5.631815e-005
 6.259375e+001  5.336890e-005
 6.321250e+001  5.829942e-005
 6.383125e+001  6.145312e-005
 6.445000e+001  5.502821e-005
 6.506875e+001  4.855399e-005
 6.568750e+001  4.693199e-005
 6.630625e+001  4.789014e-005
 6.692500e+001  5.365219e-005
 6.754375e+001  5.916173e-005
 6.816250e+001  5.756080e-005
 6.878125e+001  5.645651e-005
 6.940000e+001  5.621617e-005
 7.001875e+001  5.349572e-005
 7.063750e+001  5.192811e-005
 7.125625e+001  5.283072e-005
 7.187500e+001  5.126921e-005
 7.249375e+001  5.147188e-005
 7.311250e+001  4.945190e-005
 7.373125e+001  5.089518e-005
 7.435000e+001  4.841171e-005
 7.496875e+001  4.199915e-005
 7.558750e+001  4.711371e-005
 7.620625e+001  5.061265e-005
 7.682500e+001  4.921786e-005
 7.744375e+001  4.775401e-005
 7.806250e+001  4.686088e-005
 7.868125e+001  4.448031e-005
 7.930000e+001  4.851532e-005
 7.991875e+001  5.633978e-005
 8.053750e+001  5.043458e-005
 8.115625e+001  4.345106e-005
 8.177500e+001  4.122480e-005
 8.239375e+001  4.437491e-005
 8.301250e+001  4.291196e-005
 8.363125e+001  4.059557e-005
 8.425000e+001  4.009708e-005
 8.486875e+001  4.419097e-005
 8.548750e+001  4.667520e-005
 8.610625e+001  4.547540e-005
 8.672500e+001  4.197440e-005
 8.734375e+001  4.301141e-005
 8.796250e+001  4.220869e-005
 8.858125e+001  4.148150e-005
 8.920000e+001  5.130311e-005
 8.981875e+001  4.533636e-005
 9.043750e+001  4.273007e-005
 9.105625e+001  4.212076e-005
 9.167500e+001  4.105390e-005
 9.229375e+001  4.283341e-005
 9.291250e+001  4.089762e-005
 9.353125e+001  3.836026e-005
 9.415000e+001  3.882178e-005
 9.476875e+001  3.851393e-005
 9.538750e+001  3.650291e-005
 9.600625e+001  3.723536e-005
 9.662500e+001  3.981575e-005
 9.724375e+001  4.405223e-005
 9.786250e+001  4.176415e-005
 9.848125e+001  3.985454e-005
 9.910000e+001  3.928483e-005
 9.971875e+001  9.607693e-005
 1.003375e+002  1.014690e-004
 1.009563e+002  4.632528e-005
 1.015750e+002  4.094596e-005
 1.021938e+002  3.941964e-005
 1.028125e+002  4.245672e-005
 1.034313e+002  4.021778e-005
 1.040500e+002  4.131988e-005
 1.046688e+002  3.930736e-005
 1.052875e+002  3.824727e-005
 1.059063e+002  3.892407e-005
 1.065250e+002  4.114137e-005
 1.071438e+002  4.097697e-005
 1.077625e+002  4.410492e-005
 1.083813e+002  4.320979e-005
 1.090000e+002  4.064643e-005
 1.096188e+002  4.319126e-005
 1.102375e+002  4.054647e-005
 1.108563e+002  3.859500e-005
 1.114750e+002  3.757108e-005
 1.120938e+002  3.793588e-005
 1.127125e+002  3.868035e-005
 1.133313e+002  3.892894e-005
 1.139500e+002  3.793918e-005
 1.145688e+002  4.013569e-005
 1.151875e+002  3.827593e-005
 1.158063e+002  3.641091e-005
 1.164250e+002  3.545803e-005
 1.170438e+002  3.681478e-005
 1.176625e+002  3.895016e-005
 1.182813e+002  3.868336e-005
 1.189000e+002  3.691067e-005
 1.195188e+002  4.346599e-005
 1.201375e+002  5.250516e-005
 1.207563e+002  3.900075e-005
 1.213750e+002  3.996144e-005
 1.219938e+002  3.538535e-005
 1.226125e+002  3.916790e-005
 1.232313e+002  4.121188e-005
 1.238500e+002  3.603584e-005
 1.244688e+002  3.980672e-005
 1.250875e+002  4.413354e-005
 1.257063e+002  3.892373e-005
 1.263250e+002  3.774100e-005
 1.269438e+002  3.850552e-005
 1.275625e+002  4.020523e-005
 1.281813e+002  3.834895e-005
 1.288000e+002  3.608731e-005
 1.294188e+002  4.169641e-005
 1.300375e+002  4.118832e-005
 1.306563e+002  3.672879e-005
 1.312750e+002  3.520798e-005
 1.318938e+002  3.654317e-005
 1.325125e+002  3.915621e-005
 1.331313e+002  3.778996e-005
 1.337500e+002  3.428802e-005
 1.343688e+002  3.568506e-005
 1.349875e+002  3.942060e-005
 1.356063e+002  3.939159e-005
 1.362250e+002  3.936936e-005
 1.368438e+002  3.886428e-005
 1.374625e+002  3.426501e-005
 1.380813e+002  3.475899e-005
 1.387000e+002  3.548551e-005
 1.393188e+002  3.518370e-005
 1.399375e+002  3.514040e-005
 1.405563e+002  3.425374e-005
 1.411750e+002  3.506897e-005
 1.417938e+002  3.731634e-005
 1.424125e+002  3.800806e-005
 1.430313e+002  3.635812e-005
 1.436500e+002  3.677263e-005
 1.442688e+002  3.731223e-005
 1.448875e+002  3.581529e-005
 1.455063e+002  3.628983e-005
 1.461250e+002  3.945982e-005
 1.467438e+002  4.081986e-005
 1.473625e+002  3.796143e-005
 1.479813e+002  3.462902e-005
 1.486000e+002  4.665287e-005
 1.492188e+002  2.586790e-004
 1.498375e+002  9.971406e-004
 1.504563e+002  8.556722e-004
 1.510750e+002  1.288319e-004
 1.516938e+002  4.406389e-005
 1.523125e+002  3.596051e-005
 1.529313e+002  3.550429e-005
 1.535500e+002  3.546026e-005
 1.541688e+002  4.082632e-005
 1.547875e+002  3.957875e-005
 1.554063e+002  3.689009e-005
 1.560250e+002  3.493065e-005
 1.566438e+002  3.455399e-005
 1.572625e+002  3.253518e-005
 1.578813e+002  3.663492e-005
 1.585000e+002  3.788560e-005
 1.591188e+002  3.760995e-005
 1.597375e+002  3.809094e-005
 1.603563e+002  3.547410e-005
 1.609750e+002  3.563546e-005
 1.615938e+002  3.740457e-005
 1.622125e+002  3.793300e-005
 1.628313e+002  3.663627e-005
 1.634500e+002  3.558625e-005
 1.640688e+002  3.719963e-005
 1.646875e+002  3.569875e-005
 1.653063e+002  3.335942e-005
 1.659250e+002  4.164264e-005
 1.665438e+002  4.249115e-005
 1.671625e+002  3.860166e-005
 1.677813e+002  3.794646e-005
 1.684000e+002  3.374135e-005
 1.690188e+002  3.433761e-005
 1.696375e+002  3.570926e-005
 1.702563e+002  3.634540e-005
 1.708750e+002  3.779565e-005
 1.714938e+002  3.501871e-005
 1.721125e+002  3.569361e-005
 1.727313e+002  3.426132e-005
 1.733500e+002  3.559932e-005
 1.739688e+002  3.781655e-005
 1.745875e+002  3.595694e-005
 1.752063e+002  3.578618e-005
 1.758250e+002  3.687777e-005
 1.764438e+002  3.815438e-005
 1.770625e+002  3.678130e-005
 1.776813e+002  3.507856e-005
 1.783000e+002  3.375847e-005
 1.789188e+002  3.519218e-005
 1.795375e+002  3.969527e-005
 1.801563e+002  4.350910e-005
 1.807750e+002  3.810792e-005
 1.813938e+002  3.441919e-005
 1.820125e+002  3.694627e-005
 1.826313e+002  3.657781e-005
 1.832500e+002  3.384334e-005
 1.838688e+002  3.584282e-005
 1.844875e+002  4.306581e-005
 1.851063e+002  3.681290e-005
 1.857250e+002  3.691764e-005
 1.863438e+002  3.889434e-005
 1.869625e+002  3.452170e-005
 1.875813e+002  3.219938e-005
 1.882000e+002  3.434892e-005
 1.888188e+002  3.447134e-005
 1.894375e+002  3.586753e-005
 1.900563e+002  3.736472e-005
 1.906750e+002  3.564163e-005
 1.912938e+002  3.503154e-005
 1.919125e+002  3.456450e-005
 1.925313e+002  3.697297e-005
 1.931500e+002  3.508925e-005
 1.937688e+002  3.479100e-005
 1.943875e+002  3.595940e-005
 1.950063e+002  3.674594e-005
 1.956250e+002  3.838448e-005
 1.962438e+002  3.741186e-005
 1.968625e+002  3.417844e-005
 1.974813e+002  3.408233e-005
 1.981000e+002  3.536820e-005
 1.987188e+002  3.325919e-005
 1.993375e+002  6.032652e-005
 1.999563e+002  1.409476e-004
 2.005750e+002  9.943725e-005
 2.011938e+002  3.811702e-005
 2.018125e+002  3.535673e-005
 2.024313e+002  3.307292e-005
 2.030500e+002  3.351982e-005
 2.036688e+002  3.292656e-005
 2.042875e+002  3.635478e-005
 2.049063e+002  3.476227e-005
 2.055250e+002  3.532512e-005
 2.061438e+002  3.687818e-005
 2.067625e+002  3.551920e-005
 2.073813e+002  3.438515e-005
 2.080000e+002  3.407868e-005
 2.086188e+002  3.839319e-005
 2.092375e+002  4.113828e-005
 2.098563e+002  3.955756e-005
 2.104750e+002  3.379184e-005
 2.110938e+002  3.697633e-005
 2.117125e+002  3.610658e-005
 2.123313e+002  3.290174e-005
 2.129500e+002  3.590693e-005
 2.135688e+002  3.562145e-005
 2.141875e+002  3.641497e-005
 2.148063e+002  3.506499e-005
 2.154250e+002  3.582713e-005
 2.160438e+002  3.546040e-005
 2.166625e+002  3.622219e-005
 2.172813e+002  3.414683e-005
 2.179000e+002  3.279019e-005
 2.185188e+002  3.391372e-005
 2.191375e+002  3.461597e-005
 2.197563e+002  3.504950e-005
 2.203750e+002  3.309912e-005
 2.209938e+002  3.373651e-005
 2.216125e+002  3.531020e-005
 2.222313e+002  3.611005e-005
 2.228500e+002  3.660623e-005
 2.234688e+002  3.651086e-005
 2.240875e+002  3.587564e-005
 2.247063e+002  3.554540e-005
 2.253250e+002  3.234428e-005
 2.259438e+002  3.545854e-005
 2.265625e+002  3.743681e-005
 2.271813e+002  3.563820e-005
 2.278000e+002  3.458341e-005
 2.284188e+002  3.520603e-005
 2.290375e+002  3.547844e-005
 2.296563e+002  3.644020e-005
 2.302750e+002  3.293007e-005
 2.308938e+002  3.567885e-005
 2.315125e+002  3.395048e-005
 2.321313e+002  3.345081e-005
 2.327500e+002  3.509663e-005
 2.333688e+002  3.383457e-005
 2.339875e+002  3.464164e-005
 2.346063e+002  3.529061e-005
 2.352250e+002  3.367698e-005
 2.358438e+002  3.265440e-005
 2.364625e+002  3.172675e-005
 2.370813e+002  3.532504e-005
 2.377000e+002  3.625379e-005
 2.383188e+002  3.449651e-005
 2.389375e+002  3.858491e-005
 2.395563e+002  3.744902e-005
 2.401750e+002  3.781154e-005
 2.407938e+002  3.578981e-005
 2.414125e+002  3.748234e-005
 2.420313e+002  3.850701e-005
 2.426500e+002  3.461270e-005
 2.432688e+002  3.316619e-005
 2.438875e+002  3.710471e-005
 2.445063e+002  3.769238e-005
 2.451250e+002  3.645631e-005
 2.457438e+002  3.637622e-005
 2.463625e+002  3.596600e-005
 2.469813e+002  3.318683e-005
 2.476000e+002  3.308356e-005
 2.482188e+002  3.557552e-005
 2.488375e+002  3.769516e-005
 2.494563e+002  9.446008e-005
 2.500750e+002  2.036393e-004
 2.506938e+002  1.238697e-004
 2.513125e+002  3.640169e-005
 2.519313e+002  3.736716e-005
 2.525500e+002  3.653533e-005
 2.531688e+002  3.538451e-005
 2.537875e+002  3.676763e-005
 2.544063e+002  3.593605e-005
 2.550250e+002  4.092950e-005
 2.556438e+002  4.018532e-005
 2.562625e+002  3.525114e-005
 2.568813e+002  3.516104e-005
 2.575000e+002  3.560910e-005
 2.581188e+002  3.662803e-005
 2.587375e+002  3.225947e-005
 2.593563e+002  3.478124e-005
 2.599750e+002  3.503802e-005
 2.605938e+002  3.508363e-005
 2.612125e+002  3.596565e-005
 2.618313e+002  3.484984e-005
 2.624500e+002  3.715270e-005
 2.630688e+002  4.105656e-005
 2.636875e+002  3.640098e-005
 2.643063e+002  3.359135e-005
 2.649250e+002  3.572659e-005
 2.655438e+002  3.551841e-005
 2.661625e+002  3.491485e-005
 2.667813e+002  3.735830e-005
 2.674000e+002  3.596275e-005
 2.680188e+002  3.366091e-005
 2.686375e+002  3.584165e-005
 2.692563e+002  3.611920e-005
 2.698750e+002  3.394509e-005
 2.704938e+002  3.330344e-005
 2.711125e+002  3.381479e-005
 2.717313e+002  3.611546e-005
 2.723500e+002  3.604136e-005
 2.729688e+002  3.771696e-005
 2.735875e+002  3.594764e-005
 2.742063e+002  3.426057e-005
 2.748250e+002  3.268620e-005
 2.754438e+002  3.442021e-005
 2.760625e+002  3.480822e-005
 2.766813e+002  3.349124e-005
 2.773000e+002  3.451602e-005
 2.779188e+002  3.619100e-005
 2.785375e+002  3.400689e-005
 2.791563e+002  3.494350e-005
 2.797750e+002  3.555559e-005
 2.803938e+002  2.987972e-005
 2.810125e+002  3.394958e-005
 2.816313e+002  3.710249e-005
 2.822500e+002  3.587399e-005
 2.828688e+002  3.377090e-005
 2.834875e+002  3.494298e-005
 2.841063e+002  3.277223e-005
 2.847250e+002  3.301232e-005
 2.853438e+002  3.294380e-005
 2.859625e+002  3.674619e-005
 2.865813e+002  3.803584e-005
 2.872000e+002  3.749620e-005
 2.878188e+002  3.528110e-005
 2.884375e+002  3.298723e-005
 2.890563e+002  3.311287e-005
 2.896750e+002  3.359525e-005
 2.902938e+002  3.509894e-005
 2.909125e+002  3.598844e-005
 2.915313e+002  3.596003e-005
 2.921500e+002  3.551240e-005
 2.927688e+002  3.778074e-005
 2.933875e+002  3.806132e-005
 2.940063e+002  3.422552e-005
 2.946250e+002  3.376711e-005
 2.952438e+002  3.614802e-005
 2.958625e+002  3.314767e-005
 2.964813e+002  3.306097e-005
 2.971000e+002  3.642360e-005
 2.977188e+002  3.553313e-005
 2.983375e+002  3.335677e-005
 2.989563e+002  3.292005e-005
 2.995750e+002  4.120698e-005
 3.001938e+002  5.618111e-005
 3.008125e+002  4.275877e-005
 3.014313e+002  3.623870e-005
 3.020500e+002  3.962858e-005
 3.026688e+002  3.743881e-004
 3.032875e+002  5.746009e-004
 3.039063e+002  2.218537e-004
 3.045250e+002  3.994395e-005
 3.051438e+002  3.900948e-005
 3.057625e+002  3.820168e-005
 3.063813e+002  3.669094e-005
 3.070000e+002  3.407094e-005
 3.076188e+002  3.374265e-005
 3.082375e+002  3.284932e-005
 3.088563e+002  3.176393e-005
 3.094750e+002  3.322216e-005
 3.100938e+002  3.767613e-005
 3.107125e+002  3.615922e-005
 3.113313e+002  3.349158e-005
 3.119500e+002  3.320763e-005
 3.125688e+002  3.531936e-005
 3.131875e+002  3.703885e-005
 3.138063e+002  3.541319e-005
 3.144250e+002  3.583343e-005
 3.150437e+002  3.456580e-005
 3.156625e+002  3.417592e-005
 3.162812e+002  3.431416e-005
 3.169000e+002  3.587721e-005
 3.175187e+002  3.646228e-005
 3.181375e+002  3.605414e-005
 3.187562e+002  3.639462e-005
 3.193750e+002  3.681990e-005
 3.199937e+002  3.297905e-005
 3.206125e+002  3.583400e-005
 3.212312e+002  3.656662e-005
 3.218500e+002  3.629409e-005
 3.224687e+002  3.580013e-005
 3.230875e+002  3.606740e-005
 3.237062e+002  3.368944e-005
 3.243250e+002  3.366584e-005
 3.249437e+002  3.505314e-005
 3.255625e+002  3.484985e-005
 3.261812e+002  3.212940e-005
 3.268000e+002  3.557207e-005
 3.274187e+002  3.593105e-005
 3.280375e+002  3.369333e-005
 3.286562e+002  3.377690e-005
 3.292750e+002  3.460981e-005
 3.298937e+002  3.486336e-005
 3.305125e+002  3.264467e-005
 3.311312e+002  3.355481e-005
 3.317500e+002  3.602159e-005
 3.323687e+002  3.589355e-005
 3.329875e+002  3.632598e-005
 3.336062e+002  3.919363e-005
 3.342250e+002  3.485680e-005
 3.348437e+002  3.226718e-005
 3.354625e+002  3.119694e-005
 3.360812e+002  3.378814e-005
 3.367000e+002  3.359839e-005
 3.373187e+002  3.442715e-005
 3.379375e+002  3.387776e-005
 3.385562e+002  3.298632e-005
 3.391750e+002  3.472668e-005
 3.397937e+002  3.561691e-005
 3.404125e+002  3.518568e-005
 3.410312e+002  3.629592e-005
 3.416500e+002  3.599093e-005
 3.422687e+002  3.794866e-005
 3.428875e+002  3.503041e-005
 3.435062e+002  3.204338e-005
 3.441250e+002  3.301742e-005
 3.447437e+002  3.435088e-005
 3.453625e+002  3.553478e-005
 3.459812e+002  3.334780e-005
 3.466000e+002  3.321575e-005
 3.472187e+002  3.566144e-005
 3.478375e+002  3.761083e-005
 3.484562e+002  3.503290e-005
 3.490750e+002  4.258765e-005
 3.496937e+002  2.503278e-004
 3.503125e+002  3.655429e-004
 3.509312e+002  1.361909e-004
 3.515500e+002  3.507080e-005
 3.521687e+002  3.519637e-005
 3.527875e+002  3.360921e-005
 3.534062e+002  3.184908e-005
 3.540250e+002  3.216204e-005
 3.546437e+002  3.318816e-005
 3.552625e+002  3.428222e-005
 3.558812e+002  3.534649e-005
 3.565000e+002  3.647100e-005
 3.571187e+002  3.543850e-005
 3.577375e+002  3.715933e-005
 3.583562e+002  3.489738e-005
 3.589750e+002  3.405662e-005
 3.595937e+002  3.333786e-005
 3.602125e+002  3.664869e-005
 3.608312e+002  3.673205e-005
 3.614500e+002  3.807108e-005
 3.620687e+002  3.559888e-005
 3.626875e+002  3.213132e-005
 3.633062e+002  3.346185e-005
 3.639250e+002  3.356657e-005
 3.645437e+002  3.290009e-005
 3.651625e+002  3.519693e-005
 3.657812e+002  3.456163e-005
 3.664000e+002  3.451724e-005
 3.670187e+002  3.777379e-005
 3.676375e+002  3.487756e-005
 3.682562e+002  3.390207e-005
 3.688750e+002  3.699954e-005
 3.694937e+002  3.509095e-005
 3.701125e+002  3.409627e-005
 3.707312e+002  3.532289e-005
 3.713500e+002  3.645874e-005
 3.719687e+002  3.693667e-005
 3.725875e+002  3.715995e-005
 3.732062e+002  3.793231e-005
 3.738250e+002  3.497007e-005
 3.744437e+002  3.478743e-005
 3.750625e+002  3.665642e-005
 3.756812e+002  3.790270e-005
 3.763000e+002  3.678885e-005
 3.769187e+002  3.531822e-005
 3.775375e+002  3.419222e-005
 3.781562e+002  3.509221e-005
 3.787750e+002  3.414850e-005
 3.793937e+002  3.160301e-005
 3.800125e+002  3.187209e-005
 3.806312e+002  3.390442e-005
 3.812500e+002  3.393934e-005
 3.818687e+002  3.363156e-005
 3.824875e+002  3.471195e-005
 3.831062e+002  3.583837e-005
 3.837250e+002  3.775948e-005
 3.843437e+002  3.590119e-005
 3.849625e+002  3.496481e-005
 3.855812e+002  3.631355e-005
 3.862000e+002  3.444305e-005
 3.868187e+002  3.388050e-005
 3.874375e+002  3.679348e-005
 3.880562e+002  3.688538e-005
 3.886750e+002  3.545671e-005
 3.892937e+002  3.410496e-005
 3.899125e+002  3.570240e-005
 3.905312e+002  3.354257e-005
 3.911500e+002  3.562922e-005
 3.917687e+002  3.633163e-005
 3.923875e+002  3.501099e-005
 3.930062e+002  3.282420e-005
 3.936250e+002  3.370575e-005
 3.942437e+002  3.166861e-005
 3.948625e+002  3.404259e-005
 3.954812e+002  3.543611e-005
 3.961000e+002  3.419814e-005
 3.967187e+002  3.474941e-005
 3.973375e+002  3.500811e-005
 3.979562e+002  3.333501e-005
 3.985750e+002  3.241328e-005
 3.991937e+002  3.613811e-005
 3.998125e+002  5.781494e-005
 4.004312e+002  6.561026e-005
 4.010500e+002  3.707451e-005
 4.016687e+002  3.374334e-005
 4.022875e+002  3.503529e-005
 4.029062e+002  3.422101e-005
 4.035250e+002  3.428802e-005
 4.041437e+002  3.789992e-005
 4.047625e+002  3.694671e-005
 4.053812e+002  3.145007e-005
 4.060000e+002  3.240226e-005
 4.066187e+002  3.458562e-005
 4.072375e+002  3.581253e-005
 4.078562e+002  3.572189e-005
 4.084750e+002  3.533771e-005
 4.090937e+002  3.108656e-005
 4.097125e+002  3.056497e-005
 4.103312e+002  3.250501e-005
 4.109500e+002  3.653689e-005
 4.115687e+002  3.415062e-005
 4.121875e+002  3.164392e-005
 4.128062e+002  3.336640e-005
 4.134250e+002  3.396162e-005
 4.140437e+002  3.550209e-005
 4.146625e+002  3.493864e-005
 4.152812e+002  3.383159e-005
 4.159000e+002  3.375429e-005
 4.165187e+002  3.426437e-005
 4.171375e+002  3.566735e-005
 4.177562e+002  3.539559e-005
 4.183750e+002  3.576130e-005
 4.189937e+002  3.551893e-005
 4.196125e+002  3.260855e-005
 4.202312e+002  3.270921e-005
 4.208500e+002  3.528465e-005
 4.214687e+002  3.774516e-005
 4.220875e+002  3.399309e-005
 4.227062e+002  3.442565e-005
 4.233250e+002  3.284229e-005
 4.239437e+002  3.258705e-005
 4.245625e+002  3.507303e-005
 4.251812e+002  3.468962e-005
 4.258000e+002  3.447424e-005
 4.264187e+002  3.707314e-005
 4.270375e+002  3.632790e-005
 4.276562e+002  3.435037e-005
 4.282750e+002  3.317818e-005
 4.288937e+002  3.365279e-005
 4.295125e+002  3.452213e-005
 4.301312e+002  3.509085e-005
 4.307500e+002  3.577743e-005
 4.313687e+002  3.476280e-005
 4.319875e+002  3.712917e-005
 4.326062e+002  3.529320e-005
 4.332250e+002  3.195580e-005
 4.338437e+002  3.528352e-005
 4.344625e+002  3.553158e-005
 4.350812e+002  3.338190e-005
 4.357000e+002  3.453151e-005
 4.363187e+002  3.200177e-005
 4.369375e+002  3.186940e-005
 4.375562e+002  3.155873e-005
 4.381750e+002  3.285773e-005
 4.387937e+002  3.704750e-005
 4.394125e+002  3.915975e-005
 4.400312e+002  3.717540e-005
 4.406500e+002  3.597187e-005
 4.412687e+002  3.508130e-005
 4.418875e+002  3.384511e-005
 4.425062e+002  3.550270e-005
 4.431250e+002  3.373049e-005
 4.437437e+002  3.590534e-005
 4.443625e+002  3.631071e-005
 4.449812e+002  3.395669e-005
 4.456000e+002  3.121528e-005
 4.462187e+002  3.305484e-005
 4.468375e+002  3.343174e-005
 4.474562e+002  3.382652e-005
 4.480750e+002  3.597162e-005
 4.486937e+002  3.779410e-005
 4.493125e+002  7.261005e-005
 4.499312e+002  2.904111e-004
 4.505500e+002  2.833498e-004
 4.511687e+002  6.648805e-005
 4.517875e+002  3.417597e-005
 4.524062e+002  3.494377e-005
 4.530250e+002  3.319741e-005
 4.536437e+002  3.532599e-005
 4.542625e+002  3.584606e-005
 4.548812e+002  3.504512e-005
 4.555000e+002  3.508522e-005
 4.561187e+002  3.236144e-005
 4.567375e+002  3.427554e-005
 4.573562e+002  3.340881e-005
 4.579750e+002  3.345872e-005
 4.585937e+002  3.477596e-005
 4.592125e+002  3.405537e-005
 4.598312e+002  3.192463e-005
 4.604500e+002  3.308570e-005
 4.610687e+002  3.568662e-005
 4.616875e+002  3.545275e-005
 4.623062e+002  3.338750e-005
 4.629250e+002  3.317434e-005
 4.635437e+002  3.313476e-005
 4.641625e+002  3.627779e-005
 4.647812e+002  3.834344e-005
 4.654000e+002  3.637561e-005
 4.660187e+002  3.493824e-005
 4.666375e+002  3.554132e-005
 4.672562e+002  3.460049e-005
 4.678750e+002  3.477967e-005
 4.684937e+002  3.457554e-005
 4.691125e+002  3.675565e-005
 4.697312e+002  3.520849e-005
 4.703500e+002  3.208717e-005
 4.709687e+002  3.162437e-005
 4.715875e+002  3.743897e-005
 4.722062e+002  4.125959e-005
 4.728250e+002  3.896118e-005
 4.734437e+002  3.408068e-005
 4.740625e+002  3.568085e-005
 4.746812e+002  3.869133e-005
 4.753000e+002  3.755132e-005
 4.759187e+002  3.484734e-005
 4.765375e+002  3.759945e-005
 4.771562e+002  3.595326e-005
 4.777750e+002  3.267354e-005
 4.783937e+002  3.657671e-005
 4.790125e+002  3.781574e-005
 4.796312e+002  3.616103e-005
 4.802500e+002  3.734059e-005
 4.808687e+002  3.619627e-005
 4.814875e+002  3.459928e-005
 4.821062e+002  3.450575e-005
 4.827250e+002  3.391927e-005
 4.833437e+002  3.542040e-005
 4.839625e+002  3.806152e-005
 4.845812e+002  3.305612e-005
 4.852000e+002  3.075287e-005
 4.858187e+002  3.420458e-005
 4.864375e+002  3.581719e-005
 4.870562e+002  3.510838e-005
 4.876750e+002  3.471720e-005
 4.882937e+002  3.580015e-005
 4.889125e+002  3.588794e-005
 4.895312e+002  3.480142e-005
 4.901500e+002  3.478054e-005
 4.907687e+002  3.578758e-005
 4.913875e+002  3.703880e-005
 4.920062e+002  3.711715e-005
 4.926250e+002  3.233925e-005
 4.932437e+002  3.418761e-005
 4.938625e+002  3.563743e-005
 4.944812e+002  3.544868e-005
 4.951000e+002  3.330754e-005
 4.957187e+002  3.576361e-005
 4.963375e+002  3.447501e-005
 4.969562e+002  3.349258e-005
 4.975750e+002  3.565081e-005
 4.981937e+002  3.577694e-005
 4.988125e+002  3.437332e-005
 4.994312e+002  3.765125e-005
 5.000500e+002  4.971522e-005
 5.006687e+002  4.346617e-005
 5.012875e+002  3.585609e-005
 5.019062e+002  3.712468e-005
 5.025250e+002  3.383593e-005
 5.031437e+002  3.346498e-005
 5.037625e+002  3.512636e-005
 5.043812e+002  3.330381e-005
 5.050000e+002  3.518132e-005
 5.056187e+002  3.427162e-005
 5.062375e+002  3.588688e-005
 5.068562e+002  3.769900e-005
 5.074750e+002  3.696218e-005
 5.080937e+002  3.740155e-005
 5.087125e+002  4.064833e-005
 5.093312e+002  3.846540e-005
 5.099500e+002  3.629852e-005
 5.105687e+002  3.619257e-005
 5.111875e+002  3.555752e-005
 5.118062e+002  3.644033e-005
 5.124250e+002  3.726189e-005
 5.130437e+002  3.579441e-005
 5.136625e+002  3.601771e-005
 5.142812e+002  3.829132e-005
 5.149000e+002  3.467533e-005
 5.155187e+002  3.233158e-005
 5.161375e+002  3.381018e-005
 5.167562e+002  3.280344e-005
 5.173750e+002  3.434752e-005
 5.179937e+002  3.600621e-005
 5.186125e+002  3.618006e-005
 5.192312e+002  3.463990e-005
 5.198500e+002  3.364605e-005
 5.204687e+002  3.648042e-005
 5.210875e+002  3.518017e-005
 5.217062e+002  3.444658e-005
 5.223250e+002  3.283085e-005
 5.229437e+002  3.085175e-005
 5.235625e+002  3.341214e-005
 5.241812e+002  3.822282e-005
 5.248000e+002  3.988346e-005
 5.254187e+002  3.781375e-005
 5.260375e+002  3.763659e-005
 5.266562e+002  3.366303e-005
 5.272750e+002  3.476477e-005
 5.278937e+002  3.471743e-005
 5.285125e+002  3.462136e-005
 5.291312e+002  3.557854e-005
 5.297500e+002  3.367121e-005
 5.303687e+002  3.424610e-005
 5.309875e+002  3.652333e-005
 5.316062e+002  3.539272e-005
 5.322250e+002  3.492098e-005
 5.328437e+002  3.569547e-005
 5.334625e+002  3.499434e-005
 5.340812e+002  3.626817e-005
 5.347000e+002  3.577617e-005
 5.353187e+002  3.576831e-005
 5.359375e+002  3.666721e-005
 5.365562e+002  3.460961e-005
 5.371750e+002  3.243929e-005
 5.377937e+002  3.296359e-005
 5.384125e+002  3.418001e-005
 5.390312e+002  3.441227e-005
 5.396500e+002  3.335415e-005
 5.402687e+002  3.263884e-005
 5.408875e+002  3.192625e-005
 5.415062e+002  3.357316e-005
 5.421250e+002  3.471733e-005
 5.427437e+002  3.480704e-005
 5.433625e+002  3.521606e-005
 5.439812e+002  3.277831e-005
 5.446000e+002  3.354805e-005
 5.452187e+002  3.398818e-005
 5.458375e+002  3.504228e-005
 5.464562e+002  3.399018e-005
 5.470750e+002  3.236618e-005
 5.476937e+002  3.361153e-005
 5.483125e+002  3.302399e-005
 5.489312e+002  3.445953e-005
 5.495500e+002  4.423271e-005
 5.501687e+002  6.924244e-005
 5.507875e+002  5.050246e-005
 5.514062e+002  3.165053e-005
 5.520250e+002  3.260396e-005
 5.526437e+002  3.860838e-005
 5.532625e+002  4.267816e-005
 5.538812e+002  4.137184e-005
 5.545000e+002  3.875358e-005
 5.551187e+002  3.619307e-005
 5.557375e+002  3.726098e-005
 5.563562e+002  3.523178e-005
 5.569750e+002  3.460354e-005
 5.575937e+002  3.603602e-005
 5.582125e+002  3.877152e-005
 5.588312e+002  3.656007e-005
 5.594500e+002  3.435755e-005
 5.600687e+002  3.180957e-005
 5.606875e+002  3.282072e-005
 5.613062e+002  3.456193e-005
 5.619250e+002  3.307823e-005
 5.625437e+002  3.109739e-005
 5.631625e+002  3.304628e-005
 5.637812e+002  3.680065e-005
 5.644000e+002  3.450594e-005
 5.650187e+002  3.364048e-005
 5.656375e+002  3.521087e-005
 5.662562e+002  3.576148e-005
 5.668750e+002  3.470103e-005
 5.674937e+002  3.312366e-005
 5.681125e+002  3.471695e-005
 5.687312e+002  3.379787e-005
 5.693500e+002  3.421139e-005
 5.699687e+002  3.518377e-005
 5.705875e+002  3.736136e-005
 5.712062e+002  3.509421e-005
 5.718250e+002  3.296326e-005
 5.724437e+002  3.274129e-005
 5.730625e+002  3.539079e-005
 5.736812e+002  3.450069e-005
 5.743000e+002  3.356388e-005
 5.749187e+002  3.567488e-005
 5.755375e+002  3.563508e-005
 5.761562e+002  3.365488e-005
 5.767750e+002  3.270371e-005
 5.773937e+002  3.567004e-005
 5.780125e+002  3.690818e-005
 5.786312e+002  3.385731e-005
 5.792500e+002  2.992655e-005
 5.798687e+002  2.964842e-005
 5.804875e+002  3.280394e-005
 5.811062e+002  3.407128e-005
 5.817250e+002  3.356550e-005
 5.823437e+002  3.486112e-005
 5.829625e+002  3.493187e-005
 5.835812e+002  3.592106e-005
 5.842000e+002  3.464021e-005
 5.848187e+002  3.542539e-005
 5.854375e+002  3.587421e-005
 5.860562e+002  3.472754e-005
 5.866750e+002  3.170949e-005
 5.872937e+002  3.309369e-005
 5.879125e+002  3.454340e-005
 5.885312e+002  3.393624e-005
 5.891500e+002  3.355592e-005
 5.897687e+002  3.298711e-005
 5.903875e+002  3.430037e-005
 5.910062e+002  3.553232e-005
 5.916250e+002  3.633995e-005
 5.922437e+002  3.424843e-005
 5.928625e+002  3.370217e-005
 5.934812e+002  3.403373e-005
 5.941000e+002  3.353521e-005
 5.947187e+002  3.342432e-005
 5.953375e+002  3.262322e-005
 5.959562e+002  3.501673e-005
 5.965750e+002  3.451961e-005
 5.971937e+002  3.471314e-005
 5.978125e+002  3.446522e-005
 5.984312e+002  3.575384e-005
 5.990500e+002  3.633806e-005
 5.996687e+002  3.631896e-005
 6.002875e+002  4.021265e-005
 6.009062e+002  3.805155e-005
 6.015250e+002  3.577855e-005
 6.021437e+002  3.522486e-005
 6.027625e+002  3.396031e-005
 6.033812e+002  3.257214e-005
 6.040000e+002  3.457489e-005
 6.046187e+002  3.472325e-005
 6.052375e+002  3.743399e-005
 6.058562e+002  2.270846e-004
 6.064750e+002  3.426719e-004
 6.070937e+002  1.300008e-004
 6.077125e+002  3.656517e-005
 6.083312e+002  3.831465e-005
 6.089500e+002  3.500349e-005
 6.095687e+002  3.508118e-005
 6.101875e+002  3.534127e-005
 6.108062e+002  3.261827e-005
 6.114250e+002  3.286072e-005
 6.120437e+002  3.277793e-005
 6.126625e+002  3.345937e-005
 6.132812e+002  3.626387e-005
 6.139000e+002  3.420627e-005
 6.145187e+002  4.189716e-005
 6.151375e+002  4.061243e-005
 6.157562e+002  3.510222e-005
 6.163750e+002  3.595574e-005
 6.169937e+002  3.199683e-005
 6.176125e+002  3.395949e-005
 6.182312e+002  3.931751e-005
 6.188500e+002  3.679848e-005
 6.194687e+002  3.503071e-005
 6.200875e+002  3.693616e-005
 6.207062e+002  3.456052e-005
 6.213250e+002  3.517541e-005
 6.219437e+002  3.756848e-005
 6.225625e+002  3.408654e-005
 6.231812e+002  3.378467e-005
 6.238000e+002  3.539365e-005
 6.244187e+002  3.331757e-005
 6.250375e+002  3.175412e-005
 6.256562e+002  3.418309e-005
 6.262750e+002  3.465432e-005
 6.268937e+002  3.339645e-005
 6.275125e+002  3.395635e-005
 6.281312e+002  3.655142e-005
 6.287500e+002  3.735526e-005
 6.293687e+002  3.701045e-005
 6.299875e+002  3.444652e-005
 6.306062e+002  3.504708e-005
 6.312250e+002  3.629374e-005
 6.318437e+002  3.385890e-005
 6.324625e+002  3.237988e-005
 6.330812e+002  3.237834e-005
 6.337000e+002  3.565014e-005
 6.343187e+002  3.886010e-005
 6.349375e+002  3.692203e-005
 6.355562e+002  3.691954e-005
 6.361750e+002  3.391922e-005
 6.367937e+002  3.455812e-005
 6.374125e+002  3.394243e-005
 6.380312e+002  3.352884e-005
 6.386500e+002  3.567738e-005
 6.392687e+002  3.337679e-005
 6.398875e+002  3.464774e-005
 6.405062e+002  3.564836e-005
 6.411250e+002  3.711637e-005
 6.417437e+002  3.577007e-005
 6.423625e+002  3.471862e-005
 6.429812e+002  3.689802e-005
 6.436000e+002  3.386238e-005
 6.442187e+002  3.338996e-005
 6.448375e+002  3.239242e-005
 6.454562e+002  3.239201e-005
 6.460750e+002  3.302506e-005
 6.466937e+002  3.754864e-005
 6.473125e+002  3.433554e-005
 6.479312e+002  3.477028e-005
 6.485500e+002  3.389218e-005
 6.491687e+002  3.376778e-005
 6.497875e+002  4.923751e-005
 6.504062e+002  6.903996e-005
 6.510250e+002  4.583841e-005
 6.516437e+002  3.681303e-005
 6.522625e+002  3.636187e-005
 6.528812e+002  3.608929e-005
 6.535000e+002  3.550433e-005
 6.541187e+002  3.821710e-005
 6.547375e+002  3.761579e-005
 6.553562e+002  3.563946e-005
 6.559750e+002  3.649078e-005
 6.565937e+002  3.420675e-005
 6.572125e+002  3.320336e-005
 6.578312e+002  3.345276e-005
 6.584500e+002  3.671119e-005
 6.590687e+002  3.710105e-005
 6.596875e+002  3.537399e-005
 6.603062e+002  3.283219e-005
 6.609250e+002  3.178286e-005
 6.615437e+002  3.148270e-005
 6.621625e+002  3.475201e-005
 6.627812e+002  3.564122e-005
 6.634000e+002  3.773082e-005
 6.640187e+002  3.484224e-005
 6.646375e+002  3.254041e-005
 6.652562e+002  3.134079e-005
 6.658750e+002  3.454959e-005
 6.664937e+002  3.430069e-005
 6.671125e+002  3.556001e-005
 6.677312e+002  3.289314e-005
 6.683500e+002  3.292191e-005
 6.689687e+002  3.508052e-005
 6.695875e+002  3.632506e-005
 6.702062e+002  3.479326e-005
 6.708250e+002  3.421661e-005
 6.714437e+002  3.521611e-005
 6.720625e+002  3.404614e-005
 6.726812e+002  3.267239e-005
 6.733000e+002  3.237698e-005
 6.739187e+002  3.388758e-005
 6.745375e+002  3.426171e-005
 6.751562e+002  3.393156e-005
 6.757750e+002  3.227497e-005
 6.763937e+002  3.374769e-005
 6.770125e+002  3.637874e-005
 6.776312e+002  3.620716e-005
 6.782500e+002  3.652486e-005
 6.788687e+002  3.610987e-005
 6.794875e+002  3.510733e-005
 6.801062e+002  3.338857e-005
 6.807250e+002  3.293868e-005
 6.813437e+002  3.199883e-005
 6.819625e+002  3.211529e-005
 6.825812e+002  3.500568e-005
 6.832000e+002  3.611167e-005
 6.838187e+002  3.627126e-005
 6.844375e+002  3.344046e-005
 6.850562e+002  3.359844e-005
 6.856750e+002  3.485316e-005
 6.862937e+002  3.438896e-005
 6.869125e+002  3.558086e-005
 6.875312e+002  3.464781e-005
 6.881500e+002  3.457083e-005
 6.887687e+002  3.516866e-005
 6.893875e+002  3.246927e-005
 6.900062e+002  3.653174e-005
 6.906250e+002  3.521253e-005
 6.912437e+002  3.348083e-005
 6.918625e+002  3.639218e-005
 6.924812e+002  3.369529e-005
 6.931000e+002  3.281685e-005
 6.937187e+002  3.101424e-005
 6.943375e+002  3.149432e-005
 6.949562e+002  3.462372e-005
 6.955750e+002  3.679658e-005
 6.961937e+002  3.427371e-005
 6.968125e+002  3.461117e-005
 6.974312e+002  3.204754e-005
 6.980500e+002  3.269871e-005
 6.986687e+002  3.529839e-005
 6.992875e+002  3.588311e-005
 6.999062e+002  3.848304e-005
 7.005250e+002  3.428551e-005
 7.011437e+002  3.294933e-005
 7.017625e+002  3.203775e-005
 7.023812e+002  3.448548e-005
 7.030000e+002  3.602243e-005
 7.036187e+002  3.499702e-005
 7.042375e+002  3.245537e-005
 7.048562e+002  3.577259e-005
 7.054750e+002  3.416269e-005
 7.060937e+002  3.348641e-005
 7.067125e+002  3.537770e-005
 7.073312e+002  3.764391e-005
 7.079500e+002  3.589558e-005
 7.085687e+002  3.639779e-005
 7.091875e+002  3.863289e-005
 7.098062e+002  3.440332e-005
 7.104250e+002  3.383285e-005
 7.110437e+002  3.361626e-005
 7.116625e+002  3.241539e-005
 7.122812e+002  3.328373e-005
 7.129000e+002  3.716771e-005
 7.135187e+002  3.768720e-005
 7.141375e+002  3.359295e-005
 7.147562e+002  3.315804e-005
 7.153750e+002  3.526923e-005
 7.159937e+002  3.526640e-005
 7.166125e+002  3.749297e-005
 7.172312e+002  3.803683e-005
 7.178500e+002  3.364200e-005
 7.184687e+002  3.398753e-005
 7.190875e+002  3.395418e-005
 7.197062e+002  3.583984e-005
 7.203250e+002  3.438376e-005
 7.209437e+002  3.158984e-005
 7.215625e+002  3.384064e-005
 7.221812e+002  3.572485e-005
 7.228000e+002  3.584740e-005
 7.234187e+002  3.776160e-005
 7.240375e+002  3.862142e-005
 7.246562e+002  3.718714e-005
 7.252750e+002  3.931697e-005
 7.258937e+002  3.753921e-005
 7.265125e+002  3.623833e-005
 7.271312e+002  3.186443e-005
 7.277500e+002  3.226240e-005
 7.283687e+002  3.514025e-005
 7.289875e+002  3.564979e-005
 7.296062e+002  3.514484e-005
 7.302250e+002  3.538952e-005
 7.308437e+002  3.479504e-005
 7.314625e+002  3.457783e-005
 7.320812e+002  3.403252e-005
 7.327000e+002  3.309754e-005
 7.333187e+002  3.200813e-005
 7.339375e+002  3.326829e-005
 7.345562e+002  3.384814e-005
 7.351750e+002  3.482693e-005
 7.357937e+002  3.520162e-005
 7.364125e+002  3.476498e-005
 7.370312e+002  3.480871e-005
 7.376500e+002  3.916556e-005
 7.382687e+002  3.773223e-005
 7.388875e+002  3.363280e-005
 7.395062e+002  3.258014e-005
 7.401250e+002  3.384068e-005
 7.407437e+002  3.547369e-005
 7.413625e+002  3.426205e-005
 7.419812e+002  3.217014e-005
 7.426000e+002  3.144588e-005
 7.432187e+002  3.383728e-005
 7.438375e+002  3.398873e-005
 7.444562e+002  3.400053e-005
 7.450750e+002  3.464196e-005
 7.456937e+002  3.478457e-005
 7.463125e+002  3.612223e-005
 7.469312e+002  3.638457e-005
 7.475500e+002  3.581549e-005
 7.481687e+002  3.337458e-005
 7.487875e+002  3.440778e-005
 7.494062e+002  5.291948e-005
 7.500250e+002  1.831109e-004
 7.506437e+002  1.966169e-004
 7.512625e+002  6.139237e-005
 7.518812e+002  3.640331e-005
 7.525000e+002  3.723614e-005
 7.531187e+002  3.476517e-005
 7.537375e+002  3.354068e-005
 7.543562e+002  3.490808e-005
 7.549750e+002  3.456706e-005
 7.555937e+002  3.368273e-005
 7.562125e+002  3.685034e-005
 7.568312e+002  3.548147e-005
 7.574500e+002  3.571741e-005
 7.580687e+002  3.591122e-005
 7.586875e+002  3.519392e-005
 7.593062e+002  3.490469e-005
 7.599250e+002  3.321256e-005
 7.605437e+002  3.444321e-005
 7.611625e+002  3.366196e-005
 7.617812e+002  3.444372e-005
 7.624000e+002  3.738767e-005
 7.630187e+002  3.609831e-005
 7.636375e+002  3.485029e-005
 7.642562e+002  3.745367e-005
 7.648750e+002  3.708675e-005
 7.654937e+002  3.390222e-005
 7.661125e+002  3.120502e-005
 7.667312e+002  3.487631e-005
 7.673500e+002  3.342687e-005
 7.679687e+002  3.330978e-005
 7.685875e+002  3.203106e-005
 7.692062e+002  3.415953e-005
 7.698250e+002  3.787290e-005
 7.704437e+002  3.888899e-005
 7.710625e+002  3.644385e-005
 7.716812e+002  3.453723e-005
 7.723000e+002  3.345205e-005
 7.729187e+002  3.498365e-005
 7.735375e+002  3.458130e-005
 7.741562e+002  3.828529e-005
 7.747750e+002  3.681931e-005
 7.753937e+002  3.323715e-005
 7.760125e+002  3.371804e-005
 7.766312e+002  3.488247e-005
 7.772500e+002  3.475054e-005
 7.778687e+002  3.658778e-005
 7.784875e+002  3.761250e-005
 7.791062e+002  3.400334e-005
 7.797250e+002  3.112504e-005
 7.803437e+002  3.229140e-005
 7.809625e+002  3.379871e-005
 7.815812e+002  3.490592e-005
 7.822000e+002  3.521611e-005
 7.828187e+002  3.519784e-005
 7.834375e+002  3.660698e-005
 7.840562e+002  3.645855e-005
 7.846750e+002  3.803099e-005
 7.852937e+002  3.538022e-005
 7.859125e+002  3.462961e-005
 7.865312e+002  3.785476e-005
 7.871500e+002  3.552418e-005
 7.877687e+002  3.368691e-005
 7.883875e+002  3.172660e-005
 7.890062e+002  3.493412e-005
 7.896250e+002  3.586223e-005
 7.902437e+002  3.633391e-005
 7.908625e+002  3.320646e-005
 7.914812e+002  2.923647e-005
 7.921000e+002  3.098906e-005
 7.927187e+002  3.529071e-005
 7.933375e+002  3.710283e-005
 7.939562e+002  3.550701e-005
 7.945750e+002  3.361611e-005
 7.951937e+002  3.534127e-005
 7.958125e+002  3.631570e-005
 7.964312e+002  3.712183e-005
 7.970500e+002  3.396052e-005
 7.976687e+002  3.239744e-005
 7.982875e+002  3.419466e-005
 7.989062e+002  3.672252e-005
 7.995250e+002  3.970378e-005
 8.001437e+002  3.601817e-005
 8.007625e+002  3.607320e-005
 8.013812e+002  3.706144e-005
 8.020000e+002  3.616799e-005
 8.026187e+002  3.454870e-005
 8.032375e+002  3.569239e-005
 8.038562e+002  3.783497e-005
 8.044750e+002  3.688122e-005
 8.050937e+002  3.298547e-005
 8.057125e+002  3.316442e-005
 8.063312e+002  3.445449e-005
 8.069500e+002  3.530918e-005
 8.075687e+002  3.553361e-005
 8.081875e+002  3.592772e-005
 8.088062e+002  3.587076e-005
 8.094250e+002  3.216870e-005
 8.100437e+002  3.094080e-005
 8.106625e+002  3.527262e-005
 8.112812e+002  3.413083e-005
 8.119000e+002  3.595662e-005
 8.125187e+002  3.590532e-005
 8.131375e+002  3.737541e-005
 8.137562e+002  3.733515e-005
 8.143750e+002  3.492635e-005
 8.149937e+002  3.415627e-005
 8.156125e+002  3.650166e-005
 8.162312e+002  3.707685e-005
 8.168500e+002  3.393058e-005
 8.174687e+002  3.519607e-005
 8.180875e+002  3.399273e-005
 8.187062e+002  3.416937e-005
 8.193250e+002  3.413570e-005
 8.199437e+002  3.646117e-005
 8.205625e+002  3.558421e-005
 8.211812e+002  3.627012e-005
 8.218000e+002  3.805747e-005
 8.224187e+002  3.689321e-005
 8.230375e+002  3.737726e-005
 8.236562e+002  3.453447e-005
 8.242750e+002  3.521833e-005
 8.248937e+002  3.754332e-005
 8.255125e+002  3.432298e-005
 8.261312e+002  3.433076e-005
 8.267500e+002  3.903378e-005
 8.273687e+002  3.766289e-005
 8.279875e+002  3.562992e-005
 8.286062e+002  3.592866e-005
 8.292250e+002  3.557501e-005
 8.298437e+002  3.572897e-005
 8.304625e+002  3.358562e-005
 8.310812e+002  3.334730e-005
 8.317000e+002  3.449581e-005
 8.323187e+002  3.390236e-005
 8.329375e+002  3.654567e-005
 8.335562e+002  3.238045e-005
 8.341750e+002  3.284910e-005
 8.347937e+002  3.618587e-005
 8.354125e+002  3.455255e-005
 8.360312e+002  3.561957e-005
 8.366500e+002  3.592368e-005
 8.372687e+002  3.131704e-005
 8.378875e+002  3.442872e-005
 8.385062e+002  3.492569e-005
 8.391250e+002  3.721417e-005
 8.397437e+002  3.587370e-005
 8.403625e+002  3.270549e-005
 8.409812e+002  3.296433e-005
 8.416000e+002  3.286134e-005
 8.422187e+002  3.410346e-005
 8.428375e+002  3.352193e-005
 8.434562e+002  3.659950e-005
 8.440750e+002  3.657211e-005
 8.446937e+002  3.489032e-005
 8.453125e+002  3.799479e-005
 8.459312e+002  3.763286e-005
 8.465500e+002  3.522864e-005
 8.471687e+002  3.487581e-005
 8.477875e+002  3.364732e-005
 8.484062e+002  3.355198e-005
 8.490250e+002  3.219624e-005
 8.496437e+002  4.592617e-005
 8.502625e+002  8.376673e-005
 8.508812e+002  6.596158e-005
 8.515000e+002  3.712267e-005
 8.521187e+002  3.702731e-005
 8.527375e+002  3.842437e-005
 8.533562e+002  3.626899e-005
 8.539750e+002  3.679411e-005
 8.545937e+002  3.617770e-005
 8.552125e+002  3.460659e-005
 8.558312e+002  3.586748e-005
 8.564500e+002  3.506472e-005
 8.570687e+002  3.443904e-005
 8.576875e+002  3.854236e-005
 8.583062e+002  3.938959e-005
 8.589250e+002  3.529386e-005
 8.595437e+002  3.624969e-005
 8.601625e+002  3.611798e-005
 8.607812e+002  3.615169e-005
 8.614000e+002  3.716260e-005
 8.620187e+002  3.426522e-005
 8.626375e+002  3.642153e-005
 8.632562e+002  3.391347e-005
 8.638750e+002  3.396868e-005
 8.644937e+002  3.656223e-005
 8.651125e+002  3.566633e-005
 8.657312e+002  3.628202e-005
 8.663500e+002  3.425529e-005
 8.669687e+002  3.402675e-005
 8.675875e+002  3.373536e-005
 8.682062e+002  3.524762e-005
 8.688250e+002  3.397135e-005
 8.694437e+002  3.282722e-005
 8.700625e+002  3.308084e-005
 8.706812e+002  3.518219e-005
 8.713000e+002  3.428398e-005
 8.719187e+002  3.601639e-005
 8.725375e+002  3.689694e-005
 8.731562e+002  3.496283e-005
 8.737750e+002  3.709412e-005
 8.743937e+002  3.652551e-005
 8.750125e+002  3.518643e-005
 8.756312e+002  3.843820e-005
 8.762500e+002  3.599591e-005
 8.768687e+002  3.404593e-005
 8.774875e+002  3.194560e-005
 8.781062e+002  3.417033e-005
 8.787250e+002  3.779212e-005
 8.793437e+002  3.623961e-005
 8.799625e+002  3.413204e-005
 8.805812e+002  3.520787e-005
 8.812000e+002  3.300283e-005
 8.818187e+002  3.264650e-005
 8.824375e+002  3.332311e-005
 8.830562e+002  3.612922e-005
 8.836750e+002  3.619189e-005
 8.842937e+002  3.350066e-005
 8.849125e+002  3.319501e-005
 8.855312e+002  3.641254e-005
 8.861500e+002  3.519033e-005
 8.867687e+002  3.247235e-005
 8.873875e+002  3.640369e-005
 8.880062e+002  3.489431e-005
 8.886250e+002  3.375315e-005
 8.892437e+002  3.495892e-005
 8.898625e+002  3.304061e-005
 8.904812e+002  3.129207e-005
 8.911000e+002  3.363780e-005
 8.917187e+002  3.577345e-005
 8.923375e+002  3.591190e-005
 8.929562e+002  3.467068e-005
 8.935750e+002  3.590900e-005
 8.941937e+002  3.619471e-005
 8.948125e+002  3.421934e-005
 8.954312e+002  3.383933e-005
 8.960500e+002  3.561295e-005
 8.966687e+002  3.532688e-005
 8.972875e+002  3.561758e-005
 8.979062e+002  3.507502e-005
 8.985250e+002  3.394103e-005
 8.991437e+002  3.660350e-005
 8.997625e+002  3.793147e-005
 9.003812e+002  3.836739e-005
 9.010000e+002  3.297655e-005
 9.016187e+002  3.435642e-005
 9.022375e+002  3.793770e-005
 9.028562e+002  3.846684e-005
 9.034750e+002  3.576077e-005
 9.040937e+002  3.557677e-005
 9.047125e+002  3.781598e-005
 9.053312e+002  3.592309e-005
 9.059500e+002  3.345145e-005
 9.065687e+002  2.998932e-005
 9.071875e+002  3.145502e-005
 9.078062e+002  3.521785e-005
 9.084250e+002  3.576531e-005
 9.090437e+002  1.392612e-004
 9.096625e+002  2.001002e-004
 9.102812e+002  8.047129e-005
 9.109000e+002  3.592555e-005
 9.115187e+002  3.567065e-005
 9.121375e+002  3.516638e-005
 9.127562e+002  3.192792e-005
 9.133750e+002  3.095286e-005
 9.139937e+002  3.484755e-005
 9.146125e+002  3.845135e-005
 9.152312e+002  3.706012e-005
 9.158500e+002  3.292720e-005
 9.164687e+002  3.435039e-005
 9.170875e+002  3.422954e-005
 9.177062e+002  3.585916e-005
 9.183250e+002  3.914469e-005
 9.189437e+002  3.997215e-005
 9.195625e+002  3.539846e-005
 9.201812e+002  3.440528e-005
 9.208000e+002  3.825357e-005
 9.214187e+002  3.561520e-005
 9.220375e+002  4.523403e-005
 9.226562e+002  4.548439e-005
 9.232750e+002  3.852372e-005
 9.238937e+002  3.524247e-005
 9.245125e+002  3.448062e-005
 9.251312e+002  3.607422e-005
 9.257500e+002  3.782470e-005
 9.263687e+002  3.647334e-005
 9.269875e+002  3.139641e-005
 9.276062e+002  3.103887e-005
 9.282250e+002  3.557062e-005
 9.288437e+002  3.771659e-005
 9.294625e+002  3.500306e-005
 9.300812e+002  3.350954e-005
 9.307000e+002  3.517404e-005
 9.313187e+002  3.389461e-005
 9.319375e+002  3.771633e-005
 9.325562e+002  3.641799e-005
 9.331750e+002  3.402506e-005
 9.337937e+002  3.283485e-005
 9.344125e+002  3.290923e-005
 9.350312e+002  3.602210e-005
 9.356500e+002  3.647123e-005
 9.362687e+002  3.232782e-005
 9.368875e+002  3.228573e-005
 9.375062e+002  3.418796e-005
 9.381250e+002  3.471148e-005
 9.387437e+002  3.515115e-005
 9.393625e+002  3.398351e-005
 9.399812e+002  3.465842e-005
 9.406000e+002  3.394746e-005
 9.412187e+002  3.145637e-005
 9.418375e+002  3.258769e-005
 9.424562e+002  3.773023e-005
 9.430750e+002  3.523777e-005
 9.436937e+002  3.246710e-005
 9.443125e+002  3.251484e-005
 9.449312e+002  3.499452e-005
 9.455500e+002  3.241434e-005
 9.461687e+002  3.221969e-005
 9.467875e+002  3.582302e-005
 9.474062e+002  3.729185e-005
 9.480250e+002  3.495698e-005
 9.486437e+002  3.613818e-005
 9.492625e+002  3.519468e-005
 9.498812e+002  6.097684e-005
 9.505000e+002  1.008382e-004
 9.511187e+002  6.044337e-005
 9.517375e+002  3.639450e-005
 9.523562e+002  3.449870e-005
 9.529750e+002  3.551255e-005
 9.535937e+002  3.673545e-005
 9.542125e+002  3.649162e-005
 9.548312e+002  3.413292e-005
 9.554500e+002  3.419552e-005
 9.560687e+002  3.590688e-005
 9.566875e+002  3.605757e-005
 9.573062e+002  3.639281e-005
 9.579250e+002  3.685131e-005
 9.585437e+002  3.903616e-005
 9.591625e+002  3.445427e-005
 9.597812e+002  3.452480e-005
 9.604000e+002  3.206053e-005
 9.610187e+002  3.272150e-005
 9.616375e+002  3.638052e-005
 9.622562e+002  3.596934e-005
 9.628750e+002  3.552073e-005
 9.634937e+002  3.535497e-005
 9.641125e+002  3.707292e-005
 9.647312e+002  3.802433e-005
 9.653500e+002  3.609358e-005
 9.659687e+002  3.528484e-005
 9.665875e+002  3.594677e-005
 9.672062e+002  3.360656e-005
 9.678250e+002  3.453004e-005
 9.684437e+002  3.775026e-005
 9.690625e+002  3.686918e-005
 9.696812e+002  3.755412e-005
 9.703000e+002  3.694435e-005
 9.709187e+002  3.940890e-005
 9.715375e+002  3.456213e-005
 9.721562e+002  3.384784e-005
 9.727750e+002  3.688433e-005
 9.733937e+002  3.607496e-005
 9.740125e+002  3.510062e-005
 9.746312e+002  3.414358e-005
 9.752500e+002  3.585677e-005
 9.758687e+002  3.687710e-005
 9.764875e+002  3.443844e-005
 9.771062e+002  3.450950e-005
 9.777250e+002  3.512360e-005
 9.783437e+002  3.263634e-005
 9.789625e+002  3.540724e-005
 9.795812e+002  3.724804e-005
 9.802000e+002  3.843561e-005
 9.808187e+002  3.664148e-005
 9.814375e+002  3.593883e-005
 9.820562e+002  3.714995e-005
 9.826750e+002  3.579911e-005
 9.832937e+002  3.608336e-005
 9.839125e+002  3.576560e-005
 9.845312e+002  3.404392e-005
 9.851500e+002  3.362110e-005
 9.857687e+002  3.390908e-005
 9.863875e+002  3.420641e-005
 9.870062e+002  3.758170e-005
 9.876250e+002  3.823370e-005
 9.882437e+002  3.791282e-005
 9.888625e+002  3.391068e-005
 9.894812e+002  3.396498e-005
 9.901000e+002  3.808062e-005
 9.907187e+002  4.089674e-005
 9.913375e+002  3.555825e-005
 9.919562e+002  3.558679e-005
 9.925750e+002  3.619610e-005
 9.931937e+002  3.608743e-005
 9.938125e+002  3.536551e-005
 9.944312e+002  3.361879e-005
 9.950500e+002  3.200785e-005
 9.956687e+002  3.522982e-005
 9.962875e+002  3.390229e-005
 9.969062e+002  3.237758e-005
 9.975250e+002  3.385618e-005
 9.981437e+002  3.146657e-005
 9.987625e+002  3.311065e-005
 9.993812e+002  3.810490e-005
 1.000000e+003  3.844549e-005
