 1.000000e+000  5.730285e-005
 1.247500e+000  4.385744e-005
 1.495000e+000  4.377354e-005
 1.742500e+000  4.960555e-005
 1.990000e+000  4.051307e-005
 2.237500e+000  3.540560e-005
 2.485000e+000  3.046937e-005
 2.732500e+000  3.304298e-005
 2.980000e+000  3.194827e-005
 3.227500e+000  2.824910e-005
 3.475000e+000  2.740122e-005
 3.722500e+000  2.351224e-005
 3.970000e+000  2.293586e-005
 4.217500e+000  2.218835e-005
 4.465000e+000  2.451893e-005
 4.712500e+000  2.295844e-005
 4.960000e+000  1.693632e-005
 5.207500e+000  1.816083e-005
 5.455000e+000  1.791677e-005
 5.702500e+000  1.971510e-005
 5.950000e+000  2.118144e-005
 6.197500e+000  2.122590e-005
 6.445000e+000  2.203814e-005
 6.692500e+000  1.901868e-005
 6.940000e+000  1.659063e-005
 7.187500e+000  1.745705e-005
 7.435000e+000  1.643192e-005
 7.682500e+000  1.560678e-005
 7.930000e+000  1.681338e-005
 8.177500e+000  1.592890e-005
 8.425000e+000  1.458395e-005
 8.672500e+000  1.462442e-005
 8.920000e+000  1.685760e-005
 9.167500e+000  1.606755e-005
 9.415000e+000  1.515066e-005
 9.662500e+000  1.372560e-005
 9.910000e+000  1.322388e-005
 1.015750e+001  1.409164e-005
 1.040500e+001  1.314781e-005
 1.065250e+001  1.234778e-005
 1.090000e+001  1.175967e-005
 1.114750e+001  1.369184e-005
 1.139500e+001  1.376949e-005
 1.164250e+001  1.320905e-005
 1.189000e+001  1.116805e-005
 1.213750e+001  1.198983e-005
 1.238500e+001  1.261668e-005
 1.263250e+001  1.257060e-005
 1.288000e+001  1.125900e-005
 1.312750e+001  1.148951e-005
 1.337500e+001  1.233955e-005
 1.362250e+001  1.199391e-005
 1.387000e+001  1.189355e-005
 1.411750e+001  1.302329e-005
 1.436500e+001  1.221603e-005
 1.461250e+001  1.084040e-005
 1.486000e+001  1.047993e-005
 1.510750e+001  1.028550e-005
 1.535500e+001  9.920084e-006
 1.560250e+001  9.592135e-006
 1.585000e+001  1.010905e-005
 1.609750e+001  9.943062e-006
 1.634500e+001  9.669044e-006
 1.659250e+001  8.371634e-006
 1.684000e+001  8.280468e-006
 1.708750e+001  8.849918e-006
 1.733500e+001  8.924979e-006
 1.758250e+001  8.991764e-006
 1.783000e+001  9.556939e-006
 1.807750e+001  1.017135e-005
 1.832500e+001  1.008662e-005
 1.857250e+001  8.856173e-006
 1.882000e+001  9.593924e-006
 1.906750e+001  9.698888e-006
 1.931500e+001  8.706045e-006
 1.956250e+001  8.932336e-006
 1.981000e+001  9.700813e-006
 2.005750e+001  8.479162e-006
 2.030500e+001  9.419558e-006
 2.055250e+001  9.808801e-006
 2.080000e+001  9.630841e-006
 2.104750e+001  9.249662e-006
 2.129500e+001  8.724578e-006
 2.154250e+001  8.593982e-006
 2.179000e+001  8.833381e-006
 2.203750e+001  8.406128e-006
 2.228500e+001  8.788464e-006
 2.253250e+001  8.189180e-006
 2.278000e+001  8.840161e-006
 2.302750e+001  9.240479e-006
 2.327500e+001  9.725687e-006
 2.352250e+001  9.094801e-006
 2.377000e+001  8.573159e-006
 2.401750e+001  7.757894e-006
 2.426500e+001  8.054219e-006
 2.451250e+001  8.736466e-006
 2.476000e+001  8.549876e-006
 2.500750e+001  8.571818e-006
 2.525500e+001  9.470479e-006
 2.550250e+001  8.664656e-006
 2.575000e+001  7.503098e-006
 2.599750e+001  7.328929e-006
 2.624500e+001  7.194073e-006
 2.649250e+001  8.021120e-006
 2.674000e+001  7.834614e-006
 2.698750e+001  7.577358e-006
 2.723500e+001  8.201570e-006
 2.748250e+001  7.693037e-006
 2.773000e+001  7.413056e-006
 2.797750e+001  7.440631e-006
 2.822500e+001  7.333814e-006
 2.847250e+001  7.830104e-006
 2.872000e+001  8.148245e-006
 2.896750e+001  7.811995e-006
 2.921500e+001  7.879826e-006
 2.946250e+001  7.721464e-006
 2.971000e+001  7.444129e-006
 2.995750e+001  8.045199e-006
 3.020500e+001  7.939017e-006
 3.045250e+001  7.211826e-006
 3.070000e+001  7.842069e-006
 3.094750e+001  7.821633e-006
 3.119500e+001  6.934597e-006
 3.144250e+001  7.158485e-006
 3.169000e+001  7.456320e-006
 3.193750e+001  7.500675e-006
 3.218500e+001  7.010654e-006
 3.243250e+001  7.402736e-006
 3.268000e+001  7.254955e-006
 3.292750e+001  6.168492e-006
 3.317500e+001  7.263748e-006
 3.342250e+001  7.816078e-006
 3.367000e+001  7.143420e-006
 3.391750e+001  7.054957e-006
 3.416500e+001  6.663432e-006
 3.441250e+001  6.887632e-006
 3.466000e+001  6.620950e-006
 3.490750e+001  6.221515e-006
 3.515500e+001  6.519256e-006
 3.540250e+001  5.914111e-006
 3.565000e+001  5.982405e-006
 3.589750e+001  6.972275e-006
 3.614500e+001  6.815389e-006
 3.639250e+001  7.598261e-006
 3.664000e+001  7.423798e-006
 3.688750e+001  6.765247e-006
 3.713500e+001  7.523155e-006
 3.738250e+001  7.420934e-006
 3.763000e+001  6.850704e-006
 3.787750e+001  6.209309e-006
 3.812500e+001  7.105753e-006
 3.837250e+001  6.858850e-006
 3.862000e+001  6.458916e-006
 3.886750e+001  6.922252e-006
 3.911500e+001  6.809283e-006
 3.936250e+001  7.281546e-006
 3.961000e+001  1.662560e-005
 3.985750e+001  2.166364e-005
 4.010500e+001  1.080314e-005
 4.035250e+001  6.240025e-006
 4.060000e+001  6.095618e-006
 4.084750e+001  6.037337e-006
 4.109500e+001  5.617195e-006
 4.134250e+001  5.903365e-006
 4.159000e+001  6.242343e-006
 4.183750e+001  6.223741e-006
 4.208500e+001  5.840881e-006
 4.233250e+001  6.581145e-006
 4.258000e+001  6.880126e-006
 4.282750e+001  6.575483e-006
 4.307500e+001  7.265453e-006
 4.332250e+001  7.155757e-006
 4.357000e+001  7.012523e-006
 4.381750e+001  6.331502e-006
 4.406500e+001  6.736505e-006
 4.431250e+001  6.772333e-006
 4.456000e+001  6.599281e-006
 4.480750e+001  5.982989e-006
 4.505500e+001  5.582397e-006
 4.530250e+001  6.357080e-006
 4.555000e+001  6.607803e-006
 4.579750e+001  7.169118e-006
 4.604500e+001  6.183418e-006
 4.629250e+001  5.576757e-006
 4.654000e+001  6.153345e-006
 4.678750e+001  7.095764e-006
 4.703500e+001  5.962134e-006
 4.728250e+001  6.219832e-006
 4.753000e+001  5.839125e-006
 4.777750e+001  6.036253e-006
 4.802500e+001  6.232357e-006
 4.827250e+001  6.539609e-006
 4.852000e+001  5.951847e-006
 4.876750e+001  5.903362e-006
 4.901500e+001  7.398130e-006
 4.926250e+001  1.180992e-005
 4.951000e+001  4.393793e-005
 4.975750e+001  2.685047e-003
 5.000500e+001  5.099950e-003
 5.025250e+001  2.428261e-003
 5.050000e+001  3.607437e-005
 5.074750e+001  1.137999e-005
 5.099500e+001  8.171351e-006
 5.124250e+001  6.915843e-006
 5.149000e+001  6.263505e-006
 5.173750e+001  6.385510e-006
 5.198500e+001  6.018151e-006
 5.223250e+001  5.175779e-006
 5.248000e+001  5.357007e-006
 5.272750e+001  5.817241e-006
 5.297500e+001  5.805204e-006
 5.322250e+001  6.466062e-006
 5.347000e+001  7.088141e-006
 5.371750e+001  7.475131e-006
 5.396500e+001  6.810007e-006
 5.421250e+001  5.900225e-006
 5.446000e+001  5.430918e-006
 5.470750e+001  5.329863e-006
 5.495500e+001  6.155602e-006
 5.520250e+001  6.837735e-006
 5.545000e+001  6.317861e-006
 5.569750e+001  6.518253e-006
 5.594500e+001  6.431421e-006
 5.619250e+001  6.433903e-006
 5.644000e+001  6.145508e-006
 5.668750e+001  6.075919e-006
 5.693500e+001  6.670139e-006
 5.718250e+001  7.289865e-006
 5.743000e+001  6.749676e-006
 5.767750e+001  5.735219e-006
 5.792500e+001  6.168110e-006
 5.817250e+001  6.200860e-006
 5.842000e+001  6.590406e-006
 5.866750e+001  5.919998e-006
 5.891500e+001  5.814663e-006
 5.916250e+001  6.654798e-006
 5.941000e+001  7.063040e-006
 5.965750e+001  2.215346e-005
 5.990500e+001  1.028179e-004
 6.015250e+001  1.009668e-004
 6.040000e+001  2.060632e-005
 6.064750e+001  6.312153e-006
 6.089500e+001  6.128608e-006
 6.114250e+001  5.772396e-006
 6.139000e+001  6.209866e-006
 6.163750e+001  6.766273e-006
 6.188500e+001  6.952499e-006
 6.213250e+001  6.765213e-006
 6.238000e+001  6.118541e-006
 6.262750e+001  6.189262e-006
 6.287500e+001  6.194686e-006
 6.312250e+001  6.331085e-006
 6.337000e+001  6.224353e-006
 6.361750e+001  6.811288e-006
 6.386500e+001  6.244828e-006
 6.411250e+001  5.991496e-006
 6.436000e+001  6.321145e-006
 6.460750e+001  5.087498e-006
 6.485500e+001  5.081743e-006
 6.510250e+001  5.115437e-006
 6.535000e+001  5.217043e-006
 6.559750e+001  5.675345e-006
 6.584500e+001  6.305445e-006
 6.609250e+001  6.600825e-006
 6.634000e+001  6.557057e-006
 6.658750e+001  6.021310e-006
 6.683500e+001  5.060264e-006
 6.708250e+001  5.253295e-006
 6.733000e+001  5.692503e-006
 6.757750e+001  6.067622e-006
 6.782500e+001  6.125588e-006
 6.807250e+001  5.387670e-006
 6.832000e+001  5.974728e-006
 6.856750e+001  6.083373e-006
 6.881500e+001  5.764259e-006
 6.906250e+001  5.848605e-006
 6.931000e+001  5.779237e-006
 6.955750e+001  5.430352e-006
 6.980500e+001  5.345345e-006
 7.005250e+001  5.673524e-006
 7.030000e+001  5.737493e-006
 7.054750e+001  6.015602e-006
 7.079500e+001  5.711778e-006
 7.104250e+001  6.289477e-006
 7.129000e+001  6.181010e-006
 7.153750e+001  5.110554e-006
 7.178500e+001  5.406270e-006
 7.203250e+001  5.455094e-006
 7.228000e+001  5.965814e-006
 7.252750e+001  5.631591e-006
 7.277500e+001  5.630756e-006
 7.302250e+001  6.171944e-006
 7.327000e+001  6.118413e-006
 7.351750e+001  5.713573e-006
 7.376500e+001  5.354516e-006
 7.401250e+001  5.734702e-006
 7.426000e+001  6.152040e-006
 7.450750e+001  6.368788e-006
 7.475500e+001  6.374294e-006
 7.500250e+001  5.193685e-006
 7.525000e+001  4.918828e-006
 7.549750e+001  5.288898e-006
 7.574500e+001  5.804509e-006
 7.599250e+001  5.887458e-006
 7.624000e+001  5.282803e-006
 7.648750e+001  5.338089e-006
 7.673500e+001  5.743626e-006
 7.698250e+001  5.414646e-006
 7.723000e+001  6.004867e-006
 7.747750e+001  5.993162e-006
 7.772500e+001  5.412143e-006
 7.797250e+001  5.756667e-006
 7.822000e+001  5.745439e-006
 7.846750e+001  5.188234e-006
 7.871500e+001  5.697086e-006
 7.896250e+001  5.449862e-006
 7.921000e+001  1.514049e-005
 7.945750e+001  3.632416e-005
 7.970500e+001  3.758803e-005
 7.995250e+001  1.901625e-005
 8.020000e+001  6.394205e-006
 8.044750e+001  5.351359e-006
 8.069500e+001  6.023356e-006
 8.094250e+001  6.200400e-006
 8.119000e+001  5.931603e-006
 8.143750e+001  5.252848e-006
 8.168500e+001  5.198110e-006
 8.193250e+001  5.541757e-006
 8.218000e+001  6.122740e-006
 8.242750e+001  6.424816e-006
 8.267500e+001  5.376376e-006
 8.292250e+001  5.822892e-006
 8.317000e+001  5.923820e-006
 8.341750e+001  5.560878e-006
 8.366500e+001  5.855139e-006
 8.391250e+001  5.603835e-006
 8.416000e+001  5.030635e-006
 8.440750e+001  5.222964e-006
 8.465500e+001  6.217226e-006
 8.490250e+001  5.675396e-006
 8.515000e+001  5.604338e-006
 8.539750e+001  5.850047e-006
 8.564500e+001  6.564587e-006
 8.589250e+001  6.186647e-006
 8.614000e+001  5.953389e-006
 8.638750e+001  6.132429e-006
 8.663500e+001  6.073000e-006
 8.688250e+001  5.285861e-006
 8.713000e+001  4.780312e-006
 8.737750e+001  5.441643e-006
 8.762500e+001  5.056792e-006
 8.787250e+001  5.516558e-006
 8.812000e+001  5.804576e-006
 8.836750e+001  5.357988e-006
 8.861500e+001  5.663736e-006
 8.886250e+001  5.508354e-006
 8.911000e+001  4.898424e-006
 8.935750e+001  5.582291e-006
 8.960500e+001  6.082412e-006
 8.985250e+001  5.658255e-006
 9.010000e+001  5.669320e-006
 9.034750e+001  5.604696e-006
 9.059500e+001  5.164664e-006
 9.084250e+001  4.985844e-006
 9.109000e+001  5.391662e-006
 9.133750e+001  5.670002e-006
 9.158500e+001  6.116522e-006
 9.183250e+001  4.885529e-006
 9.208000e+001  4.448560e-006
 9.232750e+001  5.208200e-006
 9.257500e+001  5.179709e-006
 9.282250e+001  5.568291e-006
 9.307000e+001  5.994328e-006
 9.331750e+001  6.181679e-006
 9.356500e+001  6.078087e-006
 9.381250e+001  5.717336e-006
 9.406000e+001  5.986463e-006
 9.430750e+001  5.955429e-006
 9.455500e+001  5.955905e-006
 9.480250e+001  5.494920e-006
 9.505000e+001  5.800867e-006
 9.529750e+001  5.964327e-006
 9.554500e+001  5.292200e-006
 9.579250e+001  4.852232e-006
 9.604000e+001  4.983190e-006
 9.628750e+001  5.223707e-006
 9.653500e+001  6.038998e-006
 9.678250e+001  6.117578e-006
 9.703000e+001  5.270885e-006
 9.727750e+001  5.373866e-006
 9.752500e+001  5.161888e-006
 9.777250e+001  5.903799e-006
 9.802000e+001  6.105634e-006
 9.826750e+001  5.276424e-006
 9.851500e+001  5.449174e-006
 9.876250e+001  6.094242e-006
 9.901000e+001  5.892562e-006
 9.925750e+001  5.879462e-006
 9.950500e+001  5.984931e-006
 9.975250e+001  7.164757e-005
 1.000000e+002  1.375976e-004
