 1.000000e+001  3.993872e-004
 1.061875e+001  4.456233e-004
 1.123750e+001  4.266973e-004
 1.185625e+001  4.358523e-004
 1.247500e+001  4.206102e-004
 1.309375e+001  4.254976e-004
 1.371250e+001  3.649393e-004
 1.433125e+001  3.275370e-004
 1.495000e+001  3.064951e-004
 1.556875e+001  3.087077e-004
 1.618750e+001  3.310263e-004
 1.680625e+001  3.509752e-004
 1.742500e+001  3.382217e-004
 1.804375e+001  3.206271e-004
 1.866250e+001  3.111052e-004
 1.928125e+001  3.025805e-004
 1.990000e+001  3.031936e-004
 2.051875e+001  3.261390e-004
 2.113750e+001  3.310771e-004
 2.175625e+001  3.094132e-004
 2.237500e+001  2.798343e-004
 2.299375e+001  2.405884e-004
 2.361250e+001  2.777515e-004
 2.423125e+001  3.067963e-004
 2.485000e+001  2.784707e-004
 2.546875e+001  2.666340e-004
 2.608750e+001  2.755424e-004
 2.670625e+001  2.737359e-004
 2.732500e+001  2.328621e-004
 2.794375e+001  2.595575e-004
 2.856250e+001  2.928748e-004
 2.918125e+001  2.846624e-004
 2.980000e+001  2.382502e-004
 3.041875e+001  2.372002e-004
 3.103750e+001  2.612568e-004
 3.165625e+001  2.402874e-004
 3.227500e+001  2.397954e-004
 3.289375e+001  2.434991e-004
 3.351250e+001  2.387102e-004
 3.413125e+001  2.371355e-004
 3.475000e+001  2.496493e-004
 3.536875e+001  2.361021e-004
 3.598750e+001  2.455338e-004
 3.660625e+001  2.223423e-004
 3.722500e+001  2.233977e-004
 3.784375e+001  2.207001e-004
 3.846250e+001  1.991845e-004
 3.908125e+001  1.871168e-004
 3.970000e+001  2.175587e-004
 4.031875e+001  1.977289e-004
 4.093750e+001  2.119589e-004
 4.155625e+001  2.210609e-004
 4.217500e+001  2.098225e-004
 4.279375e+001  1.955525e-004
 4.341250e+001  1.951798e-004
 4.403125e+001  2.114011e-004
 4.465000e+001  2.253313e-004
 4.526875e+001  2.372711e-004
 4.588750e+001  2.515016e-004
 4.650625e+001  2.143850e-004
 4.712500e+001  2.049674e-004
 4.774375e+001  1.895263e-004
 4.836250e+001  1.862119e-004
 4.898125e+001  2.207656e-004
 4.960000e+001  8.499244e-004
 5.021875e+001  1.017640e-003
 5.083750e+001  3.300459e-004
 5.145625e+001  2.034073e-004
 5.207500e+001  1.704004e-004
 5.269375e+001  1.579588e-004
 5.331250e+001  1.699370e-004
 5.393125e+001  1.755710e-004
 5.455000e+001  1.912101e-004
 5.516875e+001  1.933725e-004
 5.578750e+001  1.806804e-004
 5.640625e+001  2.040134e-004
 5.702500e+001  1.877087e-004
 5.764375e+001  1.508996e-004
 5.826250e+001  1.771677e-004
 5.888125e+001  1.697031e-004
 5.950000e+001  2.118702e-004
 6.011875e+001  2.616504e-004
 6.073750e+001  1.686746e-004
 6.135625e+001  1.565371e-004
 6.197500e+001  1.553346e-004
 6.259375e+001  1.662742e-004
 6.321250e+001  1.685404e-004
 6.383125e+001  1.598662e-004
 6.445000e+001  1.660386e-004
 6.506875e+001  1.654331e-004
 6.568750e+001  1.658509e-004
 6.630625e+001  1.695171e-004
 6.692500e+001  1.466920e-004
 6.754375e+001  1.526152e-004
 6.816250e+001  1.599242e-004
 6.878125e+001  1.573060e-004
 6.940000e+001  1.594527e-004
 7.001875e+001  1.636185e-004
 7.063750e+001  1.536962e-004
 7.125625e+001  1.649646e-004
 7.187500e+001  1.542455e-004
 7.249375e+001  1.467544e-004
 7.311250e+001  1.454716e-004
 7.373125e+001  1.557601e-004
 7.435000e+001  1.389327e-004
 7.496875e+001  1.475363e-004
 7.558750e+001  1.522073e-004
 7.620625e+001  1.382121e-004
 7.682500e+001  1.450366e-004
 7.744375e+001  1.402684e-004
 7.806250e+001  1.233513e-004
 7.868125e+001  1.376710e-004
 7.930000e+001  1.368586e-004
 7.991875e+001  1.432664e-004
 8.053750e+001  1.588285e-004
 8.115625e+001  1.567137e-004
 8.177500e+001  1.404836e-004
 8.239375e+001  1.362244e-004
 8.301250e+001  1.469002e-004
 8.363125e+001  1.540491e-004
 8.425000e+001  1.441334e-004
 8.486875e+001  1.330223e-004
 8.548750e+001  1.514084e-004
 8.610625e+001  1.607891e-004
 8.672500e+001  1.636779e-004
 8.734375e+001  1.463815e-004
 8.796250e+001  1.457891e-004
 8.858125e+001  1.390208e-004
 8.920000e+001  1.355862e-004
 8.981875e+001  1.308010e-004
 9.043750e+001  1.439054e-004
 9.105625e+001  1.385515e-004
 9.167500e+001  1.232424e-004
 9.229375e+001  1.270023e-004
 9.291250e+001  1.219713e-004
 9.353125e+001  1.299362e-004
 9.415000e+001  1.376677e-004
 9.476875e+001  1.315963e-004
 9.538750e+001  1.440834e-004
 9.600625e+001  1.343839e-004
 9.662500e+001  1.460581e-004
 9.724375e+001  1.392639e-004
 9.786250e+001  1.291064e-004
 9.848125e+001  1.213581e-004
 9.910000e+001  1.320015e-004
 9.971875e+001  1.357078e-004
 1.003375e+002  1.253325e-004
 1.009563e+002  1.230503e-004
 1.015750e+002  1.295009e-004
 1.021938e+002  1.418258e-004
 1.028125e+002  1.444934e-004
 1.034313e+002  1.336441e-004
 1.040500e+002  1.315141e-004
 1.046688e+002  1.291352e-004
 1.052875e+002  1.394921e-004
 1.059063e+002  1.344486e-004
 1.065250e+002  1.293035e-004
 1.071438e+002  1.198690e-004
 1.077625e+002  1.022125e-004
 1.083813e+002  1.107243e-004
 1.090000e+002  1.231008e-004
 1.096188e+002  1.271606e-004
 1.102375e+002  1.277524e-004
 1.108563e+002  1.389287e-004
 1.114750e+002  1.258933e-004
 1.120938e+002  1.061266e-004
 1.127125e+002  1.183128e-004
 1.133313e+002  1.235727e-004
 1.139500e+002  1.172952e-004
 1.145688e+002  1.054441e-004
 1.151875e+002  1.145808e-004
 1.158063e+002  1.084011e-004
 1.164250e+002  1.203006e-004
 1.170438e+002  1.168133e-004
 1.176625e+002  1.091005e-004
 1.182813e+002  1.239796e-004
 1.189000e+002  1.277378e-004
 1.195188e+002  1.246660e-004
 1.201375e+002  1.357754e-004
 1.207563e+002  1.248022e-004
 1.213750e+002  1.252751e-004
 1.219938e+002  1.049201e-004
 1.226125e+002  1.104463e-004
 1.232313e+002  1.052006e-004
 1.238500e+002  1.210588e-004
 1.244688e+002  1.286089e-004
 1.250875e+002  1.192337e-004
 1.257063e+002  1.053955e-004
 1.263250e+002  1.202830e-004
 1.269438e+002  1.111621e-004
 1.275625e+002  1.054457e-004
 1.281813e+002  1.143828e-004
 1.288000e+002  1.135390e-004
 1.294188e+002  1.142552e-004
 1.300375e+002  1.114003e-004
 1.306563e+002  1.192195e-004
 1.312750e+002  1.155621e-004
 1.318938e+002  1.126938e-004
 1.325125e+002  1.145209e-004
 1.331313e+002  1.109689e-004
 1.337500e+002  1.101720e-004
 1.343688e+002  1.005856e-004
 1.349875e+002  1.031877e-004
 1.356063e+002  9.702651e-005
 1.362250e+002  1.057061e-004
 1.368438e+002  1.153641e-004
 1.374625e+002  1.158847e-004
 1.380813e+002  1.089938e-004
 1.387000e+002  9.483121e-005
 1.393188e+002  1.097457e-004
 1.399375e+002  1.079109e-004
 1.405563e+002  1.129616e-004
 1.411750e+002  1.044197e-004
 1.417938e+002  9.971479e-005
 1.424125e+002  1.041555e-004
 1.430313e+002  1.060656e-004
 1.436500e+002  9.991175e-005
 1.442688e+002  1.033915e-004
 1.448875e+002  1.222167e-004
 1.455063e+002  1.096756e-004
 1.461250e+002  9.604256e-005
 1.467438e+002  1.023536e-004
 1.473625e+002  1.057960e-004
 1.479813e+002  1.127035e-004
 1.486000e+002  1.230649e-004
 1.492188e+002  4.019849e-004
 1.498375e+002  1.090606e-003
 1.504563e+002  7.328648e-004
 1.510750e+002  1.139227e-004
 1.516938e+002  1.016187e-004
 1.523125e+002  1.095846e-004
 1.529313e+002  1.093672e-004
 1.535500e+002  9.950461e-005
 1.541688e+002  9.780695e-005
 1.547875e+002  1.023218e-004
 1.554063e+002  1.004472e-004
 1.560250e+002  1.008164e-004
 1.566438e+002  1.013287e-004
 1.572625e+002  9.617435e-005
 1.578813e+002  1.106714e-004
 1.585000e+002  1.080450e-004
 1.591188e+002  1.002005e-004
 1.597375e+002  1.021777e-004
 1.603563e+002  1.039620e-004
 1.609750e+002  1.012889e-004
 1.615938e+002  1.117532e-004
 1.622125e+002  1.013744e-004
 1.628313e+002  9.970618e-005
 1.634500e+002  9.283866e-005
 1.640688e+002  9.453353e-005
 1.646875e+002  9.963287e-005
 1.653063e+002  8.861874e-005
 1.659250e+002  1.027661e-004
 1.665438e+002  9.207416e-005
 1.671625e+002  9.526035e-005
 1.677813e+002  1.020409e-004
 1.684000e+002  9.289583e-005
 1.690188e+002  9.428543e-005
 1.696375e+002  9.387616e-005
 1.702563e+002  8.558159e-005
 1.708750e+002  9.445662e-005
 1.714938e+002  1.055508e-004
 1.721125e+002  1.038333e-004
 1.727313e+002  9.462518e-005
 1.733500e+002  9.897307e-005
 1.739688e+002  1.089378e-004
 1.745875e+002  1.037495e-004
 1.752063e+002  9.642271e-005
 1.758250e+002  1.099070e-004
 1.764438e+002  1.006664e-004
 1.770625e+002  9.291663e-005
 1.776813e+002  9.459146e-005
 1.783000e+002  9.998154e-005
 1.789188e+002  1.030443e-004
 1.795375e+002  1.065478e-004
 1.801563e+002  1.082770e-004
 1.807750e+002  9.242395e-005
 1.813938e+002  1.018018e-004
 1.820125e+002  8.776646e-005
 1.826313e+002  8.717546e-005
 1.832500e+002  9.119010e-005
 1.838688e+002  9.382622e-005
 1.844875e+002  9.242248e-005
 1.851063e+002  9.143629e-005
 1.857250e+002  9.495890e-005
 1.863438e+002  1.005730e-004
 1.869625e+002  9.617876e-005
 1.875813e+002  9.232172e-005
 1.882000e+002  9.145896e-005
 1.888188e+002  9.351266e-005
 1.894375e+002  9.426435e-005
 1.900563e+002  8.625782e-005
 1.906750e+002  7.680673e-005
 1.912938e+002  8.795843e-005
 1.919125e+002  9.365548e-005
 1.925313e+002  9.875442e-005
 1.931500e+002  9.909341e-005
 1.937688e+002  1.104154e-004
 1.943875e+002  1.120308e-004
 1.950063e+002  9.232686e-005
 1.956250e+002  7.395615e-005
 1.962438e+002  7.437516e-005
 1.968625e+002  8.934431e-005
 1.974813e+002  8.940363e-005
 1.981000e+002  8.235215e-005
 1.987188e+002  8.148196e-005
 1.993375e+002  8.833582e-005
 1.999563e+002  9.713207e-005
 2.005750e+002  9.295969e-005
 2.011938e+002  9.376723e-005
 2.018125e+002  9.902616e-005
 2.024313e+002  9.202314e-005
 2.030500e+002  9.013327e-005
 2.036688e+002  9.483677e-005
 2.042875e+002  8.358281e-005
 2.049063e+002  8.179739e-005
 2.055250e+002  7.520650e-005
 2.061438e+002  8.726331e-005
 2.067625e+002  8.961613e-005
 2.073813e+002  8.994751e-005
 2.080000e+002  9.675360e-005
 2.086188e+002  1.025801e-004
 2.092375e+002  9.040854e-005
 2.098563e+002  8.836814e-005
 2.104750e+002  7.578912e-005
 2.110938e+002  8.922708e-005
 2.117125e+002  8.892092e-005
 2.123313e+002  9.252231e-005
 2.129500e+002  8.319664e-005
 2.135688e+002  7.445767e-005
 2.141875e+002  8.493119e-005
 2.148063e+002  9.425986e-005
 2.154250e+002  9.268386e-005
 2.160438e+002  9.137807e-005
 2.166625e+002  9.021068e-005
 2.172813e+002  8.419951e-005
 2.179000e+002  8.597941e-005
 2.185188e+002  8.697729e-005
 2.191375e+002  7.861466e-005
 2.197563e+002  8.418442e-005
 2.203750e+002  8.779888e-005
 2.209938e+002  7.632839e-005
 2.216125e+002  8.492451e-005
 2.222313e+002  8.163502e-005
 2.228500e+002  8.408739e-005
 2.234688e+002  7.140036e-005
 2.240875e+002  7.115139e-005
 2.247063e+002  8.231070e-005
 2.253250e+002  8.714143e-005
 2.259438e+002  8.225195e-005
 2.265625e+002  8.159824e-005
 2.271813e+002  8.106932e-005
 2.278000e+002  7.836158e-005
 2.284188e+002  8.570539e-005
 2.290375e+002  8.692275e-005
 2.296563e+002  8.680417e-005
 2.302750e+002  7.947380e-005
 2.308938e+002  8.326316e-005
 2.315125e+002  8.442662e-005
 2.321313e+002  7.369489e-005
 2.327500e+002  8.409348e-005
 2.333688e+002  9.225357e-005
 2.339875e+002  1.013039e-004
 2.346063e+002  9.193496e-005
 2.352250e+002  8.253834e-005
 2.358438e+002  8.392849e-005
 2.364625e+002  7.757089e-005
 2.370813e+002  8.722390e-005
 2.377000e+002  9.007959e-005
 2.383188e+002  8.244896e-005
 2.389375e+002  7.866709e-005
 2.395563e+002  9.287939e-005
 2.401750e+002  9.935250e-005
 2.407938e+002  8.341754e-005
 2.414125e+002  8.902728e-005
 2.420313e+002  9.492704e-005
 2.426500e+002  8.733979e-005
 2.432688e+002  7.954143e-005
 2.438875e+002  8.616277e-005
 2.445063e+002  8.195572e-005
 2.451250e+002  8.267636e-005
 2.457438e+002  9.325282e-005
 2.463625e+002  9.111499e-005
 2.469813e+002  6.817476e-005
 2.476000e+002  8.401587e-005
 2.482188e+002  8.849780e-005
 2.488375e+002  8.383942e-005
 2.494563e+002  2.236390e-004
 2.500750e+002  3.249950e-004
 2.506938e+002  1.343630e-004
 2.513125e+002  7.915201e-005
 2.519313e+002  8.031076e-005
 2.525500e+002  9.266046e-005
 2.531688e+002  7.656142e-005
 2.537875e+002  7.011504e-005
 2.544063e+002  8.812258e-005
 2.550250e+002  9.133923e-005
 2.556438e+002  9.204380e-005
 2.562625e+002  8.769272e-005
 2.568813e+002  8.598614e-005
 2.575000e+002  8.410120e-005
 2.581188e+002  8.783919e-005
 2.587375e+002  8.734386e-005
 2.593563e+002  8.365911e-005
 2.599750e+002  8.186053e-005
 2.605938e+002  8.216914e-005
 2.612125e+002  7.964315e-005
 2.618313e+002  7.724375e-005
 2.624500e+002  7.938368e-005
 2.630688e+002  8.291052e-005
 2.636875e+002  8.474269e-005
 2.643063e+002  8.462630e-005
 2.649250e+002  8.536654e-005
 2.655438e+002  8.350809e-005
 2.661625e+002  7.946881e-005
 2.667813e+002  7.772491e-005
 2.674000e+002  8.698685e-005
 2.680188e+002  8.267984e-005
 2.686375e+002  8.177502e-005
 2.692563e+002  8.882059e-005
 2.698750e+002  8.969794e-005
 2.704938e+002  8.765192e-005
 2.711125e+002  7.702112e-005
 2.717313e+002  8.609639e-005
 2.723500e+002  9.060355e-005
 2.729688e+002  8.013251e-005
 2.735875e+002  8.166422e-005
 2.742063e+002  8.205003e-005
 2.748250e+002  8.383298e-005
 2.754438e+002  9.086053e-005
 2.760625e+002  8.443047e-005
 2.766813e+002  8.833474e-005
 2.773000e+002  8.866878e-005
 2.779188e+002  8.509510e-005
 2.785375e+002  7.957214e-005
 2.791563e+002  7.484901e-005
 2.797750e+002  7.575553e-005
 2.803938e+002  8.522895e-005
 2.810125e+002  8.712085e-005
 2.816313e+002  8.819732e-005
 2.822500e+002  9.294116e-005
 2.828688e+002  7.402356e-005
 2.834875e+002  7.930723e-005
 2.841063e+002  9.152462e-005
 2.847250e+002  9.283593e-005
 2.853438e+002  7.938675e-005
 2.859625e+002  7.933206e-005
 2.865813e+002  8.509676e-005
 2.872000e+002  9.205342e-005
 2.878188e+002  8.264777e-005
 2.884375e+002  8.033616e-005
 2.890563e+002  8.107529e-005
 2.896750e+002  8.164044e-005
 2.902938e+002  7.797200e-005
 2.909125e+002  7.397703e-005
 2.915313e+002  7.856021e-005
 2.921500e+002  8.262966e-005
 2.927688e+002  9.225704e-005
 2.933875e+002  9.479943e-005
 2.940063e+002  7.691565e-005
 2.946250e+002  7.600893e-005
 2.952438e+002  8.525974e-005
 2.958625e+002  7.883296e-005
 2.964813e+002  6.355007e-005
 2.971000e+002  6.649434e-005
 2.977188e+002  7.138125e-005
 2.983375e+002  7.337477e-005
 2.989563e+002  8.452984e-005
 2.995750e+002  9.008234e-005
 3.001938e+002  9.097238e-005
 3.008125e+002  7.535350e-005
 3.014313e+002  7.734137e-005
 3.020500e+002  8.745923e-005
 3.026688e+002  1.088246e-004
 3.032875e+002  1.496248e-004
 3.039063e+002  1.060157e-004
 3.045250e+002  7.434930e-005
 3.051438e+002  8.288878e-005
 3.057625e+002  8.991032e-005
 3.063813e+002  7.797475e-005
 3.070000e+002  7.609403e-005
 3.076188e+002  7.890713e-005
 3.082375e+002  7.783501e-005
 3.088563e+002  7.336202e-005
 3.094750e+002  7.889193e-005
 3.100938e+002  7.108197e-005
 3.107125e+002  7.616673e-005
 3.113313e+002  7.485744e-005
 3.119500e+002  8.118108e-005
 3.125688e+002  8.593143e-005
 3.131875e+002  7.781459e-005
 3.138063e+002  8.469289e-005
 3.144250e+002  8.454898e-005
 3.150437e+002  7.552405e-005
 3.156625e+002  7.212841e-005
 3.162812e+002  7.117358e-005
 3.169000e+002  7.474459e-005
 3.175187e+002  7.247991e-005
 3.181375e+002  8.447160e-005
 3.187562e+002  7.491869e-005
 3.193750e+002  7.157038e-005
 3.199937e+002  7.676182e-005
 3.206125e+002  7.754017e-005
 3.212312e+002  7.619393e-005
 3.218500e+002  7.247193e-005
 3.224687e+002  8.036908e-005
 3.230875e+002  7.394612e-005
 3.237062e+002  6.843480e-005
 3.243250e+002  7.305760e-005
 3.249437e+002  7.098328e-005
 3.255625e+002  6.817268e-005
 3.261812e+002  7.395564e-005
 3.268000e+002  7.185482e-005
 3.274187e+002  7.229842e-005
 3.280375e+002  8.142028e-005
 3.286562e+002  7.776491e-005
 3.292750e+002  7.051233e-005
 3.298937e+002  7.286160e-005
 3.305125e+002  7.372622e-005
 3.311312e+002  7.350741e-005
 3.317500e+002  7.405121e-005
 3.323687e+002  7.413375e-005
 3.329875e+002  7.324400e-005
 3.336062e+002  7.534622e-005
 3.342250e+002  8.000910e-005
 3.348437e+002  7.357750e-005
 3.354625e+002  6.699726e-005
 3.360812e+002  7.074016e-005
 3.367000e+002  7.684235e-005
 3.373187e+002  8.547968e-005
 3.379375e+002  9.181071e-005
 3.385562e+002  8.590331e-005
 3.391750e+002  7.790192e-005
 3.397937e+002  7.572283e-005
 3.404125e+002  7.223588e-005
 3.410312e+002  6.945473e-005
 3.416500e+002  6.704155e-005
 3.422687e+002  5.618801e-005
 3.428875e+002  6.188608e-005
 3.435062e+002  6.347831e-005
 3.441250e+002  7.454609e-005
 3.447437e+002  8.578853e-005
 3.453625e+002  7.738644e-005
 3.459812e+002  7.547353e-005
 3.466000e+002  6.768039e-005
 3.472187e+002  7.315999e-005
 3.478375e+002  7.390685e-005
 3.484562e+002  6.820993e-005
 3.490750e+002  8.105025e-005
 3.496937e+002  1.406189e-004
 3.503125e+002  1.112454e-004
 3.509312e+002  6.852722e-005
 3.515500e+002  7.409137e-005
 3.521687e+002  6.856342e-005
 3.527875e+002  7.434099e-005
 3.534062e+002  7.924118e-005
 3.540250e+002  6.728655e-005
 3.546437e+002  6.131294e-005
 3.552625e+002  6.654248e-005
 3.558812e+002  6.981550e-005
 3.565000e+002  7.425580e-005
 3.571187e+002  8.461031e-005
 3.577375e+002  7.239741e-005
 3.583562e+002  6.700226e-005
 3.589750e+002  7.130425e-005
 3.595937e+002  7.170551e-005
 3.602125e+002  8.404763e-005
 3.608312e+002  7.750888e-005
 3.614500e+002  6.661869e-005
 3.620687e+002  6.492024e-005
 3.626875e+002  6.674600e-005
 3.633062e+002  6.656185e-005
 3.639250e+002  7.218812e-005
 3.645437e+002  6.938329e-005
 3.651625e+002  7.638050e-005
 3.657812e+002  7.403873e-005
 3.664000e+002  7.725276e-005
 3.670187e+002  7.248935e-005
 3.676375e+002  8.159171e-005
 3.682562e+002  7.740116e-005
 3.688750e+002  6.761983e-005
 3.694937e+002  7.546303e-005
 3.701125e+002  7.473699e-005
 3.707312e+002  7.588402e-005
 3.713500e+002  7.290234e-005
 3.719687e+002  6.690405e-005
 3.725875e+002  7.842604e-005
 3.732062e+002  8.210206e-005
 3.738250e+002  8.011866e-005
 3.744437e+002  6.663888e-005
 3.750625e+002  7.044352e-005
 3.756812e+002  7.409519e-005
 3.763000e+002  7.001536e-005
 3.769187e+002  6.698644e-005
 3.775375e+002  7.387068e-005
 3.781562e+002  7.714210e-005
 3.787750e+002  7.058983e-005
 3.793937e+002  6.806238e-005
 3.800125e+002  6.624201e-005
 3.806312e+002  6.193343e-005
 3.812500e+002  6.153603e-005
 3.818687e+002  6.551590e-005
 3.824875e+002  7.814896e-005
 3.831062e+002  7.689672e-005
 3.837250e+002  7.831733e-005
 3.843437e+002  7.858953e-005
 3.849625e+002  7.471045e-005
 3.855812e+002  6.647291e-005
 3.862000e+002  6.823317e-005
 3.868187e+002  6.394120e-005
 3.874375e+002  6.205588e-005
 3.880562e+002  6.811345e-005
 3.886750e+002  7.389902e-005
 3.892937e+002  7.109475e-005
 3.899125e+002  7.055858e-005
 3.905312e+002  7.452867e-005
 3.911500e+002  8.267030e-005
 3.917687e+002  6.756428e-005
 3.923875e+002  7.145928e-005
 3.930062e+002  8.395572e-005
 3.936250e+002  8.642139e-005
 3.942437e+002  8.616073e-005
 3.948625e+002  8.734805e-005
 3.954812e+002  7.595480e-005
 3.961000e+002  6.677859e-005
 3.967187e+002  7.164066e-005
 3.973375e+002  6.824545e-005
 3.979562e+002  6.871817e-005
 3.985750e+002  6.562886e-005
 3.991937e+002  6.411231e-005
 3.998125e+002  7.376854e-005
 4.004312e+002  6.817646e-005
 4.010500e+002  7.199003e-005
 4.016687e+002  7.454960e-005
 4.022875e+002  6.879254e-005
 4.029062e+002  7.076826e-005
 4.035250e+002  7.427145e-005
 4.041437e+002  7.711712e-005
 4.047625e+002  7.992457e-005
 4.053812e+002  7.689057e-005
 4.060000e+002  7.464019e-005
 4.066187e+002  7.638651e-005
 4.072375e+002  6.905918e-005
 4.078562e+002  7.471894e-005
 4.084750e+002  6.876374e-005
 4.090937e+002  7.297804e-005
 4.097125e+002  6.595534e-005
 4.103312e+002  6.128686e-005
 4.109500e+002  6.793197e-005
 4.115687e+002  7.085758e-005
 4.121875e+002  7.032448e-005
 4.128062e+002  6.684310e-005
 4.134250e+002  7.486617e-005
 4.140437e+002  6.817886e-005
 4.146625e+002  7.166982e-005
 4.152812e+002  6.820613e-005
 4.159000e+002  6.597271e-005
 4.165187e+002  7.386998e-005
 4.171375e+002  7.378909e-005
 4.177562e+002  7.180671e-005
 4.183750e+002  7.261151e-005
 4.189937e+002  6.369928e-005
 4.196125e+002  6.696470e-005
 4.202312e+002  8.449727e-005
 4.208500e+002  7.359792e-005
 4.214687e+002  6.599542e-005
 4.220875e+002  7.480885e-005
 4.227062e+002  7.158340e-005
 4.233250e+002  6.533976e-005
 4.239437e+002  6.673853e-005
 4.245625e+002  7.147382e-005
 4.251812e+002  6.678041e-005
 4.258000e+002  7.742537e-005
 4.264187e+002  7.835423e-005
 4.270375e+002  7.693050e-005
 4.276562e+002  7.032768e-005
 4.282750e+002  6.727023e-005
 4.288937e+002  6.641380e-005
 4.295125e+002  7.509203e-005
 4.301312e+002  7.759239e-005
 4.307500e+002  7.679501e-005
 4.313687e+002  8.637805e-005
 4.319875e+002  8.017162e-005
 4.326062e+002  6.858652e-005
 4.332250e+002  6.984047e-005
 4.338437e+002  7.112032e-005
 4.344625e+002  7.455545e-005
 4.350812e+002  7.349718e-005
 4.357000e+002  7.285865e-005
 4.363187e+002  6.450438e-005
 4.369375e+002  6.222861e-005
 4.375562e+002  6.719402e-005
 4.381750e+002  7.039024e-005
 4.387937e+002  7.484825e-005
 4.394125e+002  7.319152e-005
 4.400312e+002  7.347684e-005
 4.406500e+002  7.034656e-005
 4.412687e+002  6.991140e-005
 4.418875e+002  7.646101e-005
 4.425062e+002  6.714645e-005
 4.431250e+002  6.678972e-005
 4.437437e+002  7.361744e-005
 4.443625e+002  6.031914e-005
 4.449812e+002  6.323013e-005
 4.456000e+002  7.509458e-005
 4.462187e+002  7.298651e-005
 4.468375e+002  7.503042e-005
 4.474562e+002  6.618632e-005
 4.480750e+002  6.807668e-005
 4.486937e+002  6.584054e-005
 4.493125e+002  1.373594e-004
 4.499312e+002  2.284959e-004
 4.505500e+002  1.174585e-004
 4.511687e+002  6.607864e-005
 4.517875e+002  7.242509e-005
 4.524062e+002  6.902775e-005
 4.530250e+002  7.066322e-005
 4.536437e+002  6.884517e-005
 4.542625e+002  7.432882e-005
 4.548812e+002  6.675527e-005
 4.555000e+002  6.628399e-005
 4.561187e+002  7.010289e-005
 4.567375e+002  7.145106e-005
 4.573562e+002  6.848671e-005
 4.579750e+002  7.218637e-005
 4.585937e+002  7.188468e-005
 4.592125e+002  6.804510e-005
 4.598312e+002  7.741939e-005
 4.604500e+002  7.207634e-005
 4.610687e+002  6.347099e-005
 4.616875e+002  6.414362e-005
 4.623062e+002  6.761615e-005
 4.629250e+002  7.540754e-005
 4.635437e+002  6.537661e-005
 4.641625e+002  5.954758e-005
 4.647812e+002  6.745603e-005
 4.654000e+002  6.683513e-005
 4.660187e+002  7.207798e-005
 4.666375e+002  6.846113e-005
 4.672562e+002  6.048855e-005
 4.678750e+002  5.964044e-005
 4.684937e+002  6.720261e-005
 4.691125e+002  6.326744e-005
 4.697312e+002  6.388656e-005
 4.703500e+002  7.342087e-005
 4.709687e+002  6.857375e-005
 4.715875e+002  7.508181e-005
 4.722062e+002  6.740977e-005
 4.728250e+002  6.613243e-005
 4.734437e+002  6.556730e-005
 4.740625e+002  6.855707e-005
 4.746812e+002  6.442730e-005
 4.753000e+002  6.684474e-005
 4.759187e+002  6.683113e-005
 4.765375e+002  6.654305e-005
 4.771562e+002  6.951024e-005
 4.777750e+002  6.952817e-005
 4.783937e+002  6.823051e-005
 4.790125e+002  6.772070e-005
 4.796312e+002  7.574648e-005
 4.802500e+002  8.344553e-005
 4.808687e+002  7.394744e-005
 4.814875e+002  5.928902e-005
 4.821062e+002  6.069028e-005
 4.827250e+002  7.426633e-005
 4.833437e+002  6.492551e-005
 4.839625e+002  6.581403e-005
 4.845812e+002  6.350220e-005
 4.852000e+002  6.321444e-005
 4.858187e+002  7.154792e-005
 4.864375e+002  6.992170e-005
 4.870562e+002  6.739098e-005
 4.876750e+002  7.108338e-005
 4.882937e+002  7.368787e-005
 4.889125e+002  6.821742e-005
 4.895312e+002  6.535084e-005
 4.901500e+002  6.911280e-005
 4.907687e+002  7.518810e-005
 4.913875e+002  7.239976e-005
 4.920062e+002  7.233140e-005
 4.926250e+002  7.176983e-005
 4.932437e+002  7.281457e-005
 4.938625e+002  7.185665e-005
 4.944812e+002  6.653804e-005
 4.951000e+002  6.461835e-005
 4.957187e+002  6.778106e-005
 4.963375e+002  6.919336e-005
 4.969562e+002  6.813631e-005
 4.975750e+002  7.074716e-005
 4.981937e+002  7.244242e-005
 4.988125e+002  6.862777e-005
 4.994312e+002  6.538342e-005
 5.000500e+002  6.922115e-005
 5.006687e+002  6.842850e-005
 5.012875e+002  6.870742e-005
 5.019062e+002  6.935092e-005
 5.025250e+002  7.243007e-005
 5.031437e+002  6.606099e-005
 5.037625e+002  7.301614e-005
 5.043812e+002  7.163683e-005
 5.050000e+002  7.345500e-005
 5.056187e+002  7.389747e-005
 5.062375e+002  7.164831e-005
 5.068562e+002  7.030227e-005
 5.074750e+002  6.343093e-005
 5.080937e+002  5.847696e-005
 5.087125e+002  6.753055e-005
 5.093312e+002  7.216550e-005
 5.099500e+002  7.618350e-005
 5.105687e+002  7.604198e-005
 5.111875e+002  6.464492e-005
 5.118062e+002  5.602760e-005
 5.124250e+002  6.171661e-005
 5.130437e+002  7.016533e-005
 5.136625e+002  6.988499e-005
 5.142812e+002  6.613014e-005
 5.149000e+002  7.404226e-005
 5.155187e+002  7.317158e-005
 5.161375e+002  7.681946e-005
 5.167562e+002  7.349399e-005
 5.173750e+002  6.156725e-005
 5.179937e+002  6.252098e-005
 5.186125e+002  7.280176e-005
 5.192312e+002  6.791459e-005
 5.198500e+002  6.575267e-005
 5.204687e+002  6.764695e-005
 5.210875e+002  6.779145e-005
 5.217062e+002  7.280921e-005
 5.223250e+002  7.833332e-005
 5.229437e+002  7.969442e-005
 5.235625e+002  7.511600e-005
 5.241812e+002  6.525893e-005
 5.248000e+002  6.745326e-005
 5.254187e+002  6.881111e-005
 5.260375e+002  6.495451e-005
 5.266562e+002  6.411344e-005
 5.272750e+002  6.345302e-005
 5.278937e+002  6.449717e-005
 5.285125e+002  6.323502e-005
 5.291312e+002  6.558955e-005
 5.297500e+002  6.202275e-005
 5.303687e+002  6.737287e-005
 5.309875e+002  6.606645e-005
 5.316062e+002  6.746783e-005
 5.322250e+002  6.625445e-005
 5.328437e+002  7.262424e-005
 5.334625e+002  7.256613e-005
 5.340812e+002  7.325380e-005
 5.347000e+002  7.654172e-005
 5.353187e+002  6.908655e-005
 5.359375e+002  7.308206e-005
 5.365562e+002  7.265999e-005
 5.371750e+002  5.980059e-005
 5.377937e+002  6.786653e-005
 5.384125e+002  6.691694e-005
 5.390312e+002  7.042655e-005
 5.396500e+002  6.430660e-005
 5.402687e+002  6.585481e-005
 5.408875e+002  5.906473e-005
 5.415062e+002  6.581629e-005
 5.421250e+002  7.360584e-005
 5.427437e+002  7.911271e-005
 5.433625e+002  7.543674e-005
 5.439812e+002  7.431835e-005
 5.446000e+002  7.429441e-005
 5.452187e+002  6.283868e-005
 5.458375e+002  6.015908e-005
 5.464562e+002  6.263963e-005
 5.470750e+002  6.852121e-005
 5.476937e+002  7.252224e-005
 5.483125e+002  7.152725e-005
 5.489312e+002  7.532309e-005
 5.495500e+002  1.131009e-004
 5.501687e+002  9.925990e-005
 5.507875e+002  5.981258e-005
 5.514062e+002  5.596383e-005
 5.520250e+002  6.368499e-005
 5.526437e+002  7.278468e-005
 5.532625e+002  7.662521e-005
 5.538812e+002  6.736813e-005
 5.545000e+002  6.028706e-005
 5.551187e+002  6.617518e-005
 5.557375e+002  6.337344e-005
 5.563562e+002  6.493516e-005
 5.569750e+002  7.112603e-005
 5.575937e+002  6.913957e-005
 5.582125e+002  7.202261e-005
 5.588312e+002  7.632875e-005
 5.594500e+002  7.302430e-005
 5.600687e+002  6.747723e-005
 5.606875e+002  6.815796e-005
 5.613062e+002  6.153273e-005
 5.619250e+002  6.205636e-005
 5.625437e+002  6.871175e-005
 5.631625e+002  6.717999e-005
 5.637812e+002  6.839817e-005
 5.644000e+002  6.570397e-005
 5.650187e+002  5.590748e-005
 5.656375e+002  6.193804e-005
 5.662562e+002  6.985284e-005
 5.668750e+002  7.199172e-005
 5.674937e+002  7.407900e-005
 5.681125e+002  6.786139e-005
 5.687312e+002  6.366886e-005
 5.693500e+002  6.843400e-005
 5.699687e+002  6.906196e-005
 5.705875e+002  6.476246e-005
 5.712062e+002  6.413661e-005
 5.718250e+002  6.844665e-005
 5.724437e+002  7.267791e-005
 5.730625e+002  7.217768e-005
 5.736812e+002  7.422145e-005
 5.743000e+002  6.745920e-005
 5.749187e+002  7.142708e-005
 5.755375e+002  7.335395e-005
 5.761562e+002  7.028612e-005
 5.767750e+002  6.504201e-005
 5.773937e+002  6.954028e-005
 5.780125e+002  6.586866e-005
 5.786312e+002  6.015006e-005
 5.792500e+002  6.449173e-005
 5.798687e+002  7.361415e-005
 5.804875e+002  6.990583e-005
 5.811062e+002  6.407221e-005
 5.817250e+002  5.885561e-005
 5.823437e+002  6.096276e-005
 5.829625e+002  6.435140e-005
 5.835812e+002  6.208306e-005
 5.842000e+002  6.791033e-005
 5.848187e+002  6.545275e-005
 5.854375e+002  6.643727e-005
 5.860562e+002  6.344392e-005
 5.866750e+002  6.823602e-005
 5.872937e+002  6.269684e-005
 5.879125e+002  5.818585e-005
 5.885312e+002  5.538945e-005
 5.891500e+002  6.207491e-005
 5.897687e+002  7.018064e-005
 5.903875e+002  6.308606e-005
 5.910062e+002  6.793556e-005
 5.916250e+002  6.653723e-005
 5.922437e+002  6.420588e-005
 5.928625e+002  6.600075e-005
 5.934812e+002  6.370263e-005
 5.941000e+002  6.495829e-005
 5.947187e+002  6.138772e-005
 5.953375e+002  6.905069e-005
 5.959562e+002  6.817971e-005
 5.965750e+002  6.670307e-005
 5.971937e+002  6.909442e-005
 5.978125e+002  6.895631e-005
 5.984312e+002  6.455189e-005
 5.990500e+002  6.584315e-005
 5.996687e+002  6.977488e-005
 6.002875e+002  7.411408e-005
 6.009062e+002  6.698696e-005
 6.015250e+002  6.062160e-005
 6.021437e+002  5.687652e-005
 6.027625e+002  5.288644e-005
 6.033812e+002  5.550327e-005
 6.040000e+002  6.108414e-005
 6.046187e+002  6.780474e-005
 6.052375e+002  7.807134e-005
 6.058562e+002  8.848357e-005
 6.064750e+002  8.579537e-005
 6.070937e+002  6.098139e-005
 6.077125e+002  6.136640e-005
 6.083312e+002  6.802164e-005
 6.089500e+002  6.342102e-005
 6.095687e+002  6.483543e-005
 6.101875e+002  6.801924e-005
 6.108062e+002  6.697799e-005
 6.114250e+002  6.724498e-005
 6.120437e+002  6.916165e-005
 6.126625e+002  6.358408e-005
 6.132812e+002  6.462696e-005
 6.139000e+002  7.210249e-005
 6.145187e+002  7.004926e-005
 6.151375e+002  6.598943e-005
 6.157562e+002  6.659235e-005
 6.163750e+002  6.030724e-005
 6.169937e+002  6.606218e-005
 6.176125e+002  7.234662e-005
 6.182312e+002  7.345166e-005
 6.188500e+002  6.815566e-005
 6.194687e+002  6.203245e-005
 6.200875e+002  5.643858e-005
 6.207062e+002  6.019979e-005
 6.213250e+002  6.459606e-005
 6.219437e+002  6.856366e-005
 6.225625e+002  7.008079e-005
 6.231812e+002  6.172949e-005
 6.238000e+002  6.480618e-005
 6.244187e+002  6.346796e-005
 6.250375e+002  6.216356e-005
 6.256562e+002  6.128126e-005
 6.262750e+002  5.455910e-005
 6.268937e+002  5.430851e-005
 6.275125e+002  6.501655e-005
 6.281312e+002  6.321664e-005
 6.287500e+002  6.773779e-005
 6.293687e+002  6.495499e-005
 6.299875e+002  6.826734e-005
 6.306062e+002  7.036359e-005
 6.312250e+002  7.279096e-005
 6.318437e+002  6.820150e-005
 6.324625e+002  6.607941e-005
 6.330812e+002  6.455199e-005
 6.337000e+002  6.566267e-005
 6.343187e+002  6.486325e-005
 6.349375e+002  6.726799e-005
 6.355562e+002  7.189056e-005
 6.361750e+002  6.855517e-005
 6.367937e+002  6.309741e-005
 6.374125e+002  6.107309e-005
 6.380312e+002  6.516530e-005
 6.386500e+002  6.724849e-005
 6.392687e+002  6.962406e-005
 6.398875e+002  6.271976e-005
 6.405062e+002  5.806835e-005
 6.411250e+002  6.459984e-005
 6.417437e+002  6.243744e-005
 6.423625e+002  6.350128e-005
 6.429812e+002  6.704917e-005
 6.436000e+002  7.203315e-005
 6.442187e+002  6.904660e-005
 6.448375e+002  6.250092e-005
 6.454562e+002  5.663728e-005
 6.460750e+002  5.812677e-005
 6.466937e+002  6.308826e-005
 6.473125e+002  6.568653e-005
 6.479312e+002  6.629035e-005
 6.485500e+002  6.951840e-005
 6.491687e+002  7.071833e-005
 6.497875e+002  9.493784e-005
 6.504062e+002  7.833751e-005
 6.510250e+002  6.524952e-005
 6.516437e+002  6.004593e-005
 6.522625e+002  5.992835e-005
 6.528812e+002  5.919153e-005
 6.535000e+002  5.984918e-005
 6.541187e+002  5.252379e-005
 6.547375e+002  6.218586e-005
 6.553562e+002  5.789981e-005
 6.559750e+002  6.023771e-005
 6.565937e+002  6.757692e-005
 6.572125e+002  6.658821e-005
 6.578312e+002  5.679777e-005
 6.584500e+002  5.636711e-005
 6.590687e+002  5.820567e-005
 6.596875e+002  5.791328e-005
 6.603062e+002  7.207841e-005
 6.609250e+002  7.647141e-005
 6.615437e+002  7.370538e-005
 6.621625e+002  6.543341e-005
 6.627812e+002  5.543737e-005
 6.634000e+002  6.332352e-005
 6.640187e+002  6.255779e-005
 6.646375e+002  6.628729e-005
 6.652562e+002  6.125070e-005
 6.658750e+002  5.622073e-005
 6.664937e+002  5.580132e-005
 6.671125e+002  6.195013e-005
 6.677312e+002  6.523303e-005
 6.683500e+002  6.009041e-005
 6.689687e+002  6.594534e-005
 6.695875e+002  7.045596e-005
 6.702062e+002  6.852827e-005
 6.708250e+002  6.736607e-005
 6.714437e+002  6.425397e-005
 6.720625e+002  6.306073e-005
 6.726812e+002  6.208039e-005
 6.733000e+002  6.606297e-005
 6.739187e+002  6.799051e-005
 6.745375e+002  5.727028e-005
 6.751562e+002  6.313083e-005
 6.757750e+002  6.138372e-005
 6.763937e+002  6.934503e-005
 6.770125e+002  6.616676e-005
 6.776312e+002  6.523450e-005
 6.782500e+002  6.712766e-005
 6.788687e+002  7.176237e-005
 6.794875e+002  6.843662e-005
 6.801062e+002  6.489575e-005
 6.807250e+002  6.936502e-005
 6.813437e+002  6.903013e-005
 6.819625e+002  6.838204e-005
 6.825812e+002  6.563539e-005
 6.832000e+002  6.303337e-005
 6.838187e+002  6.360858e-005
 6.844375e+002  6.172360e-005
 6.850562e+002  5.456949e-005
 6.856750e+002  6.689500e-005
 6.862937e+002  6.697581e-005
 6.869125e+002  6.545185e-005
 6.875312e+002  7.920933e-005
 6.881500e+002  8.235019e-005
 6.887687e+002  7.185200e-005
 6.893875e+002  6.456883e-005
 6.900062e+002  7.155251e-005
 6.906250e+002  5.670186e-005
 6.912437e+002  5.277597e-005
 6.918625e+002  5.993625e-005
 6.924812e+002  6.431603e-005
 6.931000e+002  6.920947e-005
 6.937187e+002  6.125816e-005
 6.943375e+002  6.215901e-005
 6.949562e+002  6.521114e-005
 6.955750e+002  6.572591e-005
 6.961937e+002  6.753013e-005
 6.968125e+002  6.581679e-005
 6.974312e+002  6.436874e-005
 6.980500e+002  6.577215e-005
 6.986687e+002  6.843693e-005
 6.992875e+002  6.775424e-005
 6.999062e+002  7.188199e-005
 7.005250e+002  7.638943e-005
 7.011437e+002  7.071863e-005
 7.017625e+002  6.073518e-005
 7.023812e+002  6.548155e-005
 7.030000e+002  6.466818e-005
 7.036187e+002  7.079741e-005
 7.042375e+002  7.243611e-005
 7.048562e+002  6.220125e-005
 7.054750e+002  5.975732e-005
 7.060937e+002  6.463471e-005
 7.067125e+002  6.320705e-005
 7.073312e+002  6.122553e-005
 7.079500e+002  6.019000e-005
 7.085687e+002  6.272164e-005
 7.091875e+002  6.734561e-005
 7.098062e+002  6.410676e-005
 7.104250e+002  6.486809e-005
 7.110437e+002  6.303091e-005
 7.116625e+002  6.149938e-005
 7.122812e+002  6.274639e-005
 7.129000e+002  6.233786e-005
 7.135187e+002  6.465425e-005
 7.141375e+002  7.020018e-005
 7.147562e+002  6.296485e-005
 7.153750e+002  6.151099e-005
 7.159937e+002  6.703621e-005
 7.166125e+002  6.183540e-005
 7.172312e+002  5.855525e-005
 7.178500e+002  6.633291e-005
 7.184687e+002  6.213565e-005
 7.190875e+002  5.828250e-005
 7.197062e+002  6.665344e-005
 7.203250e+002  6.247058e-005
 7.209437e+002  6.118660e-005
 7.215625e+002  5.999663e-005
 7.221812e+002  6.551417e-005
 7.228000e+002  5.384739e-005
 7.234187e+002  5.723312e-005
 7.240375e+002  6.130256e-005
 7.246562e+002  6.068317e-005
 7.252750e+002  6.416575e-005
 7.258937e+002  6.164195e-005
 7.265125e+002  6.397476e-005
 7.271312e+002  7.137880e-005
 7.277500e+002  6.378652e-005
 7.283687e+002  6.170793e-005
 7.289875e+002  6.513188e-005
 7.296062e+002  6.379498e-005
 7.302250e+002  6.385152e-005
 7.308437e+002  6.511333e-005
 7.314625e+002  6.419107e-005
 7.320812e+002  6.646983e-005
 7.327000e+002  6.756441e-005
 7.333187e+002  6.210795e-005
 7.339375e+002  5.681464e-005
 7.345562e+002  6.089432e-005
 7.351750e+002  5.838048e-005
 7.357937e+002  5.679622e-005
 7.364125e+002  6.199734e-005
 7.370312e+002  6.501912e-005
 7.376500e+002  7.010915e-005
 7.382687e+002  6.704207e-005
 7.388875e+002  6.220313e-005
 7.395062e+002  5.894944e-005
 7.401250e+002  6.523018e-005
 7.407437e+002  6.532444e-005
 7.413625e+002  6.854160e-005
 7.419812e+002  6.359845e-005
 7.426000e+002  6.336224e-005
 7.432187e+002  6.747123e-005
 7.438375e+002  6.781051e-005
 7.444562e+002  6.681809e-005
 7.450750e+002  6.558279e-005
 7.456937e+002  6.506364e-005
 7.463125e+002  6.071791e-005
 7.469312e+002  5.032873e-005
 7.475500e+002  6.167032e-005
 7.481687e+002  6.792325e-005
 7.487875e+002  6.995655e-005
 7.494062e+002  1.185193e-004
 7.500250e+002  1.310745e-004
 7.506437e+002  7.522564e-005
 7.512625e+002  6.308447e-005
 7.518812e+002  5.791189e-005
 7.525000e+002  6.598625e-005
 7.531187e+002  7.589359e-005
 7.537375e+002  6.672007e-005
 7.543562e+002  6.927599e-005
 7.549750e+002  6.530458e-005
 7.555937e+002  6.119668e-005
 7.562125e+002  6.195672e-005
 7.568312e+002  6.998744e-005
 7.574500e+002  7.080854e-005
 7.580687e+002  5.802865e-005
 7.586875e+002  6.666694e-005
 7.593062e+002  6.928278e-005
 7.599250e+002  6.119289e-005
 7.605437e+002  6.483400e-005
 7.611625e+002  5.947068e-005
 7.617812e+002  5.710676e-005
 7.624000e+002  5.981010e-005
 7.630187e+002  6.942894e-005
 7.636375e+002  7.047208e-005
 7.642562e+002  6.804047e-005
 7.648750e+002  6.675353e-005
 7.654937e+002  6.683402e-005
 7.661125e+002  6.000337e-005
 7.667312e+002  5.942510e-005
 7.673500e+002  5.752127e-005
 7.679687e+002  6.080689e-005
 7.685875e+002  5.735508e-005
 7.692062e+002  5.603059e-005
 7.698250e+002  6.491520e-005
 7.704437e+002  6.944210e-005
 7.710625e+002  6.404075e-005
 7.716812e+002  6.188722e-005
 7.723000e+002  6.530986e-005
 7.729187e+002  6.046260e-005
 7.735375e+002  6.088398e-005
 7.741562e+002  6.307090e-005
 7.747750e+002  6.660594e-005
 7.753937e+002  6.750392e-005
 7.760125e+002  6.422868e-005
 7.766312e+002  6.442748e-005
 7.772500e+002  7.176150e-005
 7.778687e+002  6.515119e-005
 7.784875e+002  6.563483e-005
 7.791062e+002  6.256104e-005
 7.797250e+002  6.193689e-005
 7.803437e+002  6.739283e-005
 7.809625e+002  6.581316e-005
 7.815812e+002  6.540215e-005
 7.822000e+002  6.196403e-005
 7.828187e+002  5.626339e-005
 7.834375e+002  5.825497e-005
 7.840562e+002  6.241827e-005
 7.846750e+002  5.870537e-005
 7.852937e+002  5.895598e-005
 7.859125e+002  6.133431e-005
 7.865312e+002  6.548239e-005
 7.871500e+002  6.555658e-005
 7.877687e+002  5.978578e-005
 7.883875e+002  5.643420e-005
 7.890062e+002  6.311380e-005
 7.896250e+002  6.094666e-005
 7.902437e+002  6.992603e-005
 7.908625e+002  6.914213e-005
 7.914812e+002  6.729950e-005
 7.921000e+002  6.161906e-005
 7.927187e+002  6.034200e-005
 7.933375e+002  6.073259e-005
 7.939562e+002  5.068292e-005
 7.945750e+002  6.120627e-005
 7.951937e+002  6.318001e-005
 7.958125e+002  6.831100e-005
 7.964312e+002  5.882793e-005
 7.970500e+002  5.758356e-005
 7.976687e+002  5.704213e-005
 7.982875e+002  6.508646e-005
 7.989062e+002  7.019037e-005
 7.995250e+002  7.101040e-005
 8.001437e+002  6.291802e-005
 8.007625e+002  6.122582e-005
 8.013812e+002  6.453089e-005
 8.020000e+002  6.141881e-005
 8.026187e+002  6.667647e-005
 8.032375e+002  5.940020e-005
 8.038562e+002  5.929811e-005
 8.044750e+002  6.522062e-005
 8.050937e+002  7.258392e-005
 8.057125e+002  5.726581e-005
 8.063312e+002  5.575289e-005
 8.069500e+002  6.058104e-005
 8.075687e+002  5.757875e-005
 8.081875e+002  6.142548e-005
 8.088062e+002  5.981021e-005
 8.094250e+002  5.845453e-005
 8.100437e+002  6.286231e-005
 8.106625e+002  6.163576e-005
 8.112812e+002  5.418336e-005
 8.119000e+002  6.077597e-005
 8.125187e+002  5.824988e-005
 8.131375e+002  5.673750e-005
 8.137562e+002  5.872630e-005
 8.143750e+002  6.906486e-005
 8.149937e+002  7.000817e-005
 8.156125e+002  6.543130e-005
 8.162312e+002  5.553289e-005
 8.168500e+002  6.230622e-005
 8.174687e+002  6.374805e-005
 8.180875e+002  6.463234e-005
 8.187062e+002  6.520975e-005
 8.193250e+002  6.843172e-005
 8.199437e+002  5.965566e-005
 8.205625e+002  5.843747e-005
 8.211812e+002  5.943206e-005
 8.218000e+002  5.506837e-005
 8.224187e+002  5.623076e-005
 8.230375e+002  6.163653e-005
 8.236562e+002  5.902722e-005
 8.242750e+002  6.010965e-005
 8.248937e+002  6.493007e-005
 8.255125e+002  6.251629e-005
 8.261312e+002  6.520073e-005
 8.267500e+002  6.391473e-005
 8.273687e+002  5.922511e-005
 8.279875e+002  5.882465e-005
 8.286062e+002  6.493988e-005
 8.292250e+002  6.519142e-005
 8.298437e+002  5.879399e-005
 8.304625e+002  6.661896e-005
 8.310812e+002  6.032785e-005
 8.317000e+002  6.094630e-005
 8.323187e+002  5.339893e-005
 8.329375e+002  5.865990e-005
 8.335562e+002  6.288736e-005
 8.341750e+002  6.632900e-005
 8.347937e+002  6.614420e-005
 8.354125e+002  5.806083e-005
 8.360312e+002  5.845959e-005
 8.366500e+002  6.254272e-005
 8.372687e+002  6.474615e-005
 8.378875e+002  6.779641e-005
 8.385062e+002  6.680474e-005
 8.391250e+002  6.259970e-005
 8.397437e+002  6.658003e-005
 8.403625e+002  7.240735e-005
 8.409812e+002  6.930120e-005
 8.416000e+002  6.632034e-005
 8.422187e+002  6.877948e-005
 8.428375e+002  6.575182e-005
 8.434562e+002  5.895107e-005
 8.440750e+002  6.098228e-005
 8.446937e+002  6.454207e-005
 8.453125e+002  6.236563e-005
 8.459312e+002  5.564647e-005
 8.465500e+002  5.902033e-005
 8.471687e+002  6.096663e-005
 8.477875e+002  5.715785e-005
 8.484062e+002  5.902784e-005
 8.490250e+002  6.395925e-005
 8.496437e+002  9.039742e-005
 8.502625e+002  8.125673e-005
 8.508812e+002  6.295898e-005
 8.515000e+002  6.033628e-005
 8.521187e+002  5.829648e-005
 8.527375e+002  6.948024e-005
 8.533562e+002  7.047125e-005
 8.539750e+002  5.936132e-005
 8.545937e+002  5.704830e-005
 8.552125e+002  5.663780e-005
 8.558312e+002  5.563725e-005
 8.564500e+002  5.846920e-005
 8.570687e+002  6.177281e-005
 8.576875e+002  6.462750e-005
 8.583062e+002  6.178141e-005
 8.589250e+002  6.209729e-005
 8.595437e+002  5.636439e-005
 8.601625e+002  5.940628e-005
 8.607812e+002  6.278457e-005
 8.614000e+002  5.718214e-005
 8.620187e+002  5.832587e-005
 8.626375e+002  5.554258e-005
 8.632562e+002  5.715337e-005
 8.638750e+002  6.241046e-005
 8.644937e+002  5.837715e-005
 8.651125e+002  5.606323e-005
 8.657312e+002  5.709076e-005
 8.663500e+002  5.433661e-005
 8.669687e+002  5.699161e-005
 8.675875e+002  6.270449e-005
 8.682062e+002  6.277470e-005
 8.688250e+002  6.028887e-005
 8.694437e+002  5.652674e-005
 8.700625e+002  6.241323e-005
 8.706812e+002  6.730592e-005
 8.713000e+002  6.529828e-005
 8.719187e+002  5.880117e-005
 8.725375e+002  5.308503e-005
 8.731562e+002  6.132726e-005
 8.737750e+002  6.000084e-005
 8.743937e+002  6.518316e-005
 8.750125e+002  6.241184e-005
 8.756312e+002  6.448226e-005
 8.762500e+002  6.385264e-005
 8.768687e+002  6.369351e-005
 8.774875e+002  6.209351e-005
 8.781062e+002  6.319300e-005
 8.787250e+002  5.999631e-005
 8.793437e+002  5.923681e-005
 8.799625e+002  6.370469e-005
 8.805812e+002  6.285543e-005
 8.812000e+002  6.336210e-005
 8.818187e+002  6.884189e-005
 8.824375e+002  5.997131e-005
 8.830562e+002  6.124103e-005
 8.836750e+002  6.208184e-005
 8.842937e+002  6.237913e-005
 8.849125e+002  6.367683e-005
 8.855312e+002  7.656606e-005
 8.861500e+002  6.829650e-005
 8.867687e+002  6.099603e-005
 8.873875e+002  6.687701e-005
 8.880062e+002  6.203960e-005
 8.886250e+002  5.844528e-005
 8.892437e+002  6.487961e-005
 8.898625e+002  6.586104e-005
 8.904812e+002  6.038475e-005
 8.911000e+002  6.474562e-005
 8.917187e+002  5.538802e-005
 8.923375e+002  6.014611e-005
 8.929562e+002  5.958210e-005
 8.935750e+002  5.611726e-005
 8.941937e+002  6.422756e-005
 8.948125e+002  6.328844e-005
 8.954312e+002  6.230318e-005
 8.960500e+002  5.416893e-005
 8.966687e+002  6.099992e-005
 8.972875e+002  6.116903e-005
 8.979062e+002  6.356465e-005
 8.985250e+002  6.170891e-005
 8.991437e+002  5.648968e-005
 8.997625e+002  5.930338e-005
 9.003812e+002  6.523919e-005
 9.010000e+002  6.256085e-005
 9.016187e+002  6.228936e-005
 9.022375e+002  5.919776e-005
 9.028562e+002  6.592327e-005
 9.034750e+002  6.802244e-005
 9.040937e+002  6.599914e-005
 9.047125e+002  5.504614e-005
 9.053312e+002  4.936538e-005
 9.059500e+002  5.742546e-005
 9.065687e+002  5.652050e-005
 9.071875e+002  5.675547e-005
 9.078062e+002  5.681056e-005
 9.084250e+002  5.965167e-005
 9.090437e+002  6.829361e-005
 9.096625e+002  8.294224e-005
 9.102812e+002  7.086379e-005
 9.109000e+002  6.092134e-005
 9.115187e+002  5.836251e-005
 9.121375e+002  5.996442e-005
 9.127562e+002  6.796454e-005
 9.133750e+002  6.155232e-005
 9.139937e+002  6.133277e-005
 9.146125e+002  5.570622e-005
 9.152312e+002  5.874240e-005
 9.158500e+002  6.688353e-005
 9.164687e+002  6.885350e-005
 9.170875e+002  6.548397e-005
 9.177062e+002  6.777002e-005
 9.183250e+002  6.372624e-005
 9.189437e+002  5.652507e-005
 9.195625e+002  5.617917e-005
 9.201812e+002  6.073501e-005
 9.208000e+002  6.353086e-005
 9.214187e+002  6.267671e-005
 9.220375e+002  5.473957e-005
 9.226562e+002  6.111367e-005
 9.232750e+002  6.506920e-005
 9.238937e+002  5.908272e-005
 9.245125e+002  6.089435e-005
 9.251312e+002  6.426640e-005
 9.257500e+002  6.544281e-005
 9.263687e+002  5.378993e-005
 9.269875e+002  5.674782e-005
 9.276062e+002  6.438665e-005
 9.282250e+002  5.954818e-005
 9.288437e+002  5.335540e-005
 9.294625e+002  7.277919e-005
 9.300812e+002  6.358850e-005
 9.307000e+002  5.940368e-005
 9.313187e+002  6.424206e-005
 9.319375e+002  7.166888e-005
 9.325562e+002  6.615245e-005
 9.331750e+002  5.820254e-005
 9.337937e+002  5.656378e-005
 9.344125e+002  5.416818e-005
 9.350312e+002  5.774234e-005
 9.356500e+002  6.180881e-005
 9.362687e+002  6.567440e-005
 9.368875e+002  6.317800e-005
 9.375062e+002  5.902376e-005
 9.381250e+002  6.210648e-005
 9.387437e+002  6.111782e-005
 9.393625e+002  5.937433e-005
 9.399812e+002  6.155150e-005
 9.406000e+002  6.035992e-005
 9.412187e+002  6.496374e-005
 9.418375e+002  6.030470e-005
 9.424562e+002  5.940478e-005
 9.430750e+002  6.190135e-005
 9.436937e+002  5.758515e-005
 9.443125e+002  5.764505e-005
 9.449312e+002  5.409449e-005
 9.455500e+002  5.648001e-005
 9.461687e+002  6.598318e-005
 9.467875e+002  6.733414e-005
 9.474062e+002  5.885000e-005
 9.480250e+002  5.616356e-005
 9.486437e+002  5.982068e-005
 9.492625e+002  7.448152e-005
 9.498812e+002  8.735609e-005
 9.505000e+002  6.833157e-005
 9.511187e+002  6.598070e-005
 9.517375e+002  6.975723e-005
 9.523562e+002  6.594966e-005
 9.529750e+002  6.729607e-005
 9.535937e+002  6.513773e-005
 9.542125e+002  7.008455e-005
 9.548312e+002  7.177368e-005
 9.554500e+002  7.024086e-005
 9.560687e+002  7.321741e-005
 9.566875e+002  6.251673e-005
 9.573062e+002  6.297919e-005
 9.579250e+002  6.478140e-005
 9.585437e+002  6.053031e-005
 9.591625e+002  6.295492e-005
 9.597812e+002  6.644578e-005
 9.604000e+002  6.827570e-005
 9.610187e+002  6.365261e-005
 9.616375e+002  6.542261e-005
 9.622562e+002  6.345192e-005
 9.628750e+002  5.776753e-005
 9.634937e+002  6.866294e-005
 9.641125e+002  6.344553e-005
 9.647312e+002  6.059130e-005
 9.653500e+002  6.674580e-005
 9.659687e+002  6.952875e-005
 9.665875e+002  6.790757e-005
 9.672062e+002  6.441589e-005
 9.678250e+002  6.756416e-005
 9.684437e+002  6.337182e-005
 9.690625e+002  6.013569e-005
 9.696812e+002  6.494398e-005
 9.703000e+002  6.956566e-005
 9.709187e+002  6.622050e-005
 9.715375e+002  6.319137e-005
 9.721562e+002  6.149726e-005
 9.727750e+002  6.436658e-005
 9.733937e+002  6.383974e-005
 9.740125e+002  6.338192e-005
 9.746312e+002  5.561337e-005
 9.752500e+002  5.949002e-005
 9.758687e+002  6.015517e-005
 9.764875e+002  5.544831e-005
 9.771062e+002  5.853850e-005
 9.777250e+002  5.391444e-005
 9.783437e+002  5.533280e-005
 9.789625e+002  5.869215e-005
 9.795812e+002  5.873057e-005
 9.802000e+002  6.909531e-005
 9.808187e+002  6.485922e-005
 9.814375e+002  5.926331e-005
 9.820562e+002  5.840822e-005
 9.826750e+002  5.836256e-005
 9.832937e+002  5.718792e-005
 9.839125e+002  5.920370e-005
 9.845312e+002  5.236838e-005
 9.851500e+002  5.952532e-005
 9.857687e+002  6.301293e-005
 9.863875e+002  6.872285e-005
 9.870062e+002  6.717327e-005
 9.876250e+002  6.122055e-005
 9.882437e+002  5.674277e-005
 9.888625e+002  5.862802e-005
 9.894812e+002  5.563944e-005
 9.901000e+002  5.344467e-005
 9.907187e+002  5.343917e-005
 9.913375e+002  5.885872e-005
 9.919562e+002  6.925465e-005
 9.925750e+002  6.900933e-005
 9.931937e+002  6.418370e-005
 9.938125e+002  6.784260e-005
 9.944312e+002  7.191350e-005
 9.950500e+002  6.513348e-005
 9.956687e+002  5.905874e-005
 9.962875e+002  6.261675e-005
 9.969062e+002  6.819342e-005
 9.975250e+002  6.487983e-005
 9.981437e+002  5.597126e-005
 9.987625e+002  5.901502e-005
 9.993812e+002  6.380198e-005
 1.000000e+003  5.931783e-005
