 1.000000e+000  1.185908e-003
 1.247500e+000  8.303888e-004
 1.495000e+000  8.222024e-004
 1.742500e+000  8.552862e-004
 1.990000e+000  7.056472e-004
 2.237500e+000  6.471806e-004
 2.485000e+000  6.748626e-004
 2.732500e+000  7.702056e-004
 2.980000e+000  6.706695e-004
 3.227500e+000  6.070644e-004
 3.475000e+000  5.551276e-004
 3.722500e+000  6.041817e-004
 3.970000e+000  5.458126e-004
 4.217500e+000  4.808845e-004
 4.465000e+000  6.092135e-004
 4.712500e+000  5.185987e-004
 4.960000e+000  3.880483e-004
 5.207500e+000  5.013876e-004
 5.455000e+000  5.804715e-004
 5.702500e+000  4.864056e-004
 5.950000e+000  4.010235e-004
 6.197500e+000  4.319069e-004
 6.445000e+000  4.559991e-004
 6.692500e+000  3.767325e-004
 6.940000e+000  3.481925e-004
 7.187500e+000  3.655864e-004
 7.435000e+000  3.910625e-004
 7.682500e+000  4.767979e-004
 7.930000e+000  4.717695e-004
 8.177500e+000  3.982698e-004
 8.425000e+000  4.430721e-004
 8.672500e+000  4.704897e-004
 8.920000e+000  4.814633e-004
 9.167500e+000  4.205144e-004
 9.415000e+000  4.302089e-004
 9.662500e+000  3.457796e-004
 9.910000e+000  3.892357e-004
 1.015750e+001  4.468928e-004
 1.040500e+001  4.250837e-004
 1.065250e+001  3.949123e-004
 1.090000e+001  3.179359e-004
 1.114750e+001  3.727727e-004
 1.139500e+001  3.287125e-004
 1.164250e+001  3.563438e-004
 1.189000e+001  3.721729e-004
 1.213750e+001  3.762863e-004
 1.238500e+001  3.888587e-004
 1.263250e+001  3.412825e-004
 1.288000e+001  3.921246e-004
 1.312750e+001  3.469830e-004
 1.337500e+001  2.979061e-004
 1.362250e+001  3.341447e-004
 1.387000e+001  3.933270e-004
 1.411750e+001  2.949710e-004
 1.436500e+001  2.891448e-004
 1.461250e+001  3.193769e-004
 1.486000e+001  3.105677e-004
 1.510750e+001  3.378123e-004
 1.535500e+001  3.578519e-004
 1.560250e+001  3.023877e-004
 1.585000e+001  2.745369e-004
 1.609750e+001  2.669280e-004
 1.634500e+001  3.133424e-004
 1.659250e+001  3.521400e-004
 1.684000e+001  3.348879e-004
 1.708750e+001  2.950173e-004
 1.733500e+001  3.472064e-004
 1.758250e+001  3.279170e-004
 1.783000e+001  2.805430e-004
 1.807750e+001  3.374845e-004
 1.832500e+001  3.811900e-004
 1.857250e+001  3.158503e-004
 1.882000e+001  3.118246e-004
 1.906750e+001  3.120719e-004
 1.931500e+001  2.849856e-004
 1.956250e+001  2.426407e-004
 1.981000e+001  2.788964e-004
 2.005750e+001  2.708457e-004
 2.030500e+001  2.040854e-004
 2.055250e+001  3.016260e-004
 2.080000e+001  3.479545e-004
 2.104750e+001  3.024765e-004
 2.129500e+001  2.667208e-004
 2.154250e+001  2.814004e-004
 2.179000e+001  2.996436e-004
 2.203750e+001  2.659549e-004
 2.228500e+001  2.573160e-004
 2.253250e+001  2.839699e-004
 2.278000e+001  2.797146e-004
 2.302750e+001  2.474126e-004
 2.327500e+001  3.173508e-004
 2.352250e+001  3.256487e-004
 2.377000e+001  2.980677e-004
 2.401750e+001  2.413875e-004
 2.426500e+001  2.238038e-004
 2.451250e+001  2.234737e-004
 2.476000e+001  2.548895e-004
 2.500750e+001  2.622788e-004
 2.525500e+001  2.663295e-004
 2.550250e+001  2.930566e-004
 2.575000e+001  2.612156e-004
 2.599750e+001  2.606844e-004
 2.624500e+001  2.231972e-004
 2.649250e+001  2.592414e-004
 2.674000e+001  2.650098e-004
 2.698750e+001  2.430111e-004
 2.723500e+001  2.288982e-004
 2.748250e+001  2.125983e-004
 2.773000e+001  1.954167e-004
 2.797750e+001  2.460907e-004
 2.822500e+001  2.335619e-004
 2.847250e+001  2.239920e-004
 2.872000e+001  2.567077e-004
 2.896750e+001  2.408065e-004
 2.921500e+001  2.325079e-004
 2.946250e+001  2.077561e-004
 2.971000e+001  2.059930e-004
 2.995750e+001  2.427910e-004
 3.020500e+001  2.475171e-004
 3.045250e+001  2.651770e-004
 3.070000e+001  2.105957e-004
 3.094750e+001  2.205662e-004
 3.119500e+001  2.441668e-004
 3.144250e+001  2.396457e-004
 3.169000e+001  2.360958e-004
 3.193750e+001  2.142694e-004
 3.218500e+001  2.339856e-004
 3.243250e+001  2.370867e-004
 3.268000e+001  1.962093e-004
 3.292750e+001  1.842274e-004
 3.317500e+001  1.978248e-004
 3.342250e+001  2.382743e-004
 3.367000e+001  2.317590e-004
 3.391750e+001  1.923288e-004
 3.416500e+001  2.269583e-004
 3.441250e+001  2.255712e-004
 3.466000e+001  2.278843e-004
 3.490750e+001  2.021692e-004
 3.515500e+001  2.204100e-004
 3.540250e+001  1.874983e-004
 3.565000e+001  2.084011e-004
 3.589750e+001  2.497660e-004
 3.614500e+001  2.495579e-004
 3.639250e+001  2.294973e-004
 3.664000e+001  2.186032e-004
 3.688750e+001  2.379096e-004
 3.713500e+001  2.209699e-004
 3.738250e+001  1.882471e-004
 3.763000e+001  1.752166e-004
 3.787750e+001  1.934057e-004
 3.812500e+001  2.223885e-004
 3.837250e+001  1.966156e-004
 3.862000e+001  1.828940e-004
 3.886750e+001  2.261028e-004
 3.911500e+001  2.025549e-004
 3.936250e+001  2.156277e-004
 3.961000e+001  2.277628e-004
 3.985750e+001  2.183541e-004
 4.010500e+001  2.360831e-004
 4.035250e+001  2.203749e-004
 4.060000e+001  2.424026e-004
 4.084750e+001  2.228628e-004
 4.109500e+001  2.091847e-004
 4.134250e+001  2.302270e-004
 4.159000e+001  1.971527e-004
 4.183750e+001  1.987304e-004
 4.208500e+001  2.266259e-004
 4.233250e+001  2.311956e-004
 4.258000e+001  2.099934e-004
 4.282750e+001  2.193511e-004
 4.307500e+001  2.098410e-004
 4.332250e+001  1.789234e-004
 4.357000e+001  1.929552e-004
 4.381750e+001  2.189092e-004
 4.406500e+001  2.562303e-004
 4.431250e+001  2.267259e-004
 4.456000e+001  1.848120e-004
 4.480750e+001  2.163582e-004
 4.505500e+001  2.064038e-004
 4.530250e+001  1.789347e-004
 4.555000e+001  1.737749e-004
 4.579750e+001  1.915668e-004
 4.604500e+001  1.931223e-004
 4.629250e+001  1.864855e-004
 4.654000e+001  1.744821e-004
 4.678750e+001  1.619387e-004
 4.703500e+001  1.794024e-004
 4.728250e+001  1.912438e-004
 4.753000e+001  1.840539e-004
 4.777750e+001  2.067891e-004
 4.802500e+001  2.047760e-004
 4.827250e+001  1.850167e-004
 4.852000e+001  1.968062e-004
 4.876750e+001  1.801712e-004
 4.901500e+001  1.780377e-004
 4.926250e+001  2.072543e-004
 4.951000e+001  1.950138e-004
 4.975750e+001  9.401196e-004
 5.000500e+001  1.556966e-003
 5.025250e+001  6.610396e-004
 5.050000e+001  1.762515e-004
 5.074750e+001  1.818057e-004
 5.099500e+001  1.891707e-004
 5.124250e+001  2.192396e-004
 5.149000e+001  2.220122e-004
 5.173750e+001  1.779403e-004
 5.198500e+001  2.021052e-004
 5.223250e+001  2.127220e-004
 5.248000e+001  1.716588e-004
 5.272750e+001  1.796966e-004
 5.297500e+001  1.634089e-004
 5.322250e+001  1.888667e-004
 5.347000e+001  2.148655e-004
 5.371750e+001  1.739544e-004
 5.396500e+001  1.707652e-004
 5.421250e+001  2.070347e-004
 5.446000e+001  1.888697e-004
 5.470750e+001  1.799996e-004
 5.495500e+001  1.744938e-004
 5.520250e+001  1.854742e-004
 5.545000e+001  1.982408e-004
 5.569750e+001  1.974112e-004
 5.594500e+001  1.773603e-004
 5.619250e+001  1.826566e-004
 5.644000e+001  1.727609e-004
 5.668750e+001  1.879303e-004
 5.693500e+001  1.516719e-004
 5.718250e+001  1.416759e-004
 5.743000e+001  1.655499e-004
 5.767750e+001  1.515322e-004
 5.792500e+001  1.467887e-004
 5.817250e+001  1.479330e-004
 5.842000e+001  1.515962e-004
 5.866750e+001  1.421091e-004
 5.891500e+001  1.412132e-004
 5.916250e+001  1.755165e-004
 5.941000e+001  1.707032e-004
 5.965750e+001  1.623467e-004
 5.990500e+001  3.253379e-004
 6.015250e+001  3.119579e-004
 6.040000e+001  1.514965e-004
 6.064750e+001  1.564177e-004
 6.089500e+001  1.631762e-004
 6.114250e+001  2.044173e-004
 6.139000e+001  1.576484e-004
 6.163750e+001  1.538665e-004
 6.188500e+001  1.721636e-004
 6.213250e+001  1.594473e-004
 6.238000e+001  1.787601e-004
 6.262750e+001  1.581161e-004
 6.287500e+001  1.657086e-004
 6.312250e+001  1.534974e-004
 6.337000e+001  1.495466e-004
 6.361750e+001  1.412344e-004
 6.386500e+001  1.534167e-004
 6.411250e+001  1.585078e-004
 6.436000e+001  1.739064e-004
 6.460750e+001  1.893370e-004
 6.485500e+001  1.529462e-004
 6.510250e+001  1.505993e-004
 6.535000e+001  1.740832e-004
 6.559750e+001  1.528336e-004
 6.584500e+001  1.683106e-004
 6.609250e+001  1.997427e-004
 6.634000e+001  1.924172e-004
 6.658750e+001  1.407616e-004
 6.683500e+001  1.577682e-004
 6.708250e+001  1.647270e-004
 6.733000e+001  1.562304e-004
 6.757750e+001  1.773595e-004
 6.782500e+001  1.753608e-004
 6.807250e+001  1.609047e-004
 6.832000e+001  1.522319e-004
 6.856750e+001  1.693489e-004
 6.881500e+001  1.734891e-004
 6.906250e+001  1.537352e-004
 6.931000e+001  1.458079e-004
 6.955750e+001  1.358938e-004
 6.980500e+001  1.493976e-004
 7.005250e+001  1.656636e-004
 7.030000e+001  1.649095e-004
 7.054750e+001  1.807542e-004
 7.079500e+001  1.773745e-004
 7.104250e+001  1.561157e-004
 7.129000e+001  1.653075e-004
 7.153750e+001  1.733695e-004
 7.178500e+001  1.830095e-004
 7.203250e+001  1.750581e-004
 7.228000e+001  1.560236e-004
 7.252750e+001  1.634690e-004
 7.277500e+001  1.666300e-004
 7.302250e+001  1.468306e-004
 7.327000e+001  1.507474e-004
 7.351750e+001  1.565902e-004
 7.376500e+001  1.443780e-004
 7.401250e+001  1.325984e-004
 7.426000e+001  1.415701e-004
 7.450750e+001  1.542100e-004
 7.475500e+001  1.835186e-004
 7.500250e+001  1.914862e-004
 7.525000e+001  1.545747e-004
 7.549750e+001  1.638748e-004
 7.574500e+001  1.830444e-004
 7.599250e+001  1.615799e-004
 7.624000e+001  1.378857e-004
 7.648750e+001  1.304364e-004
 7.673500e+001  1.323811e-004
 7.698250e+001  1.491111e-004
 7.723000e+001  1.462942e-004
 7.747750e+001  1.364333e-004
 7.772500e+001  1.396296e-004
 7.797250e+001  1.507324e-004
 7.822000e+001  1.631335e-004
 7.846750e+001  1.503012e-004
 7.871500e+001  1.378339e-004
 7.896250e+001  1.307265e-004
 7.921000e+001  1.425224e-004
 7.945750e+001  1.445691e-004
 7.970500e+001  1.298685e-004
 7.995250e+001  1.394540e-004
 8.020000e+001  1.523225e-004
 8.044750e+001  1.452789e-004
 8.069500e+001  1.428583e-004
 8.094250e+001  1.272962e-004
 8.119000e+001  1.382304e-004
 8.143750e+001  1.300568e-004
 8.168500e+001  1.500067e-004
 8.193250e+001  1.541199e-004
 8.218000e+001  1.521047e-004
 8.242750e+001  1.310585e-004
 8.267500e+001  1.173628e-004
 8.292250e+001  1.451671e-004
 8.317000e+001  1.615575e-004
 8.341750e+001  1.445618e-004
 8.366500e+001  1.370670e-004
 8.391250e+001  1.475386e-004
 8.416000e+001  1.324689e-004
 8.440750e+001  1.469575e-004
 8.465500e+001  1.521106e-004
 8.490250e+001  1.373856e-004
 8.515000e+001  1.317805e-004
 8.539750e+001  1.249663e-004
 8.564500e+001  1.205940e-004
 8.589250e+001  1.521884e-004
 8.614000e+001  1.398705e-004
 8.638750e+001  1.468240e-004
 8.663500e+001  1.738777e-004
 8.688250e+001  1.528840e-004
 8.713000e+001  1.428269e-004
 8.737750e+001  1.476005e-004
 8.762500e+001  1.457997e-004
 8.787250e+001  1.532237e-004
 8.812000e+001  1.592467e-004
 8.836750e+001  1.298428e-004
 8.861500e+001  1.465644e-004
 8.886250e+001  1.365082e-004
 8.911000e+001  1.305768e-004
 8.935750e+001  1.377763e-004
 8.960500e+001  1.503855e-004
 8.985250e+001  1.329500e-004
 9.010000e+001  1.284621e-004
 9.034750e+001  1.314943e-004
 9.059500e+001  1.525432e-004
 9.084250e+001  1.454351e-004
 9.109000e+001  1.286580e-004
 9.133750e+001  1.377647e-004
 9.158500e+001  1.479047e-004
 9.183250e+001  1.331907e-004
 9.208000e+001  9.920476e-005
 9.232750e+001  1.379122e-004
 9.257500e+001  1.576460e-004
 9.282250e+001  1.484914e-004
 9.307000e+001  1.378385e-004
 9.331750e+001  1.413208e-004
 9.356500e+001  1.139555e-004
 9.381250e+001  1.201011e-004
 9.406000e+001  1.099070e-004
 9.430750e+001  1.191175e-004
 9.455500e+001  1.132243e-004
 9.480250e+001  1.228321e-004
 9.505000e+001  1.179226e-004
 9.529750e+001  1.119944e-004
 9.554500e+001  1.270091e-004
 9.579250e+001  1.250158e-004
 9.604000e+001  1.358382e-004
 9.628750e+001  1.334236e-004
 9.653500e+001  1.172792e-004
 9.678250e+001  1.191082e-004
 9.703000e+001  1.168883e-004
 9.727750e+001  1.327550e-004
 9.752500e+001  1.355107e-004
 9.777250e+001  1.497483e-004
 9.802000e+001  1.450298e-004
 9.826750e+001  1.453443e-004
 9.851500e+001  1.416014e-004
 9.876250e+001  1.299199e-004
 9.901000e+001  1.260433e-004
 9.925750e+001  1.272208e-004
 9.950500e+001  1.274842e-004
 9.975250e+001  1.302338e-004
 1.000000e+002  1.465852e-004
