 1.000000e+001  2.998495e-004
 1.061875e+001  2.819655e-004
 1.123750e+001  2.502465e-004
 1.185625e+001  2.798359e-004
 1.247500e+001  2.699177e-004
 1.309375e+001  2.231834e-004
 1.371250e+001  2.120278e-004
 1.433125e+001  1.751070e-004
 1.495000e+001  1.968605e-004
 1.556875e+001  2.189607e-004
 1.618750e+001  2.021990e-004
 1.680625e+001  2.019141e-004
 1.742500e+001  2.360563e-004
 1.804375e+001  2.539803e-004
 1.866250e+001  2.126180e-004
 1.928125e+001  1.667666e-004
 1.990000e+001  1.518424e-004
 2.051875e+001  1.358099e-004
 2.113750e+001  1.299493e-004
 2.175625e+001  1.389469e-004
 2.237500e+001  1.381176e-004
 2.299375e+001  1.461111e-004
 2.361250e+001  1.176563e-004
 2.423125e+001  1.455813e-004
 2.485000e+001  1.517471e-004
 2.546875e+001  1.335088e-004
 2.608750e+001  1.229141e-004
 2.670625e+001  1.210938e-004
 2.732500e+001  1.400191e-004
 2.794375e+001  1.681803e-004
 2.856250e+001  1.225728e-004
 2.918125e+001  1.200997e-004
 2.980000e+001  1.074558e-004
 3.041875e+001  1.003560e-004
 3.103750e+001  1.046678e-004
 3.165625e+001  8.713020e-005
 3.227500e+001  9.242887e-005
 3.289375e+001  8.425423e-005
 3.351250e+001  7.870128e-005
 3.413125e+001  8.452860e-005
 3.475000e+001  8.451414e-005
 3.536875e+001  1.040636e-004
 3.598750e+001  1.196714e-004
 3.660625e+001  9.192752e-005
 3.722500e+001  9.570039e-005
 3.784375e+001  8.192659e-005
 3.846250e+001  7.366622e-005
 3.908125e+001  6.715226e-005
 3.970000e+001  7.066506e-005
 4.031875e+001  7.620320e-005
 4.093750e+001  8.098105e-005
 4.155625e+001  7.117835e-005
 4.217500e+001  5.720021e-005
 4.279375e+001  5.871098e-005
 4.341250e+001  5.736116e-005
 4.403125e+001  6.246886e-005
 4.465000e+001  7.159575e-005
 4.526875e+001  6.415187e-005
 4.588750e+001  5.909721e-005
 4.650625e+001  4.940998e-005
 4.712500e+001  5.503254e-005
 4.774375e+001  6.259139e-005
 4.836250e+001  5.389117e-005
 4.898125e+001  8.217249e-005
 4.960000e+001  6.891452e-004
 5.021875e+001  1.006735e-003
 5.083750e+001  3.630772e-004
 5.145625e+001  5.529836e-005
 5.207500e+001  5.455369e-005
 5.269375e+001  4.609053e-005
 5.331250e+001  5.717399e-005
 5.393125e+001  5.138249e-005
 5.455000e+001  3.810801e-005
 5.516875e+001  4.245824e-005
 5.578750e+001  5.095814e-005
 5.640625e+001  4.645020e-005
 5.702500e+001  4.252561e-005
 5.764375e+001  4.169969e-005
 5.826250e+001  3.489184e-005
 5.888125e+001  4.233889e-005
 5.950000e+001  1.270470e-004
 6.011875e+001  1.962933e-004
 6.073750e+001  8.523506e-005
 6.135625e+001  3.722472e-005
 6.197500e+001  4.293842e-005
 6.259375e+001  3.937849e-005
 6.321250e+001  4.174908e-005
 6.383125e+001  4.385006e-005
 6.445000e+001  4.295717e-005
 6.506875e+001  3.898713e-005
 6.568750e+001  3.699790e-005
 6.630625e+001  3.357817e-005
 6.692500e+001  3.194821e-005
 6.754375e+001  3.777176e-005
 6.816250e+001  4.015702e-005
 6.878125e+001  3.268252e-005
 6.940000e+001  3.858965e-005
 7.001875e+001  3.285773e-005
 7.063750e+001  3.448272e-005
 7.125625e+001  3.905977e-005
 7.187500e+001  4.011404e-005
 7.249375e+001  3.493791e-005
 7.311250e+001  3.233063e-005
 7.373125e+001  3.138310e-005
 7.435000e+001  3.160260e-005
 7.496875e+001  3.046609e-005
 7.558750e+001  3.014784e-005
 7.620625e+001  3.033221e-005
 7.682500e+001  3.240284e-005
 7.744375e+001  3.301185e-005
 7.806250e+001  3.003085e-005
 7.868125e+001  2.987330e-005
 7.930000e+001  2.989856e-005
 7.991875e+001  2.942220e-005
 8.053750e+001  2.766063e-005
 8.115625e+001  3.199871e-005
 8.177500e+001  4.455962e-005
 8.239375e+001  4.114188e-005
 8.301250e+001  2.798981e-005
 8.363125e+001  2.872194e-005
 8.425000e+001  3.091473e-005
 8.486875e+001  2.913854e-005
 8.548750e+001  2.842685e-005
 8.610625e+001  2.917675e-005
 8.672500e+001  2.665525e-005
 8.734375e+001  2.544277e-005
 8.796250e+001  2.679374e-005
 8.858125e+001  2.720381e-005
 8.920000e+001  4.076594e-005
 8.981875e+001  3.584190e-005
 9.043750e+001  2.971528e-005
 9.105625e+001  2.998267e-005
 9.167500e+001  2.827742e-005
 9.229375e+001  2.795929e-005
 9.291250e+001  2.735651e-005
 9.353125e+001  2.638025e-005
 9.415000e+001  2.554879e-005
 9.476875e+001  2.486925e-005
 9.538750e+001  2.627831e-005
 9.600625e+001  2.568400e-005
 9.662500e+001  2.054822e-005
 9.724375e+001  2.557267e-005
 9.786250e+001  2.680801e-005
 9.848125e+001  3.061977e-005
 9.910000e+001  2.762447e-005
 9.971875e+001  4.332936e-005
 1.003375e+002  5.627514e-005
 1.009563e+002  2.951090e-005
 1.015750e+002  2.581610e-005
 1.021938e+002  2.647352e-005
 1.028125e+002  2.616423e-005
 1.034313e+002  2.787415e-005
 1.040500e+002  2.265125e-005
 1.046688e+002  2.203207e-005
 1.052875e+002  2.251635e-005
 1.059063e+002  2.456822e-005
 1.065250e+002  2.578666e-005
 1.071438e+002  2.745476e-005
 1.077625e+002  2.732728e-005
 1.083813e+002  2.408529e-005
 1.090000e+002  2.574018e-005
 1.096188e+002  2.490428e-005
 1.102375e+002  2.427885e-005
 1.108563e+002  2.355191e-005
 1.114750e+002  2.327330e-005
 1.120938e+002  2.281889e-005
 1.127125e+002  2.319203e-005
 1.133313e+002  2.340978e-005
 1.139500e+002  2.398735e-005
 1.145688e+002  2.652151e-005
 1.151875e+002  2.556355e-005
 1.158063e+002  2.048859e-005
 1.164250e+002  2.428069e-005
 1.170438e+002  2.751051e-005
 1.176625e+002  2.415418e-005
 1.182813e+002  2.543150e-005
 1.189000e+002  2.462849e-005
 1.195188e+002  6.183761e-005
 1.201375e+002  9.559977e-005
 1.207563e+002  4.575945e-005
 1.213750e+002  2.201833e-005
 1.219938e+002  2.188688e-005
 1.226125e+002  2.274072e-005
 1.232313e+002  2.032044e-005
 1.238500e+002  2.058030e-005
 1.244688e+002  2.182606e-005
 1.250875e+002  2.402601e-005
 1.257063e+002  2.139828e-005
 1.263250e+002  1.988160e-005
 1.269438e+002  2.283291e-005
 1.275625e+002  2.397208e-005
 1.281813e+002  2.379299e-005
 1.288000e+002  2.167107e-005
 1.294188e+002  2.276809e-005
 1.300375e+002  2.472782e-005
 1.306563e+002  2.234652e-005
 1.312750e+002  2.235088e-005
 1.318938e+002  2.245549e-005
 1.325125e+002  2.217452e-005
 1.331313e+002  2.402965e-005
 1.337500e+002  2.299940e-005
 1.343688e+002  2.406099e-005
 1.349875e+002  2.568699e-005
 1.356063e+002  2.164046e-005
 1.362250e+002  1.941092e-005
 1.368438e+002  2.073134e-005
 1.374625e+002  2.246223e-005
 1.380813e+002  2.339329e-005
 1.387000e+002  2.291827e-005
 1.393188e+002  2.133392e-005
 1.399375e+002  2.090051e-005
 1.405563e+002  2.020169e-005
 1.411750e+002  2.240813e-005
 1.417938e+002  2.328785e-005
 1.424125e+002  2.023928e-005
 1.430313e+002  2.344459e-005
 1.436500e+002  2.289617e-005
 1.442688e+002  2.140447e-005
 1.448875e+002  2.203583e-005
 1.455063e+002  2.366764e-005
 1.461250e+002  2.406777e-005
 1.467438e+002  2.037376e-005
 1.473625e+002  2.080770e-005
 1.479813e+002  2.262536e-005
 1.486000e+002  2.954656e-005
 1.492188e+002  9.677136e-005
 1.498375e+002  8.313044e-004
 1.504563e+002  1.073593e-003
 1.510750e+002  3.240693e-004
 1.516938e+002  3.330469e-005
 1.523125e+002  2.309492e-005
 1.529313e+002  1.973364e-005
 1.535500e+002  1.893480e-005
 1.541688e+002  2.007137e-005
 1.547875e+002  2.107839e-005
 1.554063e+002  2.061412e-005
 1.560250e+002  2.122670e-005
 1.566438e+002  2.108993e-005
 1.572625e+002  2.204545e-005
 1.578813e+002  2.087891e-005
 1.585000e+002  2.178567e-005
 1.591188e+002  2.223154e-005
 1.597375e+002  1.991775e-005
 1.603563e+002  2.188586e-005
 1.609750e+002  2.175179e-005
 1.615938e+002  1.999266e-005
 1.622125e+002  1.880725e-005
 1.628313e+002  1.927586e-005
 1.634500e+002  1.922660e-005
 1.640688e+002  1.907110e-005
 1.646875e+002  1.936065e-005
 1.653063e+002  1.955342e-005
 1.659250e+002  1.942455e-005
 1.665438e+002  2.024984e-005
 1.671625e+002  1.924205e-005
 1.677813e+002  2.033639e-005
 1.684000e+002  2.057313e-005
 1.690188e+002  1.800528e-005
 1.696375e+002  2.103832e-005
 1.702563e+002  2.119786e-005
 1.708750e+002  2.085358e-005
 1.714938e+002  2.037701e-005
 1.721125e+002  2.018596e-005
 1.727313e+002  2.031223e-005
 1.733500e+002  1.846759e-005
 1.739688e+002  1.765689e-005
 1.745875e+002  1.834441e-005
 1.752063e+002  1.886313e-005
 1.758250e+002  1.818190e-005
 1.764438e+002  1.896547e-005
 1.770625e+002  2.060133e-005
 1.776813e+002  2.189638e-005
 1.783000e+002  2.159235e-005
 1.789188e+002  2.167885e-005
 1.795375e+002  4.136325e-005
 1.801563e+002  6.282351e-005
 1.807750e+002  2.916407e-005
 1.813938e+002  1.527469e-005
 1.820125e+002  1.820117e-005
 1.826313e+002  2.119373e-005
 1.832500e+002  2.010866e-005
 1.838688e+002  1.895000e-005
 1.844875e+002  1.924452e-005
 1.851063e+002  1.876104e-005
 1.857250e+002  1.817950e-005
 1.863438e+002  1.779509e-005
 1.869625e+002  1.756554e-005
 1.875813e+002  1.674224e-005
 1.882000e+002  1.774965e-005
 1.888188e+002  1.912408e-005
 1.894375e+002  2.006416e-005
 1.900563e+002  2.032017e-005
 1.906750e+002  1.852801e-005
 1.912938e+002  1.790467e-005
 1.919125e+002  1.845336e-005
 1.925313e+002  1.829277e-005
 1.931500e+002  1.615133e-005
 1.937688e+002  1.691735e-005
 1.943875e+002  1.984876e-005
 1.950063e+002  1.934683e-005
 1.956250e+002  1.920313e-005
 1.962438e+002  1.850623e-005
 1.968625e+002  1.719021e-005
 1.974813e+002  1.913293e-005
 1.981000e+002  2.071468e-005
 1.987188e+002  1.992250e-005
 1.993375e+002  1.971438e-005
 1.999563e+002  3.808995e-005
 2.005750e+002  4.453376e-005
 2.011938e+002  1.994480e-005
 2.018125e+002  1.688031e-005
 2.024313e+002  1.962213e-005
 2.030500e+002  1.939010e-005
 2.036688e+002  1.819992e-005
 2.042875e+002  1.992380e-005
 2.049063e+002  2.127125e-005
 2.055250e+002  2.008118e-005
 2.061438e+002  2.113307e-005
 2.067625e+002  1.815910e-005
 2.073813e+002  1.751738e-005
 2.080000e+002  1.764134e-005
 2.086188e+002  1.765606e-005
 2.092375e+002  1.791925e-005
 2.098563e+002  1.936121e-005
 2.104750e+002  1.968671e-005
 2.110938e+002  1.748739e-005
 2.117125e+002  1.809884e-005
 2.123313e+002  1.953277e-005
 2.129500e+002  1.854969e-005
 2.135688e+002  1.895730e-005
 2.141875e+002  1.892853e-005
 2.148063e+002  1.770157e-005
 2.154250e+002  1.731931e-005
 2.160438e+002  1.759702e-005
 2.166625e+002  1.704943e-005
 2.172813e+002  1.847107e-005
 2.179000e+002  2.126799e-005
 2.185188e+002  2.115878e-005
 2.191375e+002  2.219943e-005
 2.197563e+002  2.093605e-005
 2.203750e+002  1.837761e-005
 2.209938e+002  1.806075e-005
 2.216125e+002  1.820844e-005
 2.222313e+002  1.837506e-005
 2.228500e+002  1.569757e-005
 2.234688e+002  1.615978e-005
 2.240875e+002  1.734583e-005
 2.247063e+002  1.779772e-005
 2.253250e+002  1.884813e-005
 2.259438e+002  1.874225e-005
 2.265625e+002  1.834724e-005
 2.271813e+002  1.774775e-005
 2.278000e+002  1.801707e-005
 2.284188e+002  1.821333e-005
 2.290375e+002  1.898902e-005
 2.296563e+002  2.013119e-005
 2.302750e+002  2.110596e-005
 2.308938e+002  2.108546e-005
 2.315125e+002  1.984597e-005
 2.321313e+002  1.811228e-005
 2.327500e+002  1.878721e-005
 2.333688e+002  1.783643e-005
 2.339875e+002  1.692970e-005
 2.346063e+002  1.787877e-005
 2.352250e+002  1.867972e-005
 2.358438e+002  1.856171e-005
 2.364625e+002  1.747263e-005
 2.370813e+002  1.743279e-005
 2.377000e+002  1.639586e-005
 2.383188e+002  1.745282e-005
 2.389375e+002  1.971888e-005
 2.395563e+002  3.609573e-005
 2.401750e+002  5.361869e-005
 2.407938e+002  2.636520e-005
 2.414125e+002  1.624730e-005
 2.420313e+002  1.705605e-005
 2.426500e+002  1.769211e-005
 2.432688e+002  1.794974e-005
 2.438875e+002  1.855621e-005
 2.445063e+002  1.864169e-005
 2.451250e+002  1.781637e-005
 2.457438e+002  1.732866e-005
 2.463625e+002  1.810651e-005
 2.469813e+002  1.817843e-005
 2.476000e+002  1.796162e-005
 2.482188e+002  1.841235e-005
 2.488375e+002  1.853311e-005
 2.494563e+002  3.530690e-005
 2.500750e+002  1.965858e-004
 2.506938e+002  2.218515e-004
 2.513125e+002  5.879409e-005
 2.519313e+002  1.939193e-005
 2.525500e+002  1.804351e-005
 2.531688e+002  1.809427e-005
 2.537875e+002  1.777063e-005
 2.544063e+002  1.627960e-005
 2.550250e+002  1.718978e-005
 2.556438e+002  1.860874e-005
 2.562625e+002  1.669550e-005
 2.568813e+002  1.903490e-005
 2.575000e+002  1.949340e-005
 2.581188e+002  1.926241e-005
 2.587375e+002  1.771149e-005
 2.593563e+002  1.785693e-005
 2.599750e+002  1.605460e-005
 2.605938e+002  1.674343e-005
 2.612125e+002  1.517542e-005
 2.618313e+002  1.608260e-005
 2.624500e+002  1.716382e-005
 2.630688e+002  1.818266e-005
 2.636875e+002  1.682290e-005
 2.643063e+002  1.575153e-005
 2.649250e+002  1.712411e-005
 2.655438e+002  1.810081e-005
 2.661625e+002  1.920794e-005
 2.667813e+002  1.843347e-005
 2.674000e+002  1.575252e-005
 2.680188e+002  1.569369e-005
 2.686375e+002  1.680905e-005
 2.692563e+002  1.656614e-005
 2.698750e+002  1.641740e-005
 2.704938e+002  1.802625e-005
 2.711125e+002  1.644064e-005
 2.717313e+002  1.511537e-005
 2.723500e+002  1.774490e-005
 2.729688e+002  1.739814e-005
 2.735875e+002  1.739969e-005
 2.742063e+002  1.685928e-005
 2.748250e+002  1.762265e-005
 2.754438e+002  1.808778e-005
 2.760625e+002  1.766460e-005
 2.766813e+002  1.621974e-005
 2.773000e+002  1.571511e-005
 2.779188e+002  1.646499e-005
 2.785375e+002  1.632805e-005
 2.791563e+002  1.561455e-005
 2.797750e+002  1.632152e-005
 2.803938e+002  1.686815e-005
 2.810125e+002  1.700734e-005
 2.816313e+002  1.561931e-005
 2.822500e+002  1.650740e-005
 2.828688e+002  1.961497e-005
 2.834875e+002  2.045590e-005
 2.841063e+002  1.666035e-005
 2.847250e+002  1.609192e-005
 2.853438e+002  1.824898e-005
 2.859625e+002  1.616364e-005
 2.865813e+002  1.529165e-005
 2.872000e+002  1.701522e-005
 2.878188e+002  1.628496e-005
 2.884375e+002  1.738362e-005
 2.890563e+002  1.978884e-005
 2.896750e+002  1.676288e-005
 2.902938e+002  1.563701e-005
 2.909125e+002  1.507372e-005
 2.915313e+002  1.531810e-005
 2.921500e+002  1.689793e-005
 2.927688e+002  1.569622e-005
 2.933875e+002  1.655639e-005
 2.940063e+002  1.836496e-005
 2.946250e+002  1.894550e-005
 2.952438e+002  1.776094e-005
 2.958625e+002  1.804154e-005
 2.964813e+002  1.776221e-005
 2.971000e+002  1.728892e-005
 2.977188e+002  1.700224e-005
 2.983375e+002  1.762668e-005
 2.989563e+002  1.700095e-005
 2.995750e+002  3.044020e-005
 3.001938e+002  4.847012e-005
 3.008125e+002  2.440748e-005
 3.014313e+002  1.796097e-005
 3.020500e+002  1.744863e-005
 3.026688e+002  6.646502e-005
 3.032875e+002  1.005976e-004
 3.039063e+002  6.896155e-005
 3.045250e+002  3.156836e-005
 3.051438e+002  1.504979e-005
 3.057625e+002  1.498164e-005
 3.063813e+002  1.522316e-005
 3.070000e+002  1.782546e-005
 3.076188e+002  1.593362e-005
 3.082375e+002  1.585876e-005
 3.088563e+002  1.741215e-005
 3.094750e+002  1.843317e-005
 3.100938e+002  1.657836e-005
 3.107125e+002  1.627545e-005
 3.113313e+002  1.549477e-005
 3.119500e+002  1.612947e-005
 3.125688e+002  1.676003e-005
 3.131875e+002  1.591572e-005
 3.138063e+002  1.789420e-005
 3.144250e+002  1.758343e-005
 3.150437e+002  1.629907e-005
 3.156625e+002  1.530189e-005
 3.162812e+002  1.625421e-005
 3.169000e+002  1.780177e-005
 3.175187e+002  1.552849e-005
 3.181375e+002  1.432256e-005
 3.187562e+002  1.596185e-005
 3.193750e+002  1.653135e-005
 3.199937e+002  1.636775e-005
 3.206125e+002  1.647193e-005
 3.212312e+002  1.634445e-005
 3.218500e+002  1.551084e-005
 3.224687e+002  1.858588e-005
 3.230875e+002  1.874212e-005
 3.237062e+002  1.737470e-005
 3.243250e+002  1.616307e-005
 3.249437e+002  1.549368e-005
 3.255625e+002  1.564438e-005
 3.261812e+002  1.482838e-005
 3.268000e+002  1.756499e-005
 3.274187e+002  1.711437e-005
 3.280375e+002  1.623375e-005
 3.286562e+002  1.685101e-005
 3.292750e+002  1.638815e-005
 3.298937e+002  1.745960e-005
 3.305125e+002  1.569932e-005
 3.311312e+002  1.572696e-005
 3.317500e+002  1.348594e-005
 3.323687e+002  1.501947e-005
 3.329875e+002  1.694771e-005
 3.336062e+002  1.771623e-005
 3.342250e+002  1.521598e-005
 3.348437e+002  1.466002e-005
 3.354625e+002  1.534544e-005
 3.360812e+002  1.571038e-005
 3.367000e+002  1.633428e-005
 3.373187e+002  1.575357e-005
 3.379375e+002  1.487053e-005
 3.385562e+002  1.709088e-005
 3.391750e+002  1.690116e-005
 3.397937e+002  1.720732e-005
 3.404125e+002  1.724609e-005
 3.410312e+002  1.574928e-005
 3.416500e+002  1.634776e-005
 3.422687e+002  1.649862e-005
 3.428875e+002  1.641719e-005
 3.435062e+002  1.715100e-005
 3.441250e+002  1.640972e-005
 3.447437e+002  1.537528e-005
 3.453625e+002  1.650523e-005
 3.459812e+002  1.671279e-005
 3.466000e+002  1.623473e-005
 3.472187e+002  1.641218e-005
 3.478375e+002  1.589571e-005
 3.484562e+002  1.643343e-005
 3.490750e+002  1.710594e-005
 3.496937e+002  3.308264e-005
 3.503125e+002  1.399108e-004
 3.509312e+002  1.388012e-004
 3.515500e+002  3.113117e-005
 3.521687e+002  1.678910e-005
 3.527875e+002  1.702797e-005
 3.534062e+002  1.484719e-005
 3.540250e+002  1.515344e-005
 3.546437e+002  1.477415e-005
 3.552625e+002  1.496125e-005
 3.558812e+002  1.499006e-005
 3.565000e+002  1.485897e-005
 3.571187e+002  1.470942e-005
 3.577375e+002  1.415478e-005
 3.583562e+002  1.390622e-005
 3.589750e+002  1.241904e-005
 3.595937e+002  3.140532e-005
 3.602125e+002  4.886733e-005
 3.608312e+002  2.674686e-005
 3.614500e+002  1.553445e-005
 3.620687e+002  1.472226e-005
 3.626875e+002  1.625366e-005
 3.633062e+002  1.707370e-005
 3.639250e+002  1.592424e-005
 3.645437e+002  1.577470e-005
 3.651625e+002  1.718302e-005
 3.657812e+002  1.673042e-005
 3.664000e+002  1.670607e-005
 3.670187e+002  1.674654e-005
 3.676375e+002  1.606682e-005
 3.682562e+002  1.630445e-005
 3.688750e+002  1.574406e-005
 3.694937e+002  1.519459e-005
 3.701125e+002  1.627674e-005
 3.707312e+002  1.609611e-005
 3.713500e+002  1.400371e-005
 3.719687e+002  1.523218e-005
 3.725875e+002  1.692696e-005
 3.732062e+002  1.880304e-005
 3.738250e+002  1.548430e-005
 3.744437e+002  1.548241e-005
 3.750625e+002  1.635653e-005
 3.756812e+002  1.538295e-005
 3.763000e+002  1.527157e-005
 3.769187e+002  1.651058e-005
 3.775375e+002  1.726770e-005
 3.781562e+002  1.564852e-005
 3.787750e+002  1.599141e-005
 3.793937e+002  1.789518e-005
 3.800125e+002  1.583648e-005
 3.806312e+002  1.653678e-005
 3.812500e+002  1.673869e-005
 3.818687e+002  1.694575e-005
 3.824875e+002  1.657333e-005
 3.831062e+002  1.621708e-005
 3.837250e+002  1.859243e-005
 3.843437e+002  1.719960e-005
 3.849625e+002  1.630373e-005
 3.855812e+002  1.466260e-005
 3.862000e+002  1.634130e-005
 3.868187e+002  1.614379e-005
 3.874375e+002  1.690554e-005
 3.880562e+002  1.593247e-005
 3.886750e+002  1.584563e-005
 3.892937e+002  1.449335e-005
 3.899125e+002  1.539348e-005
 3.905312e+002  1.473708e-005
 3.911500e+002  1.725062e-005
 3.917687e+002  1.807076e-005
 3.923875e+002  1.516263e-005
 3.930062e+002  1.425637e-005
 3.936250e+002  1.523770e-005
 3.942437e+002  1.501962e-005
 3.948625e+002  1.479812e-005
 3.954812e+002  1.586294e-005
 3.961000e+002  1.763920e-005
 3.967187e+002  1.820366e-005
 3.973375e+002  1.631376e-005
 3.979562e+002  1.552540e-005
 3.985750e+002  1.663717e-005
 3.991937e+002  1.513901e-005
 3.998125e+002  1.446406e-005
 4.004312e+002  1.648976e-005
 4.010500e+002  1.714403e-005
 4.016687e+002  1.684691e-005
 4.022875e+002  1.690388e-005
 4.029062e+002  1.683596e-005
 4.035250e+002  1.525940e-005
 4.041437e+002  1.580013e-005
 4.047625e+002  1.616894e-005
 4.053812e+002  1.556012e-005
 4.060000e+002  1.566716e-005
 4.066187e+002  1.619928e-005
 4.072375e+002  1.630342e-005
 4.078562e+002  1.437699e-005
 4.084750e+002  1.511019e-005
 4.090937e+002  1.600722e-005
 4.097125e+002  1.448268e-005
 4.103312e+002  1.525769e-005
 4.109500e+002  1.560795e-005
 4.115687e+002  1.543586e-005
 4.121875e+002  1.446142e-005
 4.128062e+002  1.555413e-005
 4.134250e+002  1.482539e-005
 4.140437e+002  1.517330e-005
 4.146625e+002  1.622275e-005
 4.152812e+002  1.587409e-005
 4.159000e+002  1.545119e-005
 4.165187e+002  1.518106e-005
 4.171375e+002  1.626480e-005
 4.177562e+002  1.503037e-005
 4.183750e+002  1.446815e-005
 4.189937e+002  1.572260e-005
 4.196125e+002  2.976424e-005
 4.202312e+002  4.653077e-005
 4.208500e+002  2.437780e-005
 4.214687e+002  1.647164e-005
 4.220875e+002  1.723258e-005
 4.227062e+002  1.582137e-005
 4.233250e+002  1.565581e-005
 4.239437e+002  1.548277e-005
 4.245625e+002  1.596956e-005
 4.251812e+002  1.668534e-005
 4.258000e+002  1.643812e-005
 4.264187e+002  1.460846e-005
 4.270375e+002  1.631167e-005
 4.276562e+002  1.521143e-005
 4.282750e+002  1.400930e-005
 4.288937e+002  1.572041e-005
 4.295125e+002  1.567920e-005
 4.301312e+002  1.722873e-005
 4.307500e+002  1.692283e-005
 4.313687e+002  1.628446e-005
 4.319875e+002  1.487929e-005
 4.326062e+002  1.451169e-005
 4.332250e+002  1.408307e-005
 4.338437e+002  1.441770e-005
 4.344625e+002  1.569363e-005
 4.350812e+002  1.515180e-005
 4.357000e+002  1.416524e-005
 4.363187e+002  1.601896e-005
 4.369375e+002  1.483079e-005
 4.375562e+002  1.588107e-005
 4.381750e+002  1.603193e-005
 4.387937e+002  1.775433e-005
 4.394125e+002  1.739116e-005
 4.400312e+002  1.554146e-005
 4.406500e+002  1.656662e-005
 4.412687e+002  1.628135e-005
 4.418875e+002  1.550066e-005
 4.425062e+002  1.647453e-005
 4.431250e+002  1.651705e-005
 4.437437e+002  1.627688e-005
 4.443625e+002  1.687376e-005
 4.449812e+002  1.473627e-005
 4.456000e+002  1.534462e-005
 4.462187e+002  1.539387e-005
 4.468375e+002  1.551680e-005
 4.474562e+002  1.461509e-005
 4.480750e+002  1.510624e-005
 4.486937e+002  1.506094e-005
 4.493125e+002  1.576244e-005
 4.499312e+002  4.303832e-005
 4.505500e+002  1.612094e-004
 4.511687e+002  1.396010e-004
 4.517875e+002  2.561773e-005
 4.524062e+002  1.706277e-005
 4.530250e+002  1.572617e-005
 4.536437e+002  1.494060e-005
 4.542625e+002  1.577748e-005
 4.548812e+002  1.462489e-005
 4.555000e+002  1.443114e-005
 4.561187e+002  1.736258e-005
 4.567375e+002  1.665394e-005
 4.573562e+002  1.431973e-005
 4.579750e+002  1.591308e-005
 4.585937e+002  1.653817e-005
 4.592125e+002  1.758417e-005
 4.598312e+002  1.473468e-005
 4.604500e+002  1.305903e-005
 4.610687e+002  1.491591e-005
 4.616875e+002  1.687090e-005
 4.623062e+002  1.707102e-005
 4.629250e+002  1.668666e-005
 4.635437e+002  1.612814e-005
 4.641625e+002  1.675318e-005
 4.647812e+002  1.637994e-005
 4.654000e+002  1.581936e-005
 4.660187e+002  1.651503e-005
 4.666375e+002  1.648222e-005
 4.672562e+002  1.608923e-005
 4.678750e+002  1.474676e-005
 4.684937e+002  1.429353e-005
 4.691125e+002  1.455607e-005
 4.697312e+002  1.581985e-005
 4.703500e+002  1.763033e-005
 4.709687e+002  1.496760e-005
 4.715875e+002  1.587692e-005
 4.722062e+002  1.504629e-005
 4.728250e+002  1.555189e-005
 4.734437e+002  1.569182e-005
 4.740625e+002  1.413974e-005
 4.746812e+002  1.637666e-005
 4.753000e+002  1.529835e-005
 4.759187e+002  1.385186e-005
 4.765375e+002  1.359007e-005
 4.771562e+002  1.566687e-005
 4.777750e+002  1.646397e-005
 4.783937e+002  1.392671e-005
 4.790125e+002  1.344818e-005
 4.796312e+002  3.184853e-005
 4.802500e+002  4.856109e-005
 4.808687e+002  2.429377e-005
 4.814875e+002  1.585104e-005
 4.821062e+002  1.527141e-005
 4.827250e+002  1.584769e-005
 4.833437e+002  1.571604e-005
 4.839625e+002  1.427683e-005
 4.845812e+002  1.468328e-005
 4.852000e+002  1.370362e-005
 4.858187e+002  1.395409e-005
 4.864375e+002  1.626794e-005
 4.870562e+002  1.537291e-005
 4.876750e+002  1.442041e-005
 4.882937e+002  1.517297e-005
 4.889125e+002  1.464888e-005
 4.895312e+002  1.483156e-005
 4.901500e+002  1.621611e-005
 4.907687e+002  1.523281e-005
 4.913875e+002  1.531316e-005
 4.920062e+002  1.610203e-005
 4.926250e+002  1.356047e-005
 4.932437e+002  1.268205e-005
 4.938625e+002  1.240408e-005
 4.944812e+002  1.407619e-005
 4.951000e+002  1.433166e-005
 4.957187e+002  1.266647e-005
 4.963375e+002  1.553769e-005
 4.969562e+002  1.692969e-005
 4.975750e+002  1.579535e-005
 4.981937e+002  1.460999e-005
 4.988125e+002  1.571200e-005
 4.994312e+002  1.469754e-005
 5.000500e+002  1.503233e-005
 5.006687e+002  2.144339e-005
 5.012875e+002  1.959535e-005
 5.019062e+002  1.420614e-005
 5.025250e+002  1.372192e-005
 5.031437e+002  1.468055e-005
 5.037625e+002  1.693066e-005
 5.043812e+002  1.563223e-005
 5.050000e+002  1.594021e-005
 5.056187e+002  1.529013e-005
 5.062375e+002  1.588964e-005
 5.068562e+002  1.571611e-005
 5.074750e+002  1.546763e-005
 5.080937e+002  1.438921e-005
 5.087125e+002  1.509404e-005
 5.093312e+002  1.354144e-005
 5.099500e+002  1.433554e-005
 5.105687e+002  1.516631e-005
 5.111875e+002  1.487834e-005
 5.118062e+002  1.548129e-005
 5.124250e+002  1.438948e-005
 5.130437e+002  1.472388e-005
 5.136625e+002  1.662265e-005
 5.142812e+002  1.619889e-005
 5.149000e+002  1.462553e-005
 5.155187e+002  1.570634e-005
 5.161375e+002  1.557381e-005
 5.167562e+002  1.283124e-005
 5.173750e+002  1.323085e-005
 5.179937e+002  1.328260e-005
 5.186125e+002  1.483881e-005
 5.192312e+002  1.453497e-005
 5.198500e+002  1.392781e-005
 5.204687e+002  1.500293e-005
 5.210875e+002  1.350425e-005
 5.217062e+002  1.343519e-005
 5.223250e+002  1.624027e-005
 5.229437e+002  1.610168e-005
 5.235625e+002  1.660279e-005
 5.241812e+002  1.601736e-005
 5.248000e+002  1.648416e-005
 5.254187e+002  1.568822e-005
 5.260375e+002  1.492968e-005
 5.266562e+002  1.221166e-005
 5.272750e+002  1.306325e-005
 5.278937e+002  1.425204e-005
 5.285125e+002  1.455351e-005
 5.291312e+002  1.342668e-005
 5.297500e+002  1.545690e-005
 5.303687e+002  1.498703e-005
 5.309875e+002  1.615774e-005
 5.316062e+002  1.551196e-005
 5.322250e+002  1.377720e-005
 5.328437e+002  1.493943e-005
 5.334625e+002  1.683196e-005
 5.340812e+002  1.677110e-005
 5.347000e+002  1.567953e-005
 5.353187e+002  1.515514e-005
 5.359375e+002  1.536889e-005
 5.365562e+002  1.652970e-005
 5.371750e+002  1.581958e-005
 5.377937e+002  1.593421e-005
 5.384125e+002  1.492322e-005
 5.390312e+002  1.613417e-005
 5.396500e+002  2.951471e-005
 5.402687e+002  4.707577e-005
 5.408875e+002  2.475027e-005
 5.415062e+002  1.582602e-005
 5.421250e+002  1.452976e-005
 5.427437e+002  1.465324e-005
 5.433625e+002  1.514615e-005
 5.439812e+002  1.417903e-005
 5.446000e+002  1.412981e-005
 5.452187e+002  1.570926e-005
 5.458375e+002  1.463310e-005
 5.464562e+002  1.395520e-005
 5.470750e+002  1.480370e-005
 5.476937e+002  1.276818e-005
 5.483125e+002  1.588678e-005
 5.489312e+002  1.624821e-005
 5.495500e+002  1.694736e-005
 5.501687e+002  2.923434e-005
 5.507875e+002  8.649108e-005
 5.514062e+002  6.756226e-005
 5.520250e+002  1.621687e-005
 5.526437e+002  1.516464e-005
 5.532625e+002  1.541157e-005
 5.538812e+002  1.370279e-005
 5.545000e+002  1.560770e-005
 5.551187e+002  1.626513e-005
 5.557375e+002  1.681015e-005
 5.563562e+002  1.540925e-005
 5.569750e+002  1.471672e-005
 5.575937e+002  1.383259e-005
 5.582125e+002  1.396657e-005
 5.588312e+002  1.450177e-005
 5.594500e+002  1.417969e-005
 5.600687e+002  1.466449e-005
 5.606875e+002  1.592086e-005
 5.613062e+002  1.436270e-005
 5.619250e+002  1.406440e-005
 5.625437e+002  1.584380e-005
 5.631625e+002  1.526362e-005
 5.637812e+002  1.333070e-005
 5.644000e+002  1.541263e-005
 5.650187e+002  1.515339e-005
 5.656375e+002  1.411558e-005
 5.662562e+002  1.407689e-005
 5.668750e+002  1.375766e-005
 5.674937e+002  1.345592e-005
 5.681125e+002  1.465697e-005
 5.687312e+002  1.556408e-005
 5.693500e+002  1.449918e-005
 5.699687e+002  1.511218e-005
 5.705875e+002  1.598637e-005
 5.712062e+002  1.651564e-005
 5.718250e+002  1.637079e-005
 5.724437e+002  1.537855e-005
 5.730625e+002  1.512909e-005
 5.736812e+002  1.544765e-005
 5.743000e+002  1.471403e-005
 5.749187e+002  1.486072e-005
 5.755375e+002  1.550234e-005
 5.761562e+002  1.497823e-005
 5.767750e+002  1.303909e-005
 5.773937e+002  1.423803e-005
 5.780125e+002  1.397300e-005
 5.786312e+002  1.421571e-005
 5.792500e+002  1.454230e-005
 5.798687e+002  1.462537e-005
 5.804875e+002  1.500522e-005
 5.811062e+002  1.632682e-005
 5.817250e+002  1.603553e-005
 5.823437e+002  1.496569e-005
 5.829625e+002  1.475440e-005
 5.835812e+002  1.382975e-005
 5.842000e+002  1.226917e-005
 5.848187e+002  1.401623e-005
 5.854375e+002  1.503773e-005
 5.860562e+002  1.601789e-005
 5.866750e+002  1.550666e-005
 5.872937e+002  1.318287e-005
 5.879125e+002  1.367148e-005
 5.885312e+002  1.486267e-005
 5.891500e+002  1.580105e-005
 5.897687e+002  1.326458e-005
 5.903875e+002  1.275396e-005
 5.910062e+002  1.540710e-005
 5.916250e+002  1.568521e-005
 5.922437e+002  1.476779e-005
 5.928625e+002  1.380707e-005
 5.934812e+002  1.557659e-005
 5.941000e+002  1.659513e-005
 5.947187e+002  1.461514e-005
 5.953375e+002  1.476133e-005
 5.959562e+002  1.338901e-005
 5.965750e+002  1.414221e-005
 5.971937e+002  1.270711e-005
 5.978125e+002  1.179464e-005
 5.984312e+002  1.336582e-005
 5.990500e+002  1.400754e-005
 5.996687e+002  2.942001e-005
 6.002875e+002  4.462215e-005
 6.009062e+002  2.437958e-005
 6.015250e+002  1.507704e-005
 6.021437e+002  1.406786e-005
 6.027625e+002  1.415604e-005
 6.033812e+002  1.516068e-005
 6.040000e+002  1.414622e-005
 6.046187e+002  1.480373e-005
 6.052375e+002  1.608531e-005
 6.058562e+002  3.467161e-005
 6.064750e+002  4.399695e-005
 6.070937e+002  2.226444e-005
 6.077125e+002  2.367540e-005
 6.083312e+002  1.766737e-005
 6.089500e+002  1.462888e-005
 6.095687e+002  1.585371e-005
 6.101875e+002  1.666560e-005
 6.108062e+002  1.583688e-005
 6.114250e+002  1.480017e-005
 6.120437e+002  1.473110e-005
 6.126625e+002  1.670047e-005
 6.132812e+002  1.455680e-005
 6.139000e+002  1.481016e-005
 6.145187e+002  1.487000e-005
 6.151375e+002  1.420335e-005
 6.157562e+002  1.409180e-005
 6.163750e+002  1.391839e-005
 6.169937e+002  1.354201e-005
 6.176125e+002  1.316485e-005
 6.182312e+002  1.403938e-005
 6.188500e+002  1.448505e-005
 6.194687e+002  1.451096e-005
 6.200875e+002  1.469125e-005
 6.207062e+002  1.346855e-005
 6.213250e+002  1.530822e-005
 6.219437e+002  1.473308e-005
 6.225625e+002  1.433215e-005
 6.231812e+002  1.495972e-005
 6.238000e+002  1.660384e-005
 6.244187e+002  1.481470e-005
 6.250375e+002  1.570570e-005
 6.256562e+002  1.529832e-005
 6.262750e+002  1.499579e-005
 6.268937e+002  1.550820e-005
 6.275125e+002  1.616314e-005
 6.281312e+002  1.536169e-005
 6.287500e+002  1.456962e-005
 6.293687e+002  1.429369e-005
 6.299875e+002  1.461405e-005
 6.306062e+002  1.426597e-005
 6.312250e+002  1.485005e-005
 6.318437e+002  1.390504e-005
 6.324625e+002  1.481864e-005
 6.330812e+002  1.475201e-005
 6.337000e+002  1.415731e-005
 6.343187e+002  1.564520e-005
 6.349375e+002  1.533362e-005
 6.355562e+002  1.513279e-005
 6.361750e+002  1.406241e-005
 6.367937e+002  1.423288e-005
 6.374125e+002  1.302868e-005
 6.380312e+002  1.503006e-005
 6.386500e+002  1.581007e-005
 6.392687e+002  1.523242e-005
 6.398875e+002  1.442762e-005
 6.405062e+002  1.317400e-005
 6.411250e+002  1.263615e-005
 6.417437e+002  1.422273e-005
 6.423625e+002  1.459627e-005
 6.429812e+002  1.504921e-005
 6.436000e+002  1.377729e-005
 6.442187e+002  1.397547e-005
 6.448375e+002  1.574316e-005
 6.454562e+002  1.414174e-005
 6.460750e+002  1.384889e-005
 6.466937e+002  1.360386e-005
 6.473125e+002  1.351808e-005
 6.479312e+002  1.348392e-005
 6.485500e+002  1.340838e-005
 6.491687e+002  1.277466e-005
 6.497875e+002  1.497419e-005
 6.504062e+002  3.028000e-005
 6.510250e+002  7.103786e-005
 6.516437e+002  4.889217e-005
 6.522625e+002  1.514200e-005
 6.528812e+002  1.462903e-005
 6.535000e+002  1.540008e-005
 6.541187e+002  1.521033e-005
 6.547375e+002  1.382823e-005
 6.553562e+002  1.165824e-005
 6.559750e+002  1.309481e-005
 6.565937e+002  1.418349e-005
 6.572125e+002  1.479441e-005
 6.578312e+002  1.481129e-005
 6.584500e+002  1.462995e-005
 6.590687e+002  1.407225e-005
 6.596875e+002  3.055764e-005
 6.603062e+002  4.689532e-005
 6.609250e+002  2.464659e-005
 6.615437e+002  1.554364e-005
 6.621625e+002  1.607000e-005
 6.627812e+002  1.474022e-005
 6.634000e+002  1.434160e-005
 6.640187e+002  1.547350e-005
 6.646375e+002  1.475298e-005
 6.652562e+002  1.448019e-005
 6.658750e+002  1.450957e-005
 6.664937e+002  1.535085e-005
 6.671125e+002  1.443758e-005
 6.677312e+002  1.476554e-005
 6.683500e+002  1.554394e-005
 6.689687e+002  1.536006e-005
 6.695875e+002  1.383816e-005
 6.702062e+002  1.354714e-005
 6.708250e+002  1.601266e-005
 6.714437e+002  1.649096e-005
 6.720625e+002  1.571432e-005
 6.726812e+002  1.613791e-005
 6.733000e+002  1.381877e-005
 6.739187e+002  1.361359e-005
 6.745375e+002  1.572576e-005
 6.751562e+002  1.554113e-005
 6.757750e+002  1.469252e-005
 6.763937e+002  1.400119e-005
 6.770125e+002  1.241964e-005
 6.776312e+002  1.440811e-005
 6.782500e+002  1.448630e-005
 6.788687e+002  1.416151e-005
 6.794875e+002  1.430018e-005
 6.801062e+002  1.401817e-005
 6.807250e+002  1.490723e-005
 6.813437e+002  1.502355e-005
 6.819625e+002  1.467707e-005
 6.825812e+002  1.466834e-005
 6.832000e+002  1.429876e-005
 6.838187e+002  1.467798e-005
 6.844375e+002  1.465827e-005
 6.850562e+002  1.418929e-005
 6.856750e+002  1.387190e-005
 6.862937e+002  1.445563e-005
 6.869125e+002  1.440301e-005
 6.875312e+002  1.392459e-005
 6.881500e+002  1.441340e-005
 6.887687e+002  1.535009e-005
 6.893875e+002  1.467410e-005
 6.900062e+002  1.516360e-005
 6.906250e+002  1.632562e-005
 6.912437e+002  1.534417e-005
 6.918625e+002  1.431833e-005
 6.924812e+002  1.396803e-005
 6.931000e+002  1.355392e-005
 6.937187e+002  1.325239e-005
 6.943375e+002  1.358308e-005
 6.949562e+002  1.439482e-005
 6.955750e+002  1.468381e-005
 6.961937e+002  1.509605e-005
 6.968125e+002  1.449378e-005
 6.974312e+002  1.464996e-005
 6.980500e+002  1.517981e-005
 6.986687e+002  1.514222e-005
 6.992875e+002  1.419083e-005
 6.999062e+002  1.276690e-005
 7.005250e+002  1.353608e-005
 7.011437e+002  1.397123e-005
 7.017625e+002  1.466105e-005
 7.023812e+002  1.284122e-005
 7.030000e+002  1.300823e-005
 7.036187e+002  1.347540e-005
 7.042375e+002  1.492768e-005
 7.048562e+002  1.501719e-005
 7.054750e+002  1.331090e-005
 7.060937e+002  1.236417e-005
 7.067125e+002  1.397815e-005
 7.073312e+002  1.377742e-005
 7.079500e+002  1.512671e-005
 7.085687e+002  1.478985e-005
 7.091875e+002  1.481978e-005
 7.098062e+002  1.553419e-005
 7.104250e+002  1.451635e-005
 7.110437e+002  1.619705e-005
 7.116625e+002  1.708577e-005
 7.122812e+002  1.689249e-005
 7.129000e+002  1.591105e-005
 7.135187e+002  1.439102e-005
 7.141375e+002  1.438049e-005
 7.147562e+002  1.419748e-005
 7.153750e+002  1.361218e-005
 7.159937e+002  1.409139e-005
 7.166125e+002  1.389016e-005
 7.172312e+002  1.429095e-005
 7.178500e+002  1.488416e-005
 7.184687e+002  1.273794e-005
 7.190875e+002  1.375212e-005
 7.197062e+002  2.898008e-005
 7.203250e+002  4.500298e-005
 7.209437e+002  2.404830e-005
 7.215625e+002  1.416719e-005
 7.221812e+002  1.417734e-005
 7.228000e+002  1.256973e-005
 7.234187e+002  1.284040e-005
 7.240375e+002  1.380305e-005
 7.246562e+002  1.275608e-005
 7.252750e+002  1.389023e-005
 7.258937e+002  1.414373e-005
 7.265125e+002  1.305112e-005
 7.271312e+002  1.432265e-005
 7.277500e+002  1.585631e-005
 7.283687e+002  1.498668e-005
 7.289875e+002  1.407464e-005
 7.296062e+002  1.510526e-005
 7.302250e+002  1.463593e-005
 7.308437e+002  1.338503e-005
 7.314625e+002  1.404094e-005
 7.320812e+002  1.517364e-005
 7.327000e+002  1.463737e-005
 7.333187e+002  1.487412e-005
 7.339375e+002  1.445111e-005
 7.345562e+002  1.529179e-005
 7.351750e+002  1.592586e-005
 7.357937e+002  1.398358e-005
 7.364125e+002  1.248038e-005
 7.370312e+002  1.249062e-005
 7.376500e+002  1.397348e-005
 7.382687e+002  1.439275e-005
 7.388875e+002  1.311986e-005
 7.395062e+002  1.527442e-005
 7.401250e+002  1.514287e-005
 7.407437e+002  1.431893e-005
 7.413625e+002  1.403052e-005
 7.419812e+002  1.513957e-005
 7.426000e+002  1.350772e-005
 7.432187e+002  1.298628e-005
 7.438375e+002  1.354813e-005
 7.444562e+002  1.452063e-005
 7.450750e+002  1.471472e-005
 7.456937e+002  1.330292e-005
 7.463125e+002  1.249656e-005
 7.469312e+002  1.431128e-005
 7.475500e+002  1.396332e-005
 7.481687e+002  1.341485e-005
 7.487875e+002  1.381551e-005
 7.494062e+002  1.455513e-005
 7.500250e+002  1.494960e-005
 7.506437e+002  4.239159e-005
 7.512625e+002  9.396196e-005
 7.518812e+002  5.648357e-005
 7.525000e+002  1.563447e-005
 7.531187e+002  1.422686e-005
 7.537375e+002  1.322345e-005
 7.543562e+002  1.351026e-005
 7.549750e+002  1.528019e-005
 7.555937e+002  1.499070e-005
 7.562125e+002  1.300019e-005
 7.568312e+002  1.257769e-005
 7.574500e+002  1.233574e-005
 7.580687e+002  1.248182e-005
 7.586875e+002  1.315044e-005
 7.593062e+002  1.340724e-005
 7.599250e+002  1.505930e-005
 7.605437e+002  1.505916e-005
 7.611625e+002  1.477675e-005
 7.617812e+002  1.578071e-005
 7.624000e+002  1.704854e-005
 7.630187e+002  1.483478e-005
 7.636375e+002  1.411548e-005
 7.642562e+002  1.467463e-005
 7.648750e+002  1.461568e-005
 7.654937e+002  1.500205e-005
 7.661125e+002  1.395804e-005
 7.667312e+002  1.366051e-005
 7.673500e+002  1.495997e-005
 7.679687e+002  1.500446e-005
 7.685875e+002  1.583610e-005
 7.692062e+002  1.644187e-005
 7.698250e+002  1.613197e-005
 7.704437e+002  1.473348e-005
 7.710625e+002  1.250046e-005
 7.716812e+002  1.417196e-005
 7.723000e+002  1.454599e-005
 7.729187e+002  1.324312e-005
 7.735375e+002  1.481960e-005
 7.741562e+002  1.405053e-005
 7.747750e+002  1.316378e-005
 7.753937e+002  1.396388e-005
 7.760125e+002  1.462335e-005
 7.766312e+002  1.541004e-005
 7.772500e+002  1.419634e-005
 7.778687e+002  1.373736e-005
 7.784875e+002  1.377349e-005
 7.791062e+002  1.366990e-005
 7.797250e+002  2.468352e-005
 7.803437e+002  4.253651e-005
 7.809625e+002  2.347736e-005
 7.815812e+002  1.424653e-005
 7.822000e+002  1.504646e-005
 7.828187e+002  1.500686e-005
 7.834375e+002  1.359444e-005
 7.840562e+002  1.430559e-005
 7.846750e+002  1.362250e-005
 7.852937e+002  1.445848e-005
 7.859125e+002  1.611956e-005
 7.865312e+002  1.443541e-005
 7.871500e+002  1.339512e-005
 7.877687e+002  1.399637e-005
 7.883875e+002  1.434830e-005
 7.890062e+002  1.288121e-005
 7.896250e+002  1.191594e-005
 7.902437e+002  1.305619e-005
 7.908625e+002  1.314007e-005
 7.914812e+002  1.452454e-005
 7.921000e+002  1.477225e-005
 7.927187e+002  1.286342e-005
 7.933375e+002  1.393942e-005
 7.939562e+002  1.420938e-005
 7.945750e+002  1.445496e-005
 7.951937e+002  1.590591e-005
 7.958125e+002  1.540096e-005
 7.964312e+002  1.469225e-005
 7.970500e+002  1.302629e-005
 7.976687e+002  1.503290e-005
 7.982875e+002  1.549109e-005
 7.989062e+002  1.450571e-005
 7.995250e+002  1.391499e-005
 8.001437e+002  1.334906e-005
 8.007625e+002  1.203000e-005
 8.013812e+002  1.536626e-005
 8.020000e+002  1.546872e-005
 8.026187e+002  1.440864e-005
 8.032375e+002  1.451706e-005
 8.038562e+002  1.414064e-005
 8.044750e+002  1.510022e-005
 8.050937e+002  1.413246e-005
 8.057125e+002  1.359739e-005
 8.063312e+002  1.384768e-005
 8.069500e+002  1.524679e-005
 8.075687e+002  1.428306e-005
 8.081875e+002  1.517889e-005
 8.088062e+002  1.452929e-005
 8.094250e+002  1.351489e-005
 8.100437e+002  1.305106e-005
 8.106625e+002  1.482649e-005
 8.112812e+002  1.526998e-005
 8.119000e+002  1.474321e-005
 8.125187e+002  1.284607e-005
 8.131375e+002  1.347205e-005
 8.137562e+002  1.391982e-005
 8.143750e+002  1.319082e-005
 8.149937e+002  1.333108e-005
 8.156125e+002  1.284636e-005
 8.162312e+002  1.353532e-005
 8.168500e+002  1.592557e-005
 8.174687e+002  1.440133e-005
 8.180875e+002  1.413000e-005
 8.187062e+002  1.474149e-005
 8.193250e+002  1.489111e-005
 8.199437e+002  1.471729e-005
 8.205625e+002  1.357363e-005
 8.211812e+002  1.404837e-005
 8.218000e+002  1.357853e-005
 8.224187e+002  1.493807e-005
 8.230375e+002  1.540815e-005
 8.236562e+002  1.503312e-005
 8.242750e+002  1.542392e-005
 8.248937e+002  1.311646e-005
 8.255125e+002  1.507843e-005
 8.261312e+002  1.493731e-005
 8.267500e+002  1.348025e-005
 8.273687e+002  1.381368e-005
 8.279875e+002  1.339768e-005
 8.286062e+002  1.336114e-005
 8.292250e+002  1.417399e-005
 8.298437e+002  1.310431e-005
 8.304625e+002  1.286259e-005
 8.310812e+002  1.347397e-005
 8.317000e+002  1.303465e-005
 8.323187e+002  1.406984e-005
 8.329375e+002  1.363807e-005
 8.335562e+002  1.355765e-005
 8.341750e+002  1.289616e-005
 8.347937e+002  1.284378e-005
 8.354125e+002  1.317873e-005
 8.360312e+002  1.397978e-005
 8.366500e+002  1.392550e-005
 8.372687e+002  1.366546e-005
 8.378875e+002  1.347419e-005
 8.385062e+002  1.361595e-005
 8.391250e+002  1.314932e-005
 8.397437e+002  2.359558e-005
 8.403625e+002  4.206286e-005
 8.409812e+002  2.357998e-005
 8.416000e+002  1.572762e-005
 8.422187e+002  1.438157e-005
 8.428375e+002  1.512039e-005
 8.434562e+002  1.667041e-005
 8.440750e+002  1.697831e-005
 8.446937e+002  1.420103e-005
 8.453125e+002  1.383794e-005
 8.459312e+002  1.569821e-005
 8.465500e+002  1.647792e-005
 8.471687e+002  1.495011e-005
 8.477875e+002  1.320225e-005
 8.484062e+002  1.230648e-005
 8.490250e+002  1.391767e-005
 8.496437e+002  1.396844e-005
 8.502625e+002  1.356259e-005
 8.508812e+002  3.209171e-005
 8.515000e+002  6.104617e-005
 8.521187e+002  3.308344e-005
 8.527375e+002  1.416836e-005
 8.533562e+002  1.459648e-005
 8.539750e+002  1.370292e-005
 8.545937e+002  1.460003e-005
 8.552125e+002  1.531131e-005
 8.558312e+002  1.446454e-005
 8.564500e+002  1.471653e-005
 8.570687e+002  1.539728e-005
 8.576875e+002  1.445424e-005
 8.583062e+002  1.497119e-005
 8.589250e+002  1.464820e-005
 8.595437e+002  1.467917e-005
 8.601625e+002  1.415282e-005
 8.607812e+002  1.587067e-005
 8.614000e+002  1.571513e-005
 8.620187e+002  1.490203e-005
 8.626375e+002  1.539204e-005
 8.632562e+002  1.590064e-005
 8.638750e+002  1.433073e-005
 8.644937e+002  1.416555e-005
 8.651125e+002  1.497907e-005
 8.657312e+002  1.536585e-005
 8.663500e+002  1.614462e-005
 8.669687e+002  1.464692e-005
 8.675875e+002  1.303439e-005
 8.682062e+002  1.313259e-005
 8.688250e+002  1.508678e-005
 8.694437e+002  1.465542e-005
 8.700625e+002  1.488222e-005
 8.706812e+002  1.484736e-005
 8.713000e+002  1.498781e-005
 8.719187e+002  1.475487e-005
 8.725375e+002  1.389744e-005
 8.731562e+002  1.410574e-005
 8.737750e+002  1.392967e-005
 8.743937e+002  1.320197e-005
 8.750125e+002  1.264790e-005
 8.756312e+002  1.357388e-005
 8.762500e+002  1.494328e-005
 8.768687e+002  1.250495e-005
 8.774875e+002  1.475838e-005
 8.781062e+002  1.361372e-005
 8.787250e+002  1.334258e-005
 8.793437e+002  1.449318e-005
 8.799625e+002  1.449790e-005
 8.805812e+002  1.557921e-005
 8.812000e+002  1.536886e-005
 8.818187e+002  1.300588e-005
 8.824375e+002  1.323084e-005
 8.830562e+002  1.379640e-005
 8.836750e+002  1.520621e-005
 8.842937e+002  1.487865e-005
 8.849125e+002  1.458277e-005
 8.855312e+002  1.409512e-005
 8.861500e+002  1.339190e-005
 8.867687e+002  1.554443e-005
 8.873875e+002  1.573767e-005
 8.880062e+002  1.488305e-005
 8.886250e+002  1.378616e-005
 8.892437e+002  1.300417e-005
 8.898625e+002  1.479064e-005
 8.904812e+002  1.533340e-005
 8.911000e+002  1.455423e-005
 8.917187e+002  1.471768e-005
 8.923375e+002  1.399558e-005
 8.929562e+002  1.343617e-005
 8.935750e+002  1.375019e-005
 8.941937e+002  1.313199e-005
 8.948125e+002  1.572758e-005
 8.954312e+002  1.416666e-005
 8.960500e+002  1.481545e-005
 8.966687e+002  1.415591e-005
 8.972875e+002  1.270968e-005
 8.979062e+002  1.341814e-005
 8.985250e+002  1.323467e-005
 8.991437e+002  1.362528e-005
 8.997625e+002  2.582390e-005
 9.003812e+002  4.180897e-005
 9.010000e+002  2.448109e-005
 9.016187e+002  1.509253e-005
 9.022375e+002  1.441477e-005
 9.028562e+002  1.353275e-005
 9.034750e+002  1.352509e-005
 9.040937e+002  1.302372e-005
 9.047125e+002  1.286090e-005
 9.053312e+002  1.347940e-005
 9.059500e+002  1.312446e-005
 9.065687e+002  1.444003e-005
 9.071875e+002  1.325603e-005
 9.078062e+002  1.451161e-005
 9.084250e+002  1.559020e-005
 9.090437e+002  1.948840e-005
 9.096625e+002  2.139254e-005
 9.102812e+002  1.401890e-005
 9.109000e+002  1.430949e-005
 9.115187e+002  1.694050e-005
 9.121375e+002  1.578030e-005
 9.127562e+002  1.419702e-005
 9.133750e+002  1.398908e-005
 9.139937e+002  1.472671e-005
 9.146125e+002  1.520376e-005
 9.152312e+002  1.414272e-005
 9.158500e+002  1.405713e-005
 9.164687e+002  1.435637e-005
 9.170875e+002  1.365883e-005
 9.177062e+002  1.415083e-005
 9.183250e+002  1.539310e-005
 9.189437e+002  1.711486e-005
 9.195625e+002  1.470969e-005
 9.201812e+002  1.330125e-005
 9.208000e+002  1.455239e-005
 9.214187e+002  1.491555e-005
 9.220375e+002  1.635087e-005
 9.226562e+002  1.594545e-005
 9.232750e+002  1.421565e-005
 9.238937e+002  1.380344e-005
 9.245125e+002  1.631985e-005
 9.251312e+002  1.562007e-005
 9.257500e+002  1.299814e-005
 9.263687e+002  1.385971e-005
 9.269875e+002  1.529733e-005
 9.276062e+002  1.540994e-005
 9.282250e+002  1.659699e-005
 9.288437e+002  1.603681e-005
 9.294625e+002  1.419646e-005
 9.300812e+002  1.464408e-005
 9.307000e+002  1.420676e-005
 9.313187e+002  1.345539e-005
 9.319375e+002  1.334275e-005
 9.325562e+002  1.343367e-005
 9.331750e+002  1.478431e-005
 9.337937e+002  1.424422e-005
 9.344125e+002  1.378441e-005
 9.350312e+002  1.278902e-005
 9.356500e+002  1.234540e-005
 9.362687e+002  1.300075e-005
 9.368875e+002  1.490526e-005
 9.375062e+002  1.419455e-005
 9.381250e+002  1.323008e-005
 9.387437e+002  1.378756e-005
 9.393625e+002  1.483396e-005
 9.399812e+002  1.387509e-005
 9.406000e+002  1.203795e-005
 9.412187e+002  1.264740e-005
 9.418375e+002  1.417699e-005
 9.424562e+002  1.510307e-005
 9.430750e+002  1.459662e-005
 9.436937e+002  1.387021e-005
 9.443125e+002  1.309110e-005
 9.449312e+002  1.331766e-005
 9.455500e+002  1.306724e-005
 9.461687e+002  1.374403e-005
 9.467875e+002  1.343121e-005
 9.474062e+002  1.350263e-005
 9.480250e+002  1.416053e-005
 9.486437e+002  1.396978e-005
 9.492625e+002  1.335740e-005
 9.498812e+002  1.282370e-005
 9.505000e+002  1.467144e-005
 9.511187e+002  3.783955e-005
 9.517375e+002  6.260824e-005
 9.523562e+002  3.236318e-005
 9.529750e+002  1.413618e-005
 9.535937e+002  1.227501e-005
 9.542125e+002  1.344001e-005
 9.548312e+002  1.359214e-005
 9.554500e+002  1.435471e-005
 9.560687e+002  1.378302e-005
 9.566875e+002  1.327364e-005
 9.573062e+002  1.645382e-005
 9.579250e+002  1.507699e-005
 9.585437e+002  1.315929e-005
 9.591625e+002  1.348155e-005
 9.597812e+002  2.250411e-005
 9.604000e+002  3.926672e-005
 9.610187e+002  2.197445e-005
 9.616375e+002  1.499397e-005
 9.622562e+002  1.402291e-005
 9.628750e+002  1.517277e-005
 9.634937e+002  1.571229e-005
 9.641125e+002  1.397686e-005
 9.647312e+002  1.359508e-005
 9.653500e+002  1.379483e-005
 9.659687e+002  1.272498e-005
 9.665875e+002  1.289002e-005
 9.672062e+002  1.484094e-005
 9.678250e+002  1.370117e-005
 9.684437e+002  1.303790e-005
 9.690625e+002  1.501400e-005
 9.696812e+002  1.463294e-005
 9.703000e+002  1.311069e-005
 9.709187e+002  1.382566e-005
 9.715375e+002  1.423366e-005
 9.721562e+002  1.540621e-005
 9.727750e+002  1.420904e-005
 9.733937e+002  1.325554e-005
 9.740125e+002  1.307926e-005
 9.746312e+002  1.410903e-005
 9.752500e+002  1.433247e-005
 9.758687e+002  1.358412e-005
 9.764875e+002  1.513132e-005
 9.771062e+002  1.388879e-005
 9.777250e+002  1.415068e-005
 9.783437e+002  1.272218e-005
 9.789625e+002  1.197438e-005
 9.795812e+002  1.401410e-005
 9.802000e+002  1.456399e-005
 9.808187e+002  1.438596e-005
 9.814375e+002  1.531215e-005
 9.820562e+002  1.486777e-005
 9.826750e+002  1.539449e-005
 9.832937e+002  1.410385e-005
 9.839125e+002  1.302719e-005
 9.845312e+002  1.471772e-005
 9.851500e+002  1.297189e-005
 9.857687e+002  1.363109e-005
 9.863875e+002  1.316631e-005
 9.870062e+002  1.376788e-005
 9.876250e+002  1.457208e-005
 9.882437e+002  1.444573e-005
 9.888625e+002  1.428436e-005
 9.894812e+002  1.559011e-005
 9.901000e+002  1.368247e-005
 9.907187e+002  1.331075e-005
 9.913375e+002  1.478142e-005
 9.919562e+002  1.469382e-005
 9.925750e+002  1.540493e-005
 9.931937e+002  1.423510e-005
 9.938125e+002  1.377823e-005
 9.944312e+002  1.320807e-005
 9.950500e+002  1.223543e-005
 9.956687e+002  1.382587e-005
 9.962875e+002  1.515532e-005
 9.969062e+002  1.540472e-005
 9.975250e+002  1.528571e-005
 9.981437e+002  1.563994e-005
 9.987625e+002  1.495624e-005
 9.993812e+002  1.364202e-005
 1.000000e+003  1.421052e-005
