 1.000000e+001  5.382843e-005
 1.061875e+001  4.248203e-005
 1.123750e+001  4.719413e-005
 1.185625e+001  4.909526e-005
 1.247500e+001  4.361145e-005
 1.309375e+001  4.127243e-005
 1.371250e+001  3.855016e-005
 1.433125e+001  3.725074e-005
 1.495000e+001  3.386451e-005
 1.556875e+001  3.379728e-005
 1.618750e+001  3.442835e-005
 1.680625e+001  3.550013e-005
 1.742500e+001  3.428014e-005
 1.804375e+001  3.468740e-005
 1.866250e+001  3.569569e-005
 1.928125e+001  3.718138e-005
 1.990000e+001  3.261143e-005
 2.051875e+001  2.928911e-005
 2.113750e+001  2.774068e-005
 2.175625e+001  3.113049e-005
 2.237500e+001  3.006539e-005
 2.299375e+001  2.947701e-005
 2.361250e+001  2.855832e-005
 2.423125e+001  2.931816e-005
 2.485000e+001  3.026872e-005
 2.546875e+001  2.825548e-005
 2.608750e+001  2.995776e-005
 2.670625e+001  3.012124e-005
 2.732500e+001  2.906480e-005
 2.794375e+001  2.525311e-005
 2.856250e+001  2.632200e-005
 2.918125e+001  2.359842e-005
 2.980000e+001  2.676554e-005
 3.041875e+001  3.037271e-005
 3.103750e+001  2.737452e-005
 3.165625e+001  2.678134e-005
 3.227500e+001  2.439998e-005
 3.289375e+001  2.417649e-005
 3.351250e+001  2.476403e-005
 3.413125e+001  2.450236e-005
 3.475000e+001  2.257303e-005
 3.536875e+001  2.362785e-005
 3.598750e+001  2.386906e-005
 3.660625e+001  2.370607e-005
 3.722500e+001  2.230660e-005
 3.784375e+001  2.269255e-005
 3.846250e+001  2.406646e-005
 3.908125e+001  2.731963e-005
 3.970000e+001  2.764846e-005
 4.031875e+001  2.582228e-005
 4.093750e+001  3.142533e-005
 4.155625e+001  3.168487e-005
 4.217500e+001  2.397737e-005
 4.279375e+001  2.361787e-005
 4.341250e+001  2.443129e-005
 4.403125e+001  2.422602e-005
 4.465000e+001  2.236029e-005
 4.526875e+001  2.126176e-005
 4.588750e+001  1.945089e-005
 4.650625e+001  2.020989e-005
 4.712500e+001  2.123146e-005
 4.774375e+001  2.269132e-005
 4.836250e+001  2.732752e-005
 4.898125e+001  1.266039e-004
 4.960000e+001  8.292494e-004
 5.021875e+001  9.588279e-004
 5.083750e+001  2.468393e-004
 5.145625e+001  2.984281e-005
 5.207500e+001  2.323953e-005
 5.269375e+001  2.204182e-005
 5.331250e+001  2.317466e-005
 5.393125e+001  2.302474e-005
 5.455000e+001  2.083340e-005
 5.516875e+001  2.155209e-005
 5.578750e+001  2.338104e-005
 5.640625e+001  2.100109e-005
 5.702500e+001  2.063518e-005
 5.764375e+001  2.010935e-005
 5.826250e+001  1.990591e-005
 5.888125e+001  1.961031e-005
 5.950000e+001  1.002850e-004
 6.011875e+001  1.603130e-004
 6.073750e+001  6.577100e-005
 6.135625e+001  1.966746e-005
 6.197500e+001  2.128235e-005
 6.259375e+001  2.042320e-005
 6.321250e+001  1.818853e-005
 6.383125e+001  2.018047e-005
 6.445000e+001  2.014545e-005
 6.506875e+001  2.029460e-005
 6.568750e+001  1.902276e-005
 6.630625e+001  1.866175e-005
 6.692500e+001  1.989826e-005
 6.754375e+001  2.057921e-005
 6.816250e+001  1.902033e-005
 6.878125e+001  1.671333e-005
 6.940000e+001  1.742876e-005
 7.001875e+001  1.868614e-005
 7.063750e+001  1.856684e-005
 7.125625e+001  1.855415e-005
 7.187500e+001  1.839464e-005
 7.249375e+001  1.865969e-005
 7.311250e+001  1.844574e-005
 7.373125e+001  1.719831e-005
 7.435000e+001  1.785113e-005
 7.496875e+001  1.888948e-005
 7.558750e+001  1.942338e-005
 7.620625e+001  1.657947e-005
 7.682500e+001  1.804516e-005
 7.744375e+001  1.863401e-005
 7.806250e+001  1.852924e-005
 7.868125e+001  1.817884e-005
 7.930000e+001  1.781078e-005
 7.991875e+001  1.866646e-005
 8.053750e+001  1.989642e-005
 8.115625e+001  1.941153e-005
 8.177500e+001  2.377423e-005
 8.239375e+001  3.957282e-005
 8.301250e+001  2.717033e-005
 8.363125e+001  1.692591e-005
 8.425000e+001  1.451745e-005
 8.486875e+001  1.641272e-005
 8.548750e+001  1.681739e-005
 8.610625e+001  1.723797e-005
 8.672500e+001  1.675349e-005
 8.734375e+001  1.997475e-005
 8.796250e+001  2.085325e-005
 8.858125e+001  2.019340e-005
 8.920000e+001  1.848845e-005
 8.981875e+001  1.677794e-005
 9.043750e+001  1.705758e-005
 9.105625e+001  1.829409e-005
 9.167500e+001  1.855261e-005
 9.229375e+001  1.909706e-005
 9.291250e+001  1.812725e-005
 9.353125e+001  1.863996e-005
 9.415000e+001  1.849734e-005
 9.476875e+001  1.596156e-005
 9.538750e+001  1.771628e-005
 9.600625e+001  1.787063e-005
 9.662500e+001  1.835773e-005
 9.724375e+001  1.935635e-005
 9.786250e+001  1.643217e-005
 9.848125e+001  1.565251e-005
 9.910000e+001  1.755761e-005
 9.971875e+001  3.855154e-005
 1.003375e+002  3.631483e-005
 1.009563e+002  1.763104e-005
 1.015750e+002  1.832970e-005
 1.021938e+002  1.806529e-005
 1.028125e+002  1.713403e-005
 1.034313e+002  1.823519e-005
 1.040500e+002  1.749962e-005
 1.046688e+002  1.676889e-005
 1.052875e+002  1.627429e-005
 1.059063e+002  1.637883e-005
 1.065250e+002  1.573002e-005
 1.071438e+002  1.868615e-005
 1.077625e+002  1.897231e-005
 1.083813e+002  1.788470e-005
 1.090000e+002  1.955923e-005
 1.096188e+002  1.856054e-005
 1.102375e+002  1.778994e-005
 1.108563e+002  1.688858e-005
 1.114750e+002  1.634265e-005
 1.120938e+002  1.593402e-005
 1.127125e+002  1.640787e-005
 1.133313e+002  1.574437e-005
 1.139500e+002  1.716780e-005
 1.145688e+002  1.636579e-005
 1.151875e+002  1.557526e-005
 1.158063e+002  1.726696e-005
 1.164250e+002  1.859435e-005
 1.170438e+002  1.950550e-005
 1.176625e+002  1.834625e-005
 1.182813e+002  1.785695e-005
 1.189000e+002  1.722382e-005
 1.195188e+002  4.552045e-005
 1.201375e+002  7.184096e-005
 1.207563e+002  3.209680e-005
 1.213750e+002  1.585408e-005
 1.219938e+002  1.456655e-005
 1.226125e+002  1.481735e-005
 1.232313e+002  1.295292e-005
 1.238500e+002  1.614306e-005
 1.244688e+002  1.763975e-005
 1.250875e+002  1.521432e-005
 1.257063e+002  1.491567e-005
 1.263250e+002  1.591114e-005
 1.269438e+002  1.865167e-005
 1.275625e+002  1.759211e-005
 1.281813e+002  1.704991e-005
 1.288000e+002  1.541169e-005
 1.294188e+002  1.663955e-005
 1.300375e+002  1.742442e-005
 1.306563e+002  1.670483e-005
 1.312750e+002  1.462648e-005
 1.318938e+002  1.467768e-005
 1.325125e+002  1.582453e-005
 1.331313e+002  1.557171e-005
 1.337500e+002  1.430631e-005
 1.343688e+002  1.475577e-005
 1.349875e+002  1.649189e-005
 1.356063e+002  1.761242e-005
 1.362250e+002  1.613873e-005
 1.368438e+002  1.308020e-005
 1.374625e+002  1.502979e-005
 1.380813e+002  1.524630e-005
 1.387000e+002  1.517212e-005
 1.393188e+002  1.593570e-005
 1.399375e+002  1.595675e-005
 1.405563e+002  1.559874e-005
 1.411750e+002  1.473442e-005
 1.417938e+002  1.569950e-005
 1.424125e+002  1.867105e-005
 1.430313e+002  1.779035e-005
 1.436500e+002  1.582167e-005
 1.442688e+002  1.505511e-005
 1.448875e+002  1.714323e-005
 1.455063e+002  1.741872e-005
 1.461250e+002  1.602638e-005
 1.467438e+002  1.594945e-005
 1.473625e+002  1.517063e-005
 1.479813e+002  1.552586e-005
 1.486000e+002  2.668018e-005
 1.492188e+002  4.174120e-004
 1.498375e+002  1.058188e-003
 1.504563e+002  6.607705e-004
 1.510750e+002  4.083179e-005
 1.516938e+002  1.676035e-005
 1.523125e+002  1.746693e-005
 1.529313e+002  1.742028e-005
 1.535500e+002  1.491640e-005
 1.541688e+002  1.386888e-005
 1.547875e+002  1.492522e-005
 1.554063e+002  1.507414e-005
 1.560250e+002  1.470309e-005
 1.566438e+002  1.337446e-005
 1.572625e+002  1.439216e-005
 1.578813e+002  1.534488e-005
 1.585000e+002  1.525295e-005
 1.591188e+002  1.638888e-005
 1.597375e+002  1.619680e-005
 1.603563e+002  1.533356e-005
 1.609750e+002  1.301007e-005
 1.615938e+002  1.715863e-005
 1.622125e+002  1.591959e-005
 1.628313e+002  1.446068e-005
 1.634500e+002  1.556359e-005
 1.640688e+002  1.609237e-005
 1.646875e+002  1.471401e-005
 1.653063e+002  1.645501e-005
 1.659250e+002  1.565923e-005
 1.665438e+002  1.466658e-005
 1.671625e+002  1.423884e-005
 1.677813e+002  1.281519e-005
 1.684000e+002  1.465135e-005
 1.690188e+002  1.650167e-005
 1.696375e+002  1.728385e-005
 1.702563e+002  1.530354e-005
 1.708750e+002  1.453901e-005
 1.714938e+002  1.537024e-005
 1.721125e+002  1.416687e-005
 1.727313e+002  1.523598e-005
 1.733500e+002  1.570634e-005
 1.739688e+002  1.635292e-005
 1.745875e+002  1.518512e-005
 1.752063e+002  1.316506e-005
 1.758250e+002  1.327466e-005
 1.764438e+002  1.411161e-005
 1.770625e+002  1.512084e-005
 1.776813e+002  1.330713e-005
 1.783000e+002  1.400746e-005
 1.789188e+002  1.576512e-005
 1.795375e+002  3.142533e-005
 1.801563e+002  4.741620e-005
 1.807750e+002  2.306414e-005
 1.813938e+002  1.391216e-005
 1.820125e+002  1.522990e-005
 1.826313e+002  1.441765e-005
 1.832500e+002  1.413737e-005
 1.838688e+002  1.451376e-005
 1.844875e+002  1.232342e-005
 1.851063e+002  1.292043e-005
 1.857250e+002  1.500167e-005
 1.863438e+002  1.454782e-005
 1.869625e+002  1.472866e-005
 1.875813e+002  1.492811e-005
 1.882000e+002  1.411138e-005
 1.888188e+002  1.435900e-005
 1.894375e+002  1.417856e-005
 1.900563e+002  1.402456e-005
 1.906750e+002  1.452730e-005
 1.912938e+002  1.351196e-005
 1.919125e+002  1.467956e-005
 1.925313e+002  1.397430e-005
 1.931500e+002  1.352785e-005
 1.937688e+002  1.464512e-005
 1.943875e+002  1.395830e-005
 1.950063e+002  1.423987e-005
 1.956250e+002  1.610362e-005
 1.962438e+002  1.624196e-005
 1.968625e+002  1.507914e-005
 1.974813e+002  1.360386e-005
 1.981000e+002  1.375133e-005
 1.987188e+002  1.387616e-005
 1.993375e+002  2.065203e-005
 1.999563e+002  2.791457e-005
 2.005750e+002  1.634701e-005
 2.011938e+002  1.599424e-005
 2.018125e+002  1.369766e-005
 2.024313e+002  1.421469e-005
 2.030500e+002  1.399898e-005
 2.036688e+002  1.480010e-005
 2.042875e+002  1.688508e-005
 2.049063e+002  1.644577e-005
 2.055250e+002  1.334117e-005
 2.061438e+002  1.441123e-005
 2.067625e+002  1.553101e-005
 2.073813e+002  1.369871e-005
 2.080000e+002  1.237861e-005
 2.086188e+002  1.262077e-005
 2.092375e+002  1.353808e-005
 2.098563e+002  1.390937e-005
 2.104750e+002  1.549578e-005
 2.110938e+002  1.654968e-005
 2.117125e+002  1.751842e-005
 2.123313e+002  1.405214e-005
 2.129500e+002  1.316392e-005
 2.135688e+002  1.483873e-005
 2.141875e+002  1.512898e-005
 2.148063e+002  1.368632e-005
 2.154250e+002  1.415049e-005
 2.160438e+002  1.235517e-005
 2.166625e+002  1.370780e-005
 2.172813e+002  1.420496e-005
 2.179000e+002  1.335038e-005
 2.185188e+002  1.391228e-005
 2.191375e+002  1.456685e-005
 2.197563e+002  1.335770e-005
 2.203750e+002  1.284463e-005
 2.209938e+002  1.379588e-005
 2.216125e+002  1.336378e-005
 2.222313e+002  1.540791e-005
 2.228500e+002  1.543538e-005
 2.234688e+002  1.492736e-005
 2.240875e+002  1.413159e-005
 2.247063e+002  1.465171e-005
 2.253250e+002  1.500228e-005
 2.259438e+002  1.438287e-005
 2.265625e+002  1.501255e-005
 2.271813e+002  1.540893e-005
 2.278000e+002  1.419921e-005
 2.284188e+002  1.392202e-005
 2.290375e+002  1.371228e-005
 2.296563e+002  1.385622e-005
 2.302750e+002  1.436174e-005
 2.308938e+002  1.334566e-005
 2.315125e+002  1.304297e-005
 2.321313e+002  1.288246e-005
 2.327500e+002  1.278290e-005
 2.333688e+002  1.418222e-005
 2.339875e+002  1.250224e-005
 2.346063e+002  1.478018e-005
 2.352250e+002  1.594067e-005
 2.358438e+002  1.353676e-005
 2.364625e+002  1.312540e-005
 2.370813e+002  1.482091e-005
 2.377000e+002  1.559006e-005
 2.383188e+002  1.479649e-005
 2.389375e+002  1.411335e-005
 2.395563e+002  2.800605e-005
 2.401750e+002  3.965525e-005
 2.407938e+002  1.834709e-005
 2.414125e+002  1.270876e-005
 2.420313e+002  1.081611e-005
 2.426500e+002  1.302732e-005
 2.432688e+002  1.424168e-005
 2.438875e+002  1.449242e-005
 2.445063e+002  1.213606e-005
 2.451250e+002  1.283640e-005
 2.457438e+002  1.453837e-005
 2.463625e+002  1.576294e-005
 2.469813e+002  1.716413e-005
 2.476000e+002  1.633347e-005
 2.482188e+002  1.375386e-005
 2.488375e+002  2.692214e-005
 2.494563e+002  1.866414e-004
 2.500750e+002  2.396857e-004
 2.506938e+002  7.434898e-005
 2.513125e+002  1.282243e-005
 2.519313e+002  1.254061e-005
 2.525500e+002  1.257007e-005
 2.531688e+002  1.295983e-005
 2.537875e+002  1.461383e-005
 2.544063e+002  1.424352e-005
 2.550250e+002  1.541843e-005
 2.556438e+002  1.686459e-005
 2.562625e+002  1.471709e-005
 2.568813e+002  1.221346e-005
 2.575000e+002  1.209050e-005
 2.581188e+002  1.426105e-005
 2.587375e+002  1.390691e-005
 2.593563e+002  1.300646e-005
 2.599750e+002  1.234791e-005
 2.605938e+002  1.303395e-005
 2.612125e+002  1.406805e-005
 2.618313e+002  1.338633e-005
 2.624500e+002  1.404282e-005
 2.630688e+002  1.531073e-005
 2.636875e+002  1.297913e-005
 2.643063e+002  1.255726e-005
 2.649250e+002  1.414637e-005
 2.655438e+002  1.376812e-005
 2.661625e+002  1.525439e-005
 2.667813e+002  1.185947e-005
 2.674000e+002  1.318641e-005
 2.680188e+002  1.256872e-005
 2.686375e+002  1.260040e-005
 2.692563e+002  1.425117e-005
 2.698750e+002  1.507360e-005
 2.704938e+002  1.534514e-005
 2.711125e+002  1.471262e-005
 2.717313e+002  1.313260e-005
 2.723500e+002  1.369702e-005
 2.729688e+002  1.139319e-005
 2.735875e+002  1.378577e-005
 2.742063e+002  1.404865e-005
 2.748250e+002  1.264078e-005
 2.754438e+002  1.509061e-005
 2.760625e+002  1.456833e-005
 2.766813e+002  1.291434e-005
 2.773000e+002  1.288957e-005
 2.779188e+002  1.497654e-005
 2.785375e+002  1.408681e-005
 2.791563e+002  1.365881e-005
 2.797750e+002  1.396135e-005
 2.803938e+002  1.395881e-005
 2.810125e+002  1.327653e-005
 2.816313e+002  1.373762e-005
 2.822500e+002  1.242533e-005
 2.828688e+002  1.318333e-005
 2.834875e+002  1.310121e-005
 2.841063e+002  1.355669e-005
 2.847250e+002  1.497874e-005
 2.853438e+002  1.500704e-005
 2.859625e+002  1.395851e-005
 2.865813e+002  1.367928e-005
 2.872000e+002  1.428480e-005
 2.878188e+002  1.378984e-005
 2.884375e+002  1.401214e-005
 2.890563e+002  1.418362e-005
 2.896750e+002  1.444944e-005
 2.902938e+002  1.377602e-005
 2.909125e+002  1.262354e-005
 2.915313e+002  1.203019e-005
 2.921500e+002  1.218873e-005
 2.927688e+002  1.298676e-005
 2.933875e+002  1.228943e-005
 2.940063e+002  1.241358e-005
 2.946250e+002  1.336614e-005
 2.952438e+002  1.353913e-005
 2.958625e+002  1.425715e-005
 2.964813e+002  1.310457e-005
 2.971000e+002  1.198833e-005
 2.977188e+002  1.450049e-005
 2.983375e+002  1.449849e-005
 2.989563e+002  1.355220e-005
 2.995750e+002  2.653248e-005
 3.001938e+002  3.895180e-005
 3.008125e+002  2.093539e-005
 3.014313e+002  1.450836e-005
 3.020500e+002  1.377895e-005
 3.026688e+002  1.309311e-005
 3.032875e+002  1.253273e-005
 3.039063e+002  1.232945e-005
 3.045250e+002  1.298337e-005
 3.051438e+002  1.231615e-005
 3.057625e+002  1.295894e-005
 3.063813e+002  1.429680e-005
 3.070000e+002  1.379887e-005
 3.076188e+002  1.252189e-005
 3.082375e+002  1.370568e-005
 3.088563e+002  1.310856e-005
 3.094750e+002  1.362500e-005
 3.100938e+002  1.367472e-005
 3.107125e+002  1.227807e-005
 3.113313e+002  1.204457e-005
 3.119500e+002  1.269838e-005
 3.125688e+002  1.396521e-005
 3.131875e+002  1.253717e-005
 3.138063e+002  1.235275e-005
 3.144250e+002  1.406523e-005
 3.150437e+002  1.298529e-005
 3.156625e+002  1.249408e-005
 3.162812e+002  1.323657e-005
 3.169000e+002  1.369867e-005
 3.175187e+002  1.302292e-005
 3.181375e+002  1.459810e-005
 3.187562e+002  1.327564e-005
 3.193750e+002  1.304026e-005
 3.199937e+002  1.252868e-005
 3.206125e+002  1.242222e-005
 3.212312e+002  1.119177e-005
 3.218500e+002  1.019278e-005
 3.224687e+002  1.268173e-005
 3.230875e+002  1.207725e-005
 3.237062e+002  1.235958e-005
 3.243250e+002  1.334632e-005
 3.249437e+002  1.379167e-005
 3.255625e+002  1.326399e-005
 3.261812e+002  1.287924e-005
 3.268000e+002  1.181752e-005
 3.274187e+002  1.227661e-005
 3.280375e+002  1.291034e-005
 3.286562e+002  1.307403e-005
 3.292750e+002  1.293973e-005
 3.298937e+002  1.349783e-005
 3.305125e+002  1.457984e-005
 3.311312e+002  1.320997e-005
 3.317500e+002  1.213923e-005
 3.323687e+002  1.253022e-005
 3.329875e+002  1.255323e-005
 3.336062e+002  1.341821e-005
 3.342250e+002  1.377079e-005
 3.348437e+002  1.489762e-005
 3.354625e+002  1.438489e-005
 3.360812e+002  1.592920e-005
 3.367000e+002  1.393237e-005
 3.373187e+002  1.384647e-005
 3.379375e+002  1.401438e-005
 3.385562e+002  1.382376e-005
 3.391750e+002  1.406152e-005
 3.397937e+002  1.342857e-005
 3.404125e+002  1.274456e-005
 3.410312e+002  1.238039e-005
 3.416500e+002  1.216900e-005
 3.422687e+002  1.280754e-005
 3.428875e+002  1.295584e-005
 3.435062e+002  1.453284e-005
 3.441250e+002  1.543648e-005
 3.447437e+002  1.436719e-005
 3.453625e+002  1.227423e-005
 3.459812e+002  1.201950e-005
 3.466000e+002  1.046965e-005
 3.472187e+002  1.254508e-005
 3.478375e+002  1.447120e-005
 3.484562e+002  1.477374e-005
 3.490750e+002  5.276153e-005
 3.496937e+002  1.486685e-004
 3.503125e+002  1.055424e-004
 3.509312e+002  1.667993e-005
 3.515500e+002  1.220478e-005
 3.521687e+002  1.290523e-005
 3.527875e+002  1.295765e-005
 3.534062e+002  1.336610e-005
 3.540250e+002  1.355931e-005
 3.546437e+002  1.549661e-005
 3.552625e+002  1.380273e-005
 3.558812e+002  1.163836e-005
 3.565000e+002  1.342067e-005
 3.571187e+002  1.377783e-005
 3.577375e+002  1.241048e-005
 3.583562e+002  1.209866e-005
 3.589750e+002  1.207509e-005
 3.595937e+002  2.582524e-005
 3.602125e+002  3.750083e-005
 3.608312e+002  1.781604e-005
 3.614500e+002  1.377368e-005
 3.620687e+002  1.390539e-005
 3.626875e+002  1.338071e-005
 3.633062e+002  1.297041e-005
 3.639250e+002  1.150248e-005
 3.645437e+002  1.276770e-005
 3.651625e+002  1.345503e-005
 3.657812e+002  1.214481e-005
 3.664000e+002  1.203614e-005
 3.670187e+002  1.123442e-005
 3.676375e+002  1.179693e-005
 3.682562e+002  1.283860e-005
 3.688750e+002  1.411329e-005
 3.694937e+002  1.377373e-005
 3.701125e+002  1.348333e-005
 3.707312e+002  1.451141e-005
 3.713500e+002  1.429326e-005
 3.719687e+002  1.341418e-005
 3.725875e+002  1.186034e-005
 3.732062e+002  1.032405e-005
 3.738250e+002  1.199206e-005
 3.744437e+002  1.328789e-005
 3.750625e+002  1.330490e-005
 3.756812e+002  1.329504e-005
 3.763000e+002  1.352269e-005
 3.769187e+002  1.288087e-005
 3.775375e+002  1.314874e-005
 3.781562e+002  1.329181e-005
 3.787750e+002  1.193845e-005
 3.793937e+002  1.154158e-005
 3.800125e+002  1.223117e-005
 3.806312e+002  1.352147e-005
 3.812500e+002  1.406353e-005
 3.818687e+002  1.414356e-005
 3.824875e+002  1.300852e-005
 3.831062e+002  1.296444e-005
 3.837250e+002  1.323742e-005
 3.843437e+002  1.212999e-005
 3.849625e+002  1.205089e-005
 3.855812e+002  1.184089e-005
 3.862000e+002  1.106282e-005
 3.868187e+002  1.199632e-005
 3.874375e+002  1.340650e-005
 3.880562e+002  1.276589e-005
 3.886750e+002  1.337875e-005
 3.892937e+002  1.269359e-005
 3.899125e+002  1.242876e-005
 3.905312e+002  1.251515e-005
 3.911500e+002  1.331532e-005
 3.917687e+002  1.311443e-005
 3.923875e+002  1.324096e-005
 3.930062e+002  1.146580e-005
 3.936250e+002  1.270131e-005
 3.942437e+002  1.356297e-005
 3.948625e+002  1.282579e-005
 3.954812e+002  1.178173e-005
 3.961000e+002  1.291579e-005
 3.967187e+002  1.313040e-005
 3.973375e+002  1.336129e-005
 3.979562e+002  1.263312e-005
 3.985750e+002  1.189139e-005
 3.991937e+002  1.253765e-005
 3.998125e+002  1.256578e-005
 4.004312e+002  1.313375e-005
 4.010500e+002  1.280789e-005
 4.016687e+002  1.252123e-005
 4.022875e+002  1.306036e-005
 4.029062e+002  1.432445e-005
 4.035250e+002  1.360657e-005
 4.041437e+002  1.454249e-005
 4.047625e+002  1.461811e-005
 4.053812e+002  1.272109e-005
 4.060000e+002  1.094491e-005
 4.066187e+002  1.199798e-005
 4.072375e+002  1.395253e-005
 4.078562e+002  1.349450e-005
 4.084750e+002  1.316037e-005
 4.090937e+002  1.246302e-005
 4.097125e+002  1.319653e-005
 4.103312e+002  1.307748e-005
 4.109500e+002  1.227450e-005
 4.115687e+002  1.282982e-005
 4.121875e+002  1.383585e-005
 4.128062e+002  1.334603e-005
 4.134250e+002  1.277961e-005
 4.140437e+002  1.363157e-005
 4.146625e+002  1.253517e-005
 4.152812e+002  1.317619e-005
 4.159000e+002  1.304848e-005
 4.165187e+002  1.373876e-005
 4.171375e+002  1.341259e-005
 4.177562e+002  1.282721e-005
 4.183750e+002  1.352512e-005
 4.189937e+002  1.299783e-005
 4.196125e+002  2.255898e-005
 4.202312e+002  3.651147e-005
 4.208500e+002  2.109083e-005
 4.214687e+002  1.334599e-005
 4.220875e+002  1.425572e-005
 4.227062e+002  1.230176e-005
 4.233250e+002  1.275513e-005
 4.239437e+002  1.251672e-005
 4.245625e+002  1.138495e-005
 4.251812e+002  1.165596e-005
 4.258000e+002  1.174853e-005
 4.264187e+002  1.253097e-005
 4.270375e+002  1.351761e-005
 4.276562e+002  1.290048e-005
 4.282750e+002  1.404114e-005
 4.288937e+002  1.432654e-005
 4.295125e+002  1.350095e-005
 4.301312e+002  1.202297e-005
 4.307500e+002  1.268609e-005
 4.313687e+002  1.305704e-005
 4.319875e+002  1.240668e-005
 4.326062e+002  1.265613e-005
 4.332250e+002  1.350626e-005
 4.338437e+002  1.455265e-005
 4.344625e+002  1.521992e-005
 4.350812e+002  1.307132e-005
 4.357000e+002  1.310952e-005
 4.363187e+002  1.350649e-005
 4.369375e+002  1.317676e-005
 4.375562e+002  1.307767e-005
 4.381750e+002  1.202726e-005
 4.387937e+002  1.312658e-005
 4.394125e+002  1.389818e-005
 4.400312e+002  1.345223e-005
 4.406500e+002  1.208115e-005
 4.412687e+002  1.148901e-005
 4.418875e+002  1.228559e-005
 4.425062e+002  1.112806e-005
 4.431250e+002  1.085848e-005
 4.437437e+002  1.324298e-005
 4.443625e+002  1.330201e-005
 4.449812e+002  1.243056e-005
 4.456000e+002  1.171741e-005
 4.462187e+002  1.245466e-005
 4.468375e+002  1.140352e-005
 4.474562e+002  1.250503e-005
 4.480750e+002  1.191646e-005
 4.486937e+002  1.904664e-005
 4.493125e+002  1.459231e-004
 4.499312e+002  2.080178e-004
 4.505500e+002  7.620294e-005
 4.511687e+002  1.391784e-005
 4.517875e+002  1.269493e-005
 4.524062e+002  1.221925e-005
 4.530250e+002  1.209673e-005
 4.536437e+002  1.202658e-005
 4.542625e+002  1.092615e-005
 4.548812e+002  1.286920e-005
 4.555000e+002  1.196424e-005
 4.561187e+002  1.351513e-005
 4.567375e+002  1.350884e-005
 4.573562e+002  1.249522e-005
 4.579750e+002  1.281210e-005
 4.585937e+002  1.330071e-005
 4.592125e+002  1.272857e-005
 4.598312e+002  1.224127e-005
 4.604500e+002  1.111928e-005
 4.610687e+002  1.145555e-005
 4.616875e+002  1.174134e-005
 4.623062e+002  1.093787e-005
 4.629250e+002  1.124402e-005
 4.635437e+002  1.238365e-005
 4.641625e+002  1.285353e-005
 4.647812e+002  1.371449e-005
 4.654000e+002  1.371216e-005
 4.660187e+002  1.405468e-005
 4.666375e+002  1.408629e-005
 4.672562e+002  1.293820e-005
 4.678750e+002  1.315614e-005
 4.684937e+002  1.360914e-005
 4.691125e+002  1.308808e-005
 4.697312e+002  1.199218e-005
 4.703500e+002  1.317229e-005
 4.709687e+002  1.307517e-005
 4.715875e+002  1.250813e-005
 4.722062e+002  1.053451e-005
 4.728250e+002  1.252425e-005
 4.734437e+002  1.244047e-005
 4.740625e+002  1.376929e-005
 4.746812e+002  1.377959e-005
 4.753000e+002  1.263460e-005
 4.759187e+002  1.263989e-005
 4.765375e+002  1.416944e-005
 4.771562e+002  1.343521e-005
 4.777750e+002  1.173780e-005
 4.783937e+002  1.272643e-005
 4.790125e+002  1.299432e-005
 4.796312e+002  2.444114e-005
 4.802500e+002  3.731100e-005
 4.808687e+002  2.088503e-005
 4.814875e+002  1.277415e-005
 4.821062e+002  1.383769e-005
 4.827250e+002  1.318213e-005
 4.833437e+002  1.138309e-005
 4.839625e+002  1.175838e-005
 4.845812e+002  1.299300e-005
 4.852000e+002  1.204741e-005
 4.858187e+002  1.159859e-005
 4.864375e+002  1.276299e-005
 4.870562e+002  1.208235e-005
 4.876750e+002  1.244240e-005
 4.882937e+002  1.345523e-005
 4.889125e+002  1.358154e-005
 4.895312e+002  1.254644e-005
 4.901500e+002  1.330680e-005
 4.907687e+002  1.314201e-005
 4.913875e+002  1.236446e-005
 4.920062e+002  1.279766e-005
 4.926250e+002  1.387521e-005
 4.932437e+002  1.288622e-005
 4.938625e+002  1.239816e-005
 4.944812e+002  1.370694e-005
 4.951000e+002  1.201486e-005
 4.957187e+002  1.231538e-005
 4.963375e+002  1.325222e-005
 4.969562e+002  1.394770e-005
 4.975750e+002  1.511004e-005
 4.981937e+002  1.356303e-005
 4.988125e+002  1.131047e-005
 4.994312e+002  1.277837e-005
 5.000500e+002  1.473085e-005
 5.006687e+002  1.489422e-005
 5.012875e+002  1.348258e-005
 5.019062e+002  1.275357e-005
 5.025250e+002  1.248068e-005
 5.031437e+002  1.274134e-005
 5.037625e+002  1.373832e-005
 5.043812e+002  1.252140e-005
 5.050000e+002  1.282003e-005
 5.056187e+002  1.297729e-005
 5.062375e+002  1.433610e-005
 5.068562e+002  1.341615e-005
 5.074750e+002  1.180567e-005
 5.080937e+002  1.176498e-005
 5.087125e+002  1.302937e-005
 5.093312e+002  1.136783e-005
 5.099500e+002  1.220686e-005
 5.105687e+002  1.405631e-005
 5.111875e+002  1.139841e-005
 5.118062e+002  1.108268e-005
 5.124250e+002  1.186876e-005
 5.130437e+002  1.107933e-005
 5.136625e+002  1.191737e-005
 5.142812e+002  1.263977e-005
 5.149000e+002  1.167727e-005
 5.155187e+002  1.170946e-005
 5.161375e+002  1.175258e-005
 5.167562e+002  1.194282e-005
 5.173750e+002  1.165940e-005
 5.179937e+002  1.292265e-005
 5.186125e+002  1.483049e-005
 5.192312e+002  1.500976e-005
 5.198500e+002  1.349639e-005
 5.204687e+002  1.172776e-005
 5.210875e+002  1.288337e-005
 5.217062e+002  1.335426e-005
 5.223250e+002  1.313092e-005
 5.229437e+002  1.119895e-005
 5.235625e+002  1.072142e-005
 5.241812e+002  1.094581e-005
 5.248000e+002  1.060513e-005
 5.254187e+002  1.198118e-005
 5.260375e+002  1.294573e-005
 5.266562e+002  1.166671e-005
 5.272750e+002  1.149641e-005
 5.278937e+002  1.147049e-005
 5.285125e+002  1.293276e-005
 5.291312e+002  1.336584e-005
 5.297500e+002  1.300076e-005
 5.303687e+002  1.328979e-005
 5.309875e+002  1.219483e-005
 5.316062e+002  1.263464e-005
 5.322250e+002  1.310250e-005
 5.328437e+002  1.063802e-005
 5.334625e+002  1.242344e-005
 5.340812e+002  1.252011e-005
 5.347000e+002  1.285273e-005
 5.353187e+002  1.267365e-005
 5.359375e+002  1.295667e-005
 5.365562e+002  1.137952e-005
 5.371750e+002  1.387048e-005
 5.377937e+002  1.308850e-005
 5.384125e+002  1.286795e-005
 5.390312e+002  1.276207e-005
 5.396500e+002  2.300958e-005
 5.402687e+002  3.560181e-005
 5.408875e+002  1.915805e-005
 5.415062e+002  1.282357e-005
 5.421250e+002  1.292324e-005
 5.427437e+002  1.270828e-005
 5.433625e+002  1.297980e-005
 5.439812e+002  1.443619e-005
 5.446000e+002  1.213178e-005
 5.452187e+002  1.282089e-005
 5.458375e+002  1.215860e-005
 5.464562e+002  1.257175e-005
 5.470750e+002  1.185930e-005
 5.476937e+002  1.112804e-005
 5.483125e+002  1.239560e-005
 5.489312e+002  2.510815e-005
 5.495500e+002  7.581903e-005
 5.501687e+002  6.202237e-005
 5.507875e+002  1.434115e-005
 5.514062e+002  1.197145e-005
 5.520250e+002  1.320415e-005
 5.526437e+002  1.356497e-005
 5.532625e+002  1.245871e-005
 5.538812e+002  1.143819e-005
 5.545000e+002  1.409605e-005
 5.551187e+002  1.238127e-005
 5.557375e+002  1.285443e-005
 5.563562e+002  1.307626e-005
 5.569750e+002  1.288368e-005
 5.575937e+002  1.177900e-005
 5.582125e+002  1.133291e-005
 5.588312e+002  1.094329e-005
 5.594500e+002  1.226055e-005
 5.600687e+002  1.270007e-005
 5.606875e+002  1.238200e-005
 5.613062e+002  1.259236e-005
 5.619250e+002  1.336081e-005
 5.625437e+002  1.326557e-005
 5.631625e+002  1.220018e-005
 5.637812e+002  1.284677e-005
 5.644000e+002  1.233198e-005
 5.650187e+002  1.293332e-005
 5.656375e+002  1.308372e-005
 5.662562e+002  1.299964e-005
 5.668750e+002  1.280866e-005
 5.674937e+002  1.227845e-005
 5.681125e+002  1.325479e-005
 5.687312e+002  1.278324e-005
 5.693500e+002  1.307491e-005
 5.699687e+002  1.389126e-005
 5.705875e+002  1.286721e-005
 5.712062e+002  1.368920e-005
 5.718250e+002  1.153105e-005
 5.724437e+002  1.222583e-005
 5.730625e+002  1.355774e-005
 5.736812e+002  1.363509e-005
 5.743000e+002  1.265591e-005
 5.749187e+002  1.294479e-005
 5.755375e+002  1.248676e-005
 5.761562e+002  1.153073e-005
 5.767750e+002  1.223618e-005
 5.773937e+002  1.216846e-005
 5.780125e+002  1.168411e-005
 5.786312e+002  1.172998e-005
 5.792500e+002  1.204677e-005
 5.798687e+002  1.238182e-005
 5.804875e+002  1.393043e-005
 5.811062e+002  1.400846e-005
 5.817250e+002  1.276201e-005
 5.823437e+002  1.261963e-005
 5.829625e+002  1.208946e-005
 5.835812e+002  1.164056e-005
 5.842000e+002  1.340838e-005
 5.848187e+002  1.295356e-005
 5.854375e+002  1.237874e-005
 5.860562e+002  1.186118e-005
 5.866750e+002  1.184715e-005
 5.872937e+002  1.149402e-005
 5.879125e+002  1.060745e-005
 5.885312e+002  1.168684e-005
 5.891500e+002  1.103658e-005
 5.897687e+002  1.208993e-005
 5.903875e+002  1.271299e-005
 5.910062e+002  1.177911e-005
 5.916250e+002  1.354723e-005
 5.922437e+002  1.370747e-005
 5.928625e+002  1.269168e-005
 5.934812e+002  1.323983e-005
 5.941000e+002  1.279500e-005
 5.947187e+002  1.109079e-005
 5.953375e+002  1.194438e-005
 5.959562e+002  1.332467e-005
 5.965750e+002  1.142524e-005
 5.971937e+002  1.132515e-005
 5.978125e+002  1.422583e-005
 5.984312e+002  1.393752e-005
 5.990500e+002  1.286335e-005
 5.996687e+002  2.355461e-005
 6.002875e+002  3.648111e-005
 6.009062e+002  1.903498e-005
 6.015250e+002  1.094034e-005
 6.021437e+002  1.235077e-005
 6.027625e+002  1.377015e-005
 6.033812e+002  1.314531e-005
 6.040000e+002  1.323088e-005
 6.046187e+002  1.223954e-005
 6.052375e+002  1.349409e-005
 6.058562e+002  1.307276e-005
 6.064750e+002  1.285164e-005
 6.070937e+002  1.243692e-005
 6.077125e+002  1.144844e-005
 6.083312e+002  1.242339e-005
 6.089500e+002  1.232712e-005
 6.095687e+002  1.091635e-005
 6.101875e+002  1.083020e-005
 6.108062e+002  1.064294e-005
 6.114250e+002  1.240274e-005
 6.120437e+002  1.237684e-005
 6.126625e+002  1.092960e-005
 6.132812e+002  1.042936e-005
 6.139000e+002  1.184163e-005
 6.145187e+002  1.322912e-005
 6.151375e+002  1.392166e-005
 6.157562e+002  1.319749e-005
 6.163750e+002  1.218774e-005
 6.169937e+002  1.186111e-005
 6.176125e+002  1.177294e-005
 6.182312e+002  1.180999e-005
 6.188500e+002  1.289755e-005
 6.194687e+002  1.302833e-005
 6.200875e+002  1.297477e-005
 6.207062e+002  1.189558e-005
 6.213250e+002  1.243430e-005
 6.219437e+002  1.276033e-005
 6.225625e+002  1.244363e-005
 6.231812e+002  1.139586e-005
 6.238000e+002  1.169433e-005
 6.244187e+002  1.314523e-005
 6.250375e+002  1.264035e-005
 6.256562e+002  1.165686e-005
 6.262750e+002  1.160274e-005
 6.268937e+002  1.196440e-005
 6.275125e+002  1.355072e-005
 6.281312e+002  1.292384e-005
 6.287500e+002  1.211751e-005
 6.293687e+002  1.149357e-005
 6.299875e+002  1.176729e-005
 6.306062e+002  1.138043e-005
 6.312250e+002  1.253208e-005
 6.318437e+002  1.138618e-005
 6.324625e+002  1.306965e-005
 6.330812e+002  1.285445e-005
 6.337000e+002  1.270785e-005
 6.343187e+002  1.269536e-005
 6.349375e+002  1.224602e-005
 6.355562e+002  1.292161e-005
 6.361750e+002  1.199110e-005
 6.367937e+002  1.147905e-005
 6.374125e+002  1.245966e-005
 6.380312e+002  1.233007e-005
 6.386500e+002  1.248051e-005
 6.392687e+002  1.227501e-005
 6.398875e+002  1.322667e-005
 6.405062e+002  1.297528e-005
 6.411250e+002  1.273399e-005
 6.417437e+002  1.263982e-005
 6.423625e+002  1.175683e-005
 6.429812e+002  1.050033e-005
 6.436000e+002  1.101412e-005
 6.442187e+002  1.267443e-005
 6.448375e+002  1.279259e-005
 6.454562e+002  1.253669e-005
 6.460750e+002  1.467518e-005
 6.466937e+002  1.382485e-005
 6.473125e+002  1.255509e-005
 6.479312e+002  1.370909e-005
 6.485500e+002  1.315099e-005
 6.491687e+002  4.121876e-005
 6.497875e+002  6.358142e-005
 6.504062e+002  2.794600e-005
 6.510250e+002  1.206152e-005
 6.516437e+002  1.325020e-005
 6.522625e+002  1.237634e-005
 6.528812e+002  1.229327e-005
 6.535000e+002  1.347875e-005
 6.541187e+002  1.291315e-005
 6.547375e+002  1.222818e-005
 6.553562e+002  1.067747e-005
 6.559750e+002  1.255952e-005
 6.565937e+002  1.163827e-005
 6.572125e+002  1.087878e-005
 6.578312e+002  1.171535e-005
 6.584500e+002  1.258429e-005
 6.590687e+002  1.268607e-005
 6.596875e+002  2.340934e-005
 6.603062e+002  3.634880e-005
 6.609250e+002  2.067956e-005
 6.615437e+002  1.349608e-005
 6.621625e+002  1.292148e-005
 6.627812e+002  1.182501e-005
 6.634000e+002  1.186397e-005
 6.640187e+002  1.224007e-005
 6.646375e+002  1.070380e-005
 6.652562e+002  9.982220e-006
 6.658750e+002  1.077316e-005
 6.664937e+002  1.125718e-005
 6.671125e+002  1.103122e-005
 6.677312e+002  1.096083e-005
 6.683500e+002  1.126873e-005
 6.689687e+002  1.220351e-005
 6.695875e+002  1.361535e-005
 6.702062e+002  1.264836e-005
 6.708250e+002  1.203518e-005
 6.714437e+002  1.203557e-005
 6.720625e+002  1.144290e-005
 6.726812e+002  1.132865e-005
 6.733000e+002  1.204506e-005
 6.739187e+002  1.227485e-005
 6.745375e+002  1.255078e-005
 6.751562e+002  1.132337e-005
 6.757750e+002  1.137280e-005
 6.763937e+002  1.148526e-005
 6.770125e+002  1.156606e-005
 6.776312e+002  1.180437e-005
 6.782500e+002  1.162541e-005
 6.788687e+002  1.293030e-005
 6.794875e+002  1.273217e-005
 6.801062e+002  1.253834e-005
 6.807250e+002  1.241280e-005
 6.813437e+002  1.238940e-005
 6.819625e+002  1.225958e-005
 6.825812e+002  1.305398e-005
 6.832000e+002  1.272993e-005
 6.838187e+002  1.249815e-005
 6.844375e+002  1.151535e-005
 6.850562e+002  1.313109e-005
 6.856750e+002  1.312494e-005
 6.862937e+002  1.205420e-005
 6.869125e+002  1.016266e-005
 6.875312e+002  1.275123e-005
 6.881500e+002  1.203743e-005
 6.887687e+002  1.160180e-005
 6.893875e+002  1.227800e-005
 6.900062e+002  1.189613e-005
 6.906250e+002  1.208691e-005
 6.912437e+002  1.245796e-005
 6.918625e+002  1.208413e-005
 6.924812e+002  1.101405e-005
 6.931000e+002  1.241939e-005
 6.937187e+002  1.365457e-005
 6.943375e+002  1.341255e-005
 6.949562e+002  1.420996e-005
 6.955750e+002  1.107798e-005
 6.961937e+002  1.336055e-005
 6.968125e+002  1.300219e-005
 6.974312e+002  1.262950e-005
 6.980500e+002  1.158393e-005
 6.986687e+002  1.239841e-005
 6.992875e+002  1.269584e-005
 6.999062e+002  1.300100e-005
 7.005250e+002  1.272754e-005
 7.011437e+002  1.343534e-005
 7.017625e+002  1.277305e-005
 7.023812e+002  1.319746e-005
 7.030000e+002  1.261503e-005
 7.036187e+002  1.275016e-005
 7.042375e+002  1.211528e-005
 7.048562e+002  1.266246e-005
 7.054750e+002  1.208676e-005
 7.060937e+002  1.171723e-005
 7.067125e+002  1.074610e-005
 7.073312e+002  1.039948e-005
 7.079500e+002  1.035544e-005
 7.085687e+002  1.339574e-005
 7.091875e+002  1.367963e-005
 7.098062e+002  1.170235e-005
 7.104250e+002  1.155379e-005
 7.110437e+002  1.066903e-005
 7.116625e+002  1.058743e-005
 7.122812e+002  1.167559e-005
 7.129000e+002  1.310463e-005
 7.135187e+002  1.410481e-005
 7.141375e+002  1.291395e-005
 7.147562e+002  1.179753e-005
 7.153750e+002  1.171666e-005
 7.159937e+002  1.218200e-005
 7.166125e+002  1.241166e-005
 7.172312e+002  1.198056e-005
 7.178500e+002  1.052574e-005
 7.184687e+002  1.215090e-005
 7.190875e+002  1.385343e-005
 7.197062e+002  2.066187e-005
 7.203250e+002  3.368121e-005
 7.209437e+002  1.950873e-005
 7.215625e+002  1.193939e-005
 7.221812e+002  1.244865e-005
 7.228000e+002  1.332897e-005
 7.234187e+002  1.402710e-005
 7.240375e+002  1.275527e-005
 7.246562e+002  1.165410e-005
 7.252750e+002  1.181460e-005
 7.258937e+002  1.113751e-005
 7.265125e+002  1.084213e-005
 7.271312e+002  1.262800e-005
 7.277500e+002  1.232742e-005
 7.283687e+002  1.286009e-005
 7.289875e+002  1.189442e-005
 7.296062e+002  1.190056e-005
 7.302250e+002  1.152765e-005
 7.308437e+002  1.078832e-005
 7.314625e+002  1.025915e-005
 7.320812e+002  1.003406e-005
 7.327000e+002  1.196306e-005
 7.333187e+002  1.253728e-005
 7.339375e+002  1.028884e-005
 7.345562e+002  1.077373e-005
 7.351750e+002  1.169171e-005
 7.357937e+002  1.152684e-005
 7.364125e+002  1.171576e-005
 7.370312e+002  1.259005e-005
 7.376500e+002  1.273958e-005
 7.382687e+002  1.207522e-005
 7.388875e+002  1.145488e-005
 7.395062e+002  1.303510e-005
 7.401250e+002  1.318567e-005
 7.407437e+002  1.311822e-005
 7.413625e+002  1.404347e-005
 7.419812e+002  1.314390e-005
 7.426000e+002  1.188162e-005
 7.432187e+002  1.196025e-005
 7.438375e+002  1.170669e-005
 7.444562e+002  1.097434e-005
 7.450750e+002  1.218120e-005
 7.456937e+002  1.189000e-005
 7.463125e+002  1.300833e-005
 7.469312e+002  1.321546e-005
 7.475500e+002  1.227317e-005
 7.481687e+002  1.156914e-005
 7.487875e+002  3.405321e-005
 7.494062e+002  1.074343e-004
 7.500250e+002  9.248991e-005
 7.506437e+002  2.175103e-005
 7.512625e+002  1.318101e-005
 7.518812e+002  1.353689e-005
 7.525000e+002  1.269557e-005
 7.531187e+002  1.223116e-005
 7.537375e+002  1.147459e-005
 7.543562e+002  1.172974e-005
 7.549750e+002  1.107190e-005
 7.555937e+002  1.047992e-005
 7.562125e+002  1.297552e-005
 7.568312e+002  1.292579e-005
 7.574500e+002  1.229783e-005
 7.580687e+002  1.069781e-005
 7.586875e+002  1.009288e-005
 7.593062e+002  1.044588e-005
 7.599250e+002  1.187232e-005
 7.605437e+002  1.344120e-005
 7.611625e+002  1.269050e-005
 7.617812e+002  1.001540e-005
 7.624000e+002  9.393724e-006
 7.630187e+002  1.043282e-005
 7.636375e+002  1.053596e-005
 7.642562e+002  1.117887e-005
 7.648750e+002  1.198843e-005
 7.654937e+002  1.127657e-005
 7.661125e+002  1.194458e-005
 7.667312e+002  1.148887e-005
 7.673500e+002  1.226833e-005
 7.679687e+002  1.183135e-005
 7.685875e+002  1.141058e-005
 7.692062e+002  1.213744e-005
 7.698250e+002  1.207287e-005
 7.704437e+002  1.091574e-005
 7.710625e+002  1.269061e-005
 7.716812e+002  1.249154e-005
 7.723000e+002  1.091458e-005
 7.729187e+002  1.062839e-005
 7.735375e+002  1.055178e-005
 7.741562e+002  1.151791e-005
 7.747750e+002  1.146556e-005
 7.753937e+002  1.038186e-005
 7.760125e+002  1.144469e-005
 7.766312e+002  1.273184e-005
 7.772500e+002  1.237171e-005
 7.778687e+002  1.236793e-005
 7.784875e+002  1.268181e-005
 7.791062e+002  1.401568e-005
 7.797250e+002  2.136634e-005
 7.803437e+002  3.200808e-005
 7.809625e+002  1.803371e-005
 7.815812e+002  1.087196e-005
 7.822000e+002  1.246130e-005
 7.828187e+002  1.346932e-005
 7.834375e+002  1.225631e-005
 7.840562e+002  1.308189e-005
 7.846750e+002  1.207045e-005
 7.852937e+002  1.074918e-005
 7.859125e+002  1.193805e-005
 7.865312e+002  1.244239e-005
 7.871500e+002  1.166195e-005
 7.877687e+002  1.208897e-005
 7.883875e+002  1.195114e-005
 7.890062e+002  1.145225e-005
 7.896250e+002  1.146106e-005
 7.902437e+002  1.088547e-005
 7.908625e+002  1.094045e-005
 7.914812e+002  1.100154e-005
 7.921000e+002  1.230992e-005
 7.927187e+002  1.276903e-005
 7.933375e+002  1.137216e-005
 7.939562e+002  1.051977e-005
 7.945750e+002  1.285846e-005
 7.951937e+002  1.257213e-005
 7.958125e+002  1.235551e-005
 7.964312e+002  1.277692e-005
 7.970500e+002  1.298533e-005
 7.976687e+002  1.213669e-005
 7.982875e+002  1.013872e-005
 7.989062e+002  1.161615e-005
 7.995250e+002  1.246960e-005
 8.001437e+002  1.184246e-005
 8.007625e+002  1.375264e-005
 8.013812e+002  1.409729e-005
 8.020000e+002  1.278128e-005
 8.026187e+002  1.147197e-005
 8.032375e+002  1.250481e-005
 8.038562e+002  1.379344e-005
 8.044750e+002  1.271274e-005
 8.050937e+002  1.189703e-005
 8.057125e+002  1.182168e-005
 8.063312e+002  1.218690e-005
 8.069500e+002  1.230294e-005
 8.075687e+002  1.227522e-005
 8.081875e+002  1.254965e-005
 8.088062e+002  1.391248e-005
 8.094250e+002  1.388580e-005
 8.100437e+002  1.328620e-005
 8.106625e+002  1.230408e-005
 8.112812e+002  1.087067e-005
 8.119000e+002  1.191425e-005
 8.125187e+002  1.437498e-005
 8.131375e+002  1.210520e-005
 8.137562e+002  1.077586e-005
 8.143750e+002  1.123873e-005
 8.149937e+002  1.222377e-005
 8.156125e+002  1.084806e-005
 8.162312e+002  9.823569e-006
 8.168500e+002  1.177192e-005
 8.174687e+002  1.286008e-005
 8.180875e+002  1.310067e-005
 8.187062e+002  1.272534e-005
 8.193250e+002  1.201155e-005
 8.199437e+002  1.185395e-005
 8.205625e+002  1.263538e-005
 8.211812e+002  1.377432e-005
 8.218000e+002  1.236019e-005
 8.224187e+002  1.114944e-005
 8.230375e+002  1.202843e-005
 8.236562e+002  1.371210e-005
 8.242750e+002  1.418922e-005
 8.248937e+002  1.299800e-005
 8.255125e+002  1.085507e-005
 8.261312e+002  9.922031e-006
 8.267500e+002  1.139233e-005
 8.273687e+002  1.174030e-005
 8.279875e+002  1.136051e-005
 8.286062e+002  1.211498e-005
 8.292250e+002  1.267685e-005
 8.298437e+002  1.169202e-005
 8.304625e+002  1.157562e-005
 8.310812e+002  1.261440e-005
 8.317000e+002  1.320141e-005
 8.323187e+002  1.226493e-005
 8.329375e+002  1.171468e-005
 8.335562e+002  1.245892e-005
 8.341750e+002  1.255574e-005
 8.347937e+002  1.250895e-005
 8.354125e+002  1.281400e-005
 8.360312e+002  1.366122e-005
 8.366500e+002  1.256575e-005
 8.372687e+002  1.182263e-005
 8.378875e+002  1.174928e-005
 8.385062e+002  1.276045e-005
 8.391250e+002  1.189403e-005
 8.397437e+002  2.147618e-005
 8.403625e+002  3.284862e-005
 8.409812e+002  1.812381e-005
 8.416000e+002  1.189965e-005
 8.422187e+002  1.373819e-005
 8.428375e+002  1.242037e-005
 8.434562e+002  1.055821e-005
 8.440750e+002  1.163091e-005
 8.446937e+002  1.232616e-005
 8.453125e+002  1.135492e-005
 8.459312e+002  1.186990e-005
 8.465500e+002  1.113360e-005
 8.471687e+002  1.135382e-005
 8.477875e+002  1.078858e-005
 8.484062e+002  1.243287e-005
 8.490250e+002  3.365468e-005
 8.496437e+002  5.403651e-005
 8.502625e+002  2.817502e-005
 8.508812e+002  1.383195e-005
 8.515000e+002  1.267718e-005
 8.521187e+002  1.171980e-005
 8.527375e+002  1.214174e-005
 8.533562e+002  1.289277e-005
 8.539750e+002  1.158912e-005
 8.545937e+002  1.224326e-005
 8.552125e+002  1.191172e-005
 8.558312e+002  1.183043e-005
 8.564500e+002  1.223261e-005
 8.570687e+002  1.232173e-005
 8.576875e+002  1.242546e-005
 8.583062e+002  1.282016e-005
 8.589250e+002  1.138551e-005
 8.595437e+002  1.071720e-005
 8.601625e+002  1.192317e-005
 8.607812e+002  1.323803e-005
 8.614000e+002  1.281329e-005
 8.620187e+002  1.275368e-005
 8.626375e+002  1.156577e-005
 8.632562e+002  1.147959e-005
 8.638750e+002  1.253557e-005
 8.644937e+002  1.143193e-005
 8.651125e+002  1.059137e-005
 8.657312e+002  1.118129e-005
 8.663500e+002  1.080884e-005
 8.669687e+002  1.263546e-005
 8.675875e+002  1.296786e-005
 8.682062e+002  1.251024e-005
 8.688250e+002  1.249417e-005
 8.694437e+002  1.229853e-005
 8.700625e+002  1.189822e-005
 8.706812e+002  1.216829e-005
 8.713000e+002  1.237960e-005
 8.719187e+002  1.235721e-005
 8.725375e+002  1.179287e-005
 8.731562e+002  1.221315e-005
 8.737750e+002  1.218825e-005
 8.743937e+002  1.064721e-005
 8.750125e+002  1.060080e-005
 8.756312e+002  1.285637e-005
 8.762500e+002  1.300792e-005
 8.768687e+002  1.231216e-005
 8.774875e+002  1.265681e-005
 8.781062e+002  1.358293e-005
 8.787250e+002  1.294317e-005
 8.793437e+002  1.232034e-005
 8.799625e+002  1.161051e-005
 8.805812e+002  1.330646e-005
 8.812000e+002  1.320430e-005
 8.818187e+002  1.444544e-005
 8.824375e+002  1.373975e-005
 8.830562e+002  1.215921e-005
 8.836750e+002  1.347440e-005
 8.842937e+002  1.321323e-005
 8.849125e+002  1.217451e-005
 8.855312e+002  1.072344e-005
 8.861500e+002  1.119297e-005
 8.867687e+002  1.110779e-005
 8.873875e+002  1.183326e-005
 8.880062e+002  1.149767e-005
 8.886250e+002  1.127506e-005
 8.892437e+002  1.054979e-005
 8.898625e+002  1.183173e-005
 8.904812e+002  1.035846e-005
 8.911000e+002  1.012390e-005
 8.917187e+002  1.229730e-005
 8.923375e+002  1.236315e-005
 8.929562e+002  1.109310e-005
 8.935750e+002  1.215798e-005
 8.941937e+002  1.327448e-005
 8.948125e+002  1.315679e-005
 8.954312e+002  1.370769e-005
 8.960500e+002  1.217256e-005
 8.966687e+002  1.139760e-005
 8.972875e+002  1.121150e-005
 8.979062e+002  1.069604e-005
 8.985250e+002  1.039846e-005
 8.991437e+002  1.084642e-005
 8.997625e+002  2.089300e-005
 9.003812e+002  3.344610e-005
 9.010000e+002  1.821260e-005
 9.016187e+002  1.177904e-005
 9.022375e+002  1.091451e-005
 9.028562e+002  1.154679e-005
 9.034750e+002  1.062182e-005
 9.040937e+002  9.343589e-006
 9.047125e+002  1.099706e-005
 9.053312e+002  1.154736e-005
 9.059500e+002  1.117741e-005
 9.065687e+002  1.269230e-005
 9.071875e+002  1.451706e-005
 9.078062e+002  1.366093e-005
 9.084250e+002  1.225722e-005
 9.090437e+002  1.142026e-005
 9.096625e+002  1.166661e-005
 9.102812e+002  1.333261e-005
 9.109000e+002  1.134111e-005
 9.115187e+002  1.170849e-005
 9.121375e+002  1.216577e-005
 9.127562e+002  1.229439e-005
 9.133750e+002  1.180127e-005
 9.139937e+002  1.136081e-005
 9.146125e+002  1.092517e-005
 9.152312e+002  1.216751e-005
 9.158500e+002  1.222031e-005
 9.164687e+002  1.286102e-005
 9.170875e+002  1.160082e-005
 9.177062e+002  1.172940e-005
 9.183250e+002  1.359204e-005
 9.189437e+002  1.272089e-005
 9.195625e+002  1.236515e-005
 9.201812e+002  1.147575e-005
 9.208000e+002  1.023950e-005
 9.214187e+002  9.804528e-006
 9.220375e+002  1.181970e-005
 9.226562e+002  1.271753e-005
 9.232750e+002  1.177234e-005
 9.238937e+002  1.109122e-005
 9.245125e+002  1.243251e-005
 9.251312e+002  1.398020e-005
 9.257500e+002  1.236262e-005
 9.263687e+002  1.225955e-005
 9.269875e+002  1.103480e-005
 9.276062e+002  1.069565e-005
 9.282250e+002  1.154714e-005
 9.288437e+002  1.033373e-005
 9.294625e+002  1.165427e-005
 9.300812e+002  1.023627e-005
 9.307000e+002  1.098285e-005
 9.313187e+002  1.178042e-005
 9.319375e+002  1.123240e-005
 9.325562e+002  1.126311e-005
 9.331750e+002  1.398905e-005
 9.337937e+002  1.284648e-005
 9.344125e+002  1.187157e-005
 9.350312e+002  1.151446e-005
 9.356500e+002  1.023223e-005
 9.362687e+002  1.026419e-005
 9.368875e+002  1.170395e-005
 9.375062e+002  1.280288e-005
 9.381250e+002  1.216608e-005
 9.387437e+002  1.205340e-005
 9.393625e+002  1.171643e-005
 9.399812e+002  1.107639e-005
 9.406000e+002  1.233702e-005
 9.412187e+002  1.328986e-005
 9.418375e+002  1.266779e-005
 9.424562e+002  1.147025e-005
 9.430750e+002  1.107499e-005
 9.436937e+002  1.229204e-005
 9.443125e+002  1.301342e-005
 9.449312e+002  1.137697e-005
 9.455500e+002  1.099873e-005
 9.461687e+002  1.052925e-005
 9.467875e+002  1.117578e-005
 9.474062e+002  1.224745e-005
 9.480250e+002  1.141213e-005
 9.486437e+002  1.861686e-005
 9.492625e+002  5.945770e-005
 9.498812e+002  5.768541e-005
 9.505000e+002  1.868385e-005
 9.511187e+002  1.170373e-005
 9.517375e+002  1.287973e-005
 9.523562e+002  1.217983e-005
 9.529750e+002  1.079901e-005
 9.535937e+002  1.084193e-005
 9.542125e+002  1.112769e-005
 9.548312e+002  1.180862e-005
 9.554500e+002  1.099634e-005
 9.560687e+002  1.122199e-005
 9.566875e+002  1.203771e-005
 9.573062e+002  1.229947e-005
 9.579250e+002  1.124259e-005
 9.585437e+002  1.134486e-005
 9.591625e+002  1.317573e-005
 9.597812e+002  2.109265e-005
 9.604000e+002  3.379681e-005
 9.610187e+002  1.918777e-005
 9.616375e+002  1.194711e-005
 9.622562e+002  1.148359e-005
 9.628750e+002  1.199017e-005
 9.634937e+002  1.256486e-005
 9.641125e+002  1.097397e-005
 9.647312e+002  1.104423e-005
 9.653500e+002  1.207081e-005
 9.659687e+002  1.168035e-005
 9.665875e+002  1.274843e-005
 9.672062e+002  1.365313e-005
 9.678250e+002  1.351911e-005
 9.684437e+002  1.168627e-005
 9.690625e+002  1.318298e-005
 9.696812e+002  1.346399e-005
 9.703000e+002  1.245220e-005
 9.709187e+002  1.192528e-005
 9.715375e+002  1.175399e-005
 9.721562e+002  1.177226e-005
 9.727750e+002  1.314900e-005
 9.733937e+002  1.108868e-005
 9.740125e+002  1.079278e-005
 9.746312e+002  1.169315e-005
 9.752500e+002  1.163501e-005
 9.758687e+002  1.162803e-005
 9.764875e+002  1.217574e-005
 9.771062e+002  1.108000e-005
 9.777250e+002  1.125698e-005
 9.783437e+002  1.198503e-005
 9.789625e+002  1.184385e-005
 9.795812e+002  1.219245e-005
 9.802000e+002  1.367842e-005
 9.808187e+002  1.394700e-005
 9.814375e+002  1.225500e-005
 9.820562e+002  1.137407e-005
 9.826750e+002  1.155550e-005
 9.832937e+002  1.063863e-005
 9.839125e+002  1.145982e-005
 9.845312e+002  1.194001e-005
 9.851500e+002  1.206306e-005
 9.857687e+002  1.121130e-005
 9.863875e+002  1.169490e-005
 9.870062e+002  1.165688e-005
 9.876250e+002  1.263083e-005
 9.882437e+002  1.286281e-005
 9.888625e+002  1.296649e-005
 9.894812e+002  1.222281e-005
 9.901000e+002  1.211127e-005
 9.907187e+002  1.150479e-005
 9.913375e+002  1.260957e-005
 9.919562e+002  1.340015e-005
 9.925750e+002  1.375142e-005
 9.931937e+002  1.262376e-005
 9.938125e+002  1.182388e-005
 9.944312e+002  1.281772e-005
 9.950500e+002  1.227827e-005
 9.956687e+002  1.140234e-005
 9.962875e+002  1.215994e-005
 9.969062e+002  1.264302e-005
 9.975250e+002  1.127757e-005
 9.981437e+002  1.004323e-005
 9.987625e+002  1.343803e-005
 9.993812e+002  1.273348e-005
 1.000000e+003  1.125869e-005
