 1.000000e+000  2.791750e-004
 1.247500e+000  2.228174e-004
 1.495000e+000  2.188216e-004
 1.742500e+000  1.932091e-004
 1.990000e+000  1.817313e-004
 2.237500e+000  1.635955e-004
 2.485000e+000  1.544949e-004
 2.732500e+000  1.510028e-004
 2.980000e+000  1.384021e-004
 3.227500e+000  1.302817e-004
 3.475000e+000  1.253667e-004
 3.722500e+000  1.168562e-004
 3.970000e+000  1.029094e-004
 4.217500e+000  1.098403e-004
 4.465000e+000  1.027498e-004
 4.712500e+000  1.001814e-004
 4.960000e+000  1.049231e-004
 5.207500e+000  1.018997e-004
 5.455000e+000  7.942663e-005
 5.702500e+000  6.194576e-005
 5.950000e+000  7.258765e-005
 6.197500e+000  8.578562e-005
 6.445000e+000  7.603549e-005
 6.692500e+000  6.168481e-005
 6.940000e+000  6.521004e-005
 7.187500e+000  6.592831e-005
 7.435000e+000  6.385418e-005
 7.682500e+000  6.852794e-005
 7.930000e+000  6.117191e-005
 8.177500e+000  6.101940e-005
 8.425000e+000  6.119689e-005
 8.672500e+000  5.715074e-005
 8.920000e+000  5.537508e-005
 9.167500e+000  5.408652e-005
 9.415000e+000  5.259974e-005
 9.662500e+000  4.718360e-005
 9.910000e+000  4.982398e-005
 1.015750e+001  4.982940e-005
 1.040500e+001  4.922643e-005
 1.065250e+001  5.070093e-005
 1.090000e+001  4.818754e-005
 1.114750e+001  4.669429e-005
 1.139500e+001  4.376243e-005
 1.164250e+001  4.397417e-005
 1.189000e+001  4.743087e-005
 1.213750e+001  4.555665e-005
 1.238500e+001  4.377386e-005
 1.263250e+001  4.193460e-005
 1.288000e+001  3.828828e-005
 1.312750e+001  3.883551e-005
 1.337500e+001  4.367499e-005
 1.362250e+001  4.493031e-005
 1.387000e+001  3.935112e-005
 1.411750e+001  4.075609e-005
 1.436500e+001  3.894492e-005
 1.461250e+001  3.584557e-005
 1.486000e+001  4.068484e-005
 1.510750e+001  3.765781e-005
 1.535500e+001  3.489953e-005
 1.560250e+001  3.664217e-005
 1.585000e+001  3.526159e-005
 1.609750e+001  3.433947e-005
 1.634500e+001  3.783136e-005
 1.659250e+001  3.882648e-005
 1.684000e+001  3.443723e-005
 1.708750e+001  3.260466e-005
 1.733500e+001  3.272806e-005
 1.758250e+001  3.375160e-005
 1.783000e+001  3.447902e-005
 1.807750e+001  3.474135e-005
 1.832500e+001  3.369654e-005
 1.857250e+001  3.351344e-005
 1.882000e+001  3.308525e-005
 1.906750e+001  3.437010e-005
 1.931500e+001  3.676970e-005
 1.956250e+001  3.272244e-005
 1.981000e+001  2.595668e-005
 2.005750e+001  3.025673e-005
 2.030500e+001  3.390527e-005
 2.055250e+001  3.031007e-005
 2.080000e+001  3.232084e-005
 2.104750e+001  3.104801e-005
 2.129500e+001  2.861254e-005
 2.154250e+001  2.893868e-005
 2.179000e+001  2.961757e-005
 2.203750e+001  2.890020e-005
 2.228500e+001  2.988640e-005
 2.253250e+001  3.140200e-005
 2.278000e+001  3.729680e-005
 2.302750e+001  3.515333e-005
 2.327500e+001  3.396269e-005
 2.352250e+001  3.383826e-005
 2.377000e+001  3.184551e-005
 2.401750e+001  2.581257e-005
 2.426500e+001  2.825547e-005
 2.451250e+001  2.632546e-005
 2.476000e+001  2.129529e-005
 2.500750e+001  2.469485e-005
 2.525500e+001  2.741566e-005
 2.550250e+001  2.869478e-005
 2.575000e+001  2.893752e-005
 2.599750e+001  2.778505e-005
 2.624500e+001  2.872245e-005
 2.649250e+001  2.910880e-005
 2.674000e+001  2.849765e-005
 2.698750e+001  2.700513e-005
 2.723500e+001  2.665707e-005
 2.748250e+001  2.675416e-005
 2.773000e+001  2.457571e-005
 2.797750e+001  2.447245e-005
 2.822500e+001  2.634816e-005
 2.847250e+001  2.456101e-005
 2.872000e+001  2.299616e-005
 2.896750e+001  2.384830e-005
 2.921500e+001  2.442175e-005
 2.946250e+001  2.540986e-005
 2.971000e+001  2.794952e-005
 2.995750e+001  3.177580e-005
 3.020500e+001  2.965627e-005
 3.045250e+001  2.448109e-005
 3.070000e+001  2.307298e-005
 3.094750e+001  2.362628e-005
 3.119500e+001  2.608310e-005
 3.144250e+001  2.603736e-005
 3.169000e+001  2.665701e-005
 3.193750e+001  2.349665e-005
 3.218500e+001  2.507281e-005
 3.243250e+001  2.609551e-005
 3.268000e+001  2.112007e-005
 3.292750e+001  2.098272e-005
 3.317500e+001  2.092118e-005
 3.342250e+001  2.172743e-005
 3.367000e+001  2.114079e-005
 3.391750e+001  2.533137e-005
 3.416500e+001  2.535375e-005
 3.441250e+001  2.586708e-005
 3.466000e+001  2.650642e-005
 3.490750e+001  2.501299e-005
 3.515500e+001  2.639067e-005
 3.540250e+001  2.541343e-005
 3.565000e+001  2.403415e-005
 3.589750e+001  2.407878e-005
 3.614500e+001  2.379428e-005
 3.639250e+001  2.376247e-005
 3.664000e+001  2.399424e-005
 3.688750e+001  2.297017e-005
 3.713500e+001  2.664226e-005
 3.738250e+001  2.801844e-005
 3.763000e+001  2.346916e-005
 3.787750e+001  2.408715e-005
 3.812500e+001  2.407358e-005
 3.837250e+001  2.387823e-005
 3.862000e+001  2.215379e-005
 3.886750e+001  2.204623e-005
 3.911500e+001  2.339709e-005
 3.936250e+001  2.317458e-005
 3.961000e+001  2.201585e-005
 3.985750e+001  2.215414e-005
 4.010500e+001  2.300893e-005
 4.035250e+001  2.497213e-005
 4.060000e+001  2.378893e-005
 4.084750e+001  2.693177e-005
 4.109500e+001  3.784552e-005
 4.134250e+001  4.221960e-005
 4.159000e+001  2.929847e-005
 4.183750e+001  2.539059e-005
 4.208500e+001  2.359847e-005
 4.233250e+001  2.455520e-005
 4.258000e+001  2.537722e-005
 4.282750e+001  2.325804e-005
 4.307500e+001  2.274662e-005
 4.332250e+001  2.269827e-005
 4.357000e+001  2.155150e-005
 4.381750e+001  2.178113e-005
 4.406500e+001  2.303744e-005
 4.431250e+001  2.344956e-005
 4.456000e+001  2.013780e-005
 4.480750e+001  2.137749e-005
 4.505500e+001  2.278707e-005
 4.530250e+001  1.955396e-005
 4.555000e+001  2.222441e-005
 4.579750e+001  2.325873e-005
 4.604500e+001  2.137512e-005
 4.629250e+001  2.115546e-005
 4.654000e+001  2.014222e-005
 4.678750e+001  1.857134e-005
 4.703500e+001  1.882220e-005
 4.728250e+001  1.904563e-005
 4.753000e+001  2.017975e-005
 4.777750e+001  2.341988e-005
 4.802500e+001  2.515462e-005
 4.827250e+001  2.318061e-005
 4.852000e+001  2.007527e-005
 4.876750e+001  2.004673e-005
 4.901500e+001  2.151516e-005
 4.926250e+001  2.161055e-005
 4.951000e+001  2.570586e-005
 4.975750e+001  8.714533e-004
 5.000500e+001  1.668443e-003
 5.025250e+001  8.040558e-004
 5.050000e+001  2.225843e-005
 5.074750e+001  1.804427e-005
 5.099500e+001  2.176981e-005
 5.124250e+001  2.478821e-005
 5.149000e+001  2.563117e-005
 5.173750e+001  2.452539e-005
 5.198500e+001  2.097854e-005
 5.223250e+001  2.034801e-005
 5.248000e+001  2.119201e-005
 5.272750e+001  2.182892e-005
 5.297500e+001  2.007978e-005
 5.322250e+001  1.933800e-005
 5.347000e+001  2.056678e-005
 5.371750e+001  2.077367e-005
 5.396500e+001  2.129634e-005
 5.421250e+001  1.921821e-005
 5.446000e+001  1.862029e-005
 5.470750e+001  1.723687e-005
 5.495500e+001  1.940188e-005
 5.520250e+001  2.154039e-005
 5.545000e+001  1.919445e-005
 5.569750e+001  1.882423e-005
 5.594500e+001  1.827191e-005
 5.619250e+001  1.689908e-005
 5.644000e+001  1.891187e-005
 5.668750e+001  2.119390e-005
 5.693500e+001  2.107077e-005
 5.718250e+001  2.174317e-005
 5.743000e+001  2.348800e-005
 5.767750e+001  2.231482e-005
 5.792500e+001  2.178600e-005
 5.817250e+001  1.872143e-005
 5.842000e+001  1.991896e-005
 5.866750e+001  2.057190e-005
 5.891500e+001  1.957532e-005
 5.916250e+001  1.804948e-005
 5.941000e+001  1.729542e-005
 5.965750e+001  5.312269e-005
 5.990500e+001  2.200441e-004
 6.015250e+001  2.116830e-004
 6.040000e+001  4.364529e-005
 6.064750e+001  2.036850e-005
 6.089500e+001  2.049429e-005
 6.114250e+001  1.900457e-005
 6.139000e+001  2.032285e-005
 6.163750e+001  1.811927e-005
 6.188500e+001  1.943802e-005
 6.213250e+001  2.358884e-005
 6.238000e+001  2.414608e-005
 6.262750e+001  2.231370e-005
 6.287500e+001  2.180443e-005
 6.312250e+001  1.985458e-005
 6.337000e+001  2.042599e-005
 6.361750e+001  1.978297e-005
 6.386500e+001  1.886507e-005
 6.411250e+001  1.986267e-005
 6.436000e+001  1.844439e-005
 6.460750e+001  1.873015e-005
 6.485500e+001  1.927200e-005
 6.510250e+001  2.149624e-005
 6.535000e+001  2.131350e-005
 6.559750e+001  1.970951e-005
 6.584500e+001  1.902318e-005
 6.609250e+001  1.909195e-005
 6.634000e+001  1.935413e-005
 6.658750e+001  1.986507e-005
 6.683500e+001  1.763512e-005
 6.708250e+001  1.406924e-005
 6.733000e+001  1.708842e-005
 6.757750e+001  2.118217e-005
 6.782500e+001  2.256297e-005
 6.807250e+001  2.262514e-005
 6.832000e+001  2.037404e-005
 6.856750e+001  2.007876e-005
 6.881500e+001  1.894444e-005
 6.906250e+001  1.856471e-005
 6.931000e+001  1.821240e-005
 6.955750e+001  2.013694e-005
 6.980500e+001  2.004021e-005
 7.005250e+001  1.533336e-005
 7.030000e+001  1.677339e-005
 7.054750e+001  1.912431e-005
 7.079500e+001  2.037160e-005
 7.104250e+001  2.102612e-005
 7.129000e+001  1.829171e-005
 7.153750e+001  1.837324e-005
 7.178500e+001  2.000683e-005
 7.203250e+001  1.758198e-005
 7.228000e+001  1.939148e-005
 7.252750e+001  2.052141e-005
 7.277500e+001  2.079441e-005
 7.302250e+001  2.220730e-005
 7.327000e+001  2.365321e-005
 7.351750e+001  2.217165e-005
 7.376500e+001  1.769782e-005
 7.401250e+001  1.754103e-005
 7.426000e+001  1.882332e-005
 7.450750e+001  1.584797e-005
 7.475500e+001  1.854880e-005
 7.500250e+001  1.858877e-005
 7.525000e+001  1.712230e-005
 7.549750e+001  1.792097e-005
 7.574500e+001  1.938844e-005
 7.599250e+001  1.958315e-005
 7.624000e+001  1.800265e-005
 7.648750e+001  1.800074e-005
 7.673500e+001  1.975051e-005
 7.698250e+001  1.830933e-005
 7.723000e+001  1.731589e-005
 7.747750e+001  2.007943e-005
 7.772500e+001  2.138274e-005
 7.797250e+001  1.993245e-005
 7.822000e+001  1.744392e-005
 7.846750e+001  1.621399e-005
 7.871500e+001  1.903311e-005
 7.896250e+001  1.908845e-005
 7.921000e+001  1.705207e-005
 7.945750e+001  1.851653e-005
 7.970500e+001  1.979704e-005
 7.995250e+001  1.929500e-005
 8.020000e+001  1.774645e-005
 8.044750e+001  1.834227e-005
 8.069500e+001  1.865381e-005
 8.094250e+001  1.833487e-005
 8.119000e+001  1.966578e-005
 8.143750e+001  1.861464e-005
 8.168500e+001  1.826009e-005
 8.193250e+001  1.842935e-005
 8.218000e+001  2.261989e-005
 8.242750e+001  5.106576e-005
 8.267500e+001  4.767045e-005
 8.292250e+001  2.282402e-005
 8.317000e+001  1.912544e-005
 8.341750e+001  1.994798e-005
 8.366500e+001  1.833837e-005
 8.391250e+001  1.629844e-005
 8.416000e+001  1.699814e-005
 8.440750e+001  1.904712e-005
 8.465500e+001  1.902204e-005
 8.490250e+001  1.851858e-005
 8.515000e+001  2.152186e-005
 8.539750e+001  2.333127e-005
 8.564500e+001  2.302620e-005
 8.589250e+001  1.883962e-005
 8.614000e+001  1.698924e-005
 8.638750e+001  1.581674e-005
 8.663500e+001  1.564511e-005
 8.688250e+001  1.633472e-005
 8.713000e+001  1.648552e-005
 8.737750e+001  1.781024e-005
 8.762500e+001  1.568451e-005
 8.787250e+001  1.321660e-005
 8.812000e+001  1.579613e-005
 8.836750e+001  1.656400e-005
 8.861500e+001  1.709145e-005
 8.886250e+001  1.659041e-005
 8.911000e+001  1.515382e-005
 8.935750e+001  1.724440e-005
 8.960500e+001  1.466632e-005
 8.985250e+001  1.700808e-005
 9.010000e+001  2.073311e-005
 9.034750e+001  2.115760e-005
 9.059500e+001  1.815513e-005
 9.084250e+001  1.747049e-005
 9.109000e+001  1.806010e-005
 9.133750e+001  1.485754e-005
 9.158500e+001  1.648754e-005
 9.183250e+001  1.782563e-005
 9.208000e+001  1.602102e-005
 9.232750e+001  1.442160e-005
 9.257500e+001  1.725201e-005
 9.282250e+001  1.848514e-005
 9.307000e+001  1.762106e-005
 9.331750e+001  1.815806e-005
 9.356500e+001  1.663143e-005
 9.381250e+001  1.837344e-005
 9.406000e+001  1.530806e-005
 9.430750e+001  1.470250e-005
 9.455500e+001  1.588206e-005
 9.480250e+001  1.863056e-005
 9.505000e+001  1.694738e-005
 9.529750e+001  1.649373e-005
 9.554500e+001  1.666535e-005
 9.579250e+001  1.918454e-005
 9.604000e+001  1.985503e-005
 9.628750e+001  1.782098e-005
 9.653500e+001  1.602758e-005
 9.678250e+001  1.888797e-005
 9.703000e+001  1.569191e-005
 9.727750e+001  1.414696e-005
 9.752500e+001  1.423630e-005
 9.777250e+001  1.576153e-005
 9.802000e+001  1.932823e-005
 9.826750e+001  1.900887e-005
 9.851500e+001  1.895808e-005
 9.876250e+001  1.831136e-005
 9.901000e+001  1.731778e-005
 9.925750e+001  1.949238e-005
 9.950500e+001  1.934117e-005
 9.975250e+001  3.695569e-005
 1.000000e+002  6.365897e-005
