 1.000000e+000  4.797001e-004
 1.247500e+000  4.441423e-004
 1.495000e+000  4.446498e-004
 1.742500e+000  4.562912e-004
 1.990000e+000  3.874337e-004
 2.237500e+000  3.961810e-004
 2.485000e+000  4.268201e-004
 2.732500e+000  3.860447e-004
 2.980000e+000  3.810860e-004
 3.227500e+000  3.159384e-004
 3.475000e+000  3.424051e-004
 3.722500e+000  3.348300e-004
 3.970000e+000  3.555972e-004
 4.217500e+000  4.192309e-004
 4.465000e+000  3.717464e-004
 4.712500e+000  2.904427e-004
 4.960000e+000  2.510694e-004
 5.207500e+000  2.399319e-004
 5.455000e+000  2.684441e-004
 5.702500e+000  2.912994e-004
 5.950000e+000  2.892045e-004
 6.197500e+000  2.846484e-004
 6.445000e+000  2.907655e-004
 6.692500e+000  2.682276e-004
 6.940000e+000  2.636551e-004
 7.187500e+000  2.516972e-004
 7.435000e+000  2.401310e-004
 7.682500e+000  2.816556e-004
 7.930000e+000  3.666730e-004
 8.177500e+000  2.897812e-004
 8.425000e+000  2.543670e-004
 8.672500e+000  2.708584e-004
 8.920000e+000  2.662714e-004
 9.167500e+000  3.425785e-004
 9.415000e+000  3.030677e-004
 9.662500e+000  2.616421e-004
 9.910000e+000  2.551662e-004
 1.015750e+001  2.358495e-004
 1.040500e+001  2.714427e-004
 1.065250e+001  2.629821e-004
 1.090000e+001  2.775216e-004
 1.114750e+001  2.514314e-004
 1.139500e+001  2.388832e-004
 1.164250e+001  2.543444e-004
 1.189000e+001  2.140757e-004
 1.213750e+001  2.692429e-004
 1.238500e+001  2.351083e-004
 1.263250e+001  1.892509e-004
 1.288000e+001  1.912647e-004
 1.312750e+001  1.862657e-004
 1.337500e+001  2.291282e-004
 1.362250e+001  2.423688e-004
 1.387000e+001  1.879851e-004
 1.411750e+001  1.948450e-004
 1.436500e+001  2.039032e-004
 1.461250e+001  2.022028e-004
 1.486000e+001  1.972802e-004
 1.510750e+001  1.784105e-004
 1.535500e+001  1.703925e-004
 1.560250e+001  2.107643e-004
 1.585000e+001  2.501974e-004
 1.609750e+001  2.317253e-004
 1.634500e+001  2.162307e-004
 1.659250e+001  2.138705e-004
 1.684000e+001  1.956672e-004
 1.708750e+001  2.222842e-004
 1.733500e+001  1.714439e-004
 1.758250e+001  1.978461e-004
 1.783000e+001  2.835409e-004
 1.807750e+001  2.439724e-004
 1.832500e+001  1.828252e-004
 1.857250e+001  1.626389e-004
 1.882000e+001  1.778763e-004
 1.906750e+001  1.914364e-004
 1.931500e+001  1.789857e-004
 1.956250e+001  1.525378e-004
 1.981000e+001  1.506448e-004
 2.005750e+001  1.444632e-004
 2.030500e+001  1.531813e-004
 2.055250e+001  1.630359e-004
 2.080000e+001  1.447454e-004
 2.104750e+001  1.562947e-004
 2.129500e+001  1.738963e-004
 2.154250e+001  1.506112e-004
 2.179000e+001  1.447407e-004
 2.203750e+001  1.364387e-004
 2.228500e+001  1.178943e-004
 2.253250e+001  1.349095e-004
 2.278000e+001  1.240184e-004
 2.302750e+001  1.375763e-004
 2.327500e+001  1.386810e-004
 2.352250e+001  1.180591e-004
 2.377000e+001  1.195856e-004
 2.401750e+001  1.407761e-004
 2.426500e+001  1.565613e-004
 2.451250e+001  1.321192e-004
 2.476000e+001  1.093589e-004
 2.500750e+001  1.270300e-004
 2.525500e+001  1.249931e-004
 2.550250e+001  1.091534e-004
 2.575000e+001  1.226138e-004
 2.599750e+001  1.250441e-004
 2.624500e+001  1.210913e-004
 2.649250e+001  1.343358e-004
 2.674000e+001  1.337336e-004
 2.698750e+001  1.135178e-004
 2.723500e+001  9.664625e-005
 2.748250e+001  1.311881e-004
 2.773000e+001  1.840458e-004
 2.797750e+001  1.781186e-004
 2.822500e+001  1.260512e-004
 2.847250e+001  1.071294e-004
 2.872000e+001  1.048282e-004
 2.896750e+001  1.104788e-004
 2.921500e+001  1.435057e-004
 2.946250e+001  1.272658e-004
 2.971000e+001  1.046757e-004
 2.995750e+001  1.030795e-004
 3.020500e+001  8.791169e-005
 3.045250e+001  1.014242e-004
 3.070000e+001  1.162280e-004
 3.094750e+001  1.232922e-004
 3.119500e+001  9.994686e-005
 3.144250e+001  8.492982e-005
 3.169000e+001  1.075330e-004
 3.193750e+001  1.302778e-004
 3.218500e+001  1.309448e-004
 3.243250e+001  1.128549e-004
 3.268000e+001  9.210545e-005
 3.292750e+001  8.264592e-005
 3.317500e+001  7.568310e-005
 3.342250e+001  9.628903e-005
 3.367000e+001  7.956032e-005
 3.391750e+001  6.948238e-005
 3.416500e+001  8.890431e-005
 3.441250e+001  8.654333e-005
 3.466000e+001  7.657696e-005
 3.490750e+001  8.800206e-005
 3.515500e+001  9.647061e-005
 3.540250e+001  9.205378e-005
 3.565000e+001  1.637853e-004
 3.589750e+001  1.411175e-004
 3.614500e+001  6.906465e-005
 3.639250e+001  6.851195e-005
 3.664000e+001  7.114749e-005
 3.688750e+001  7.724375e-005
 3.713500e+001  9.764213e-005
 3.738250e+001  7.412718e-005
 3.763000e+001  6.531815e-005
 3.787750e+001  7.368950e-005
 3.812500e+001  7.496576e-005
 3.837250e+001  7.252328e-005
 3.862000e+001  7.528611e-005
 3.886750e+001  8.691157e-005
 3.911500e+001  7.793319e-005
 3.936250e+001  6.718486e-005
 3.961000e+001  7.871439e-005
 3.985750e+001  7.953114e-005
 4.010500e+001  7.569293e-005
 4.035250e+001  5.949244e-005
 4.060000e+001  5.614827e-005
 4.084750e+001  6.502845e-005
 4.109500e+001  5.521822e-005
 4.134250e+001  7.064168e-005
 4.159000e+001  6.707446e-005
 4.183750e+001  5.621463e-005
 4.208500e+001  6.230211e-005
 4.233250e+001  6.499533e-005
 4.258000e+001  6.538909e-005
 4.282750e+001  6.600466e-005
 4.307500e+001  6.351887e-005
 4.332250e+001  5.950831e-005
 4.357000e+001  5.842301e-005
 4.381750e+001  5.743809e-005
 4.406500e+001  6.577287e-005
 4.431250e+001  6.790774e-005
 4.456000e+001  5.773184e-005
 4.480750e+001  6.230535e-005
 4.505500e+001  6.364481e-005
 4.530250e+001  5.874721e-005
 4.555000e+001  6.371846e-005
 4.579750e+001  6.712243e-005
 4.604500e+001  5.363001e-005
 4.629250e+001  5.585922e-005
 4.654000e+001  6.472853e-005
 4.678750e+001  5.714510e-005
 4.703500e+001  5.738266e-005
 4.728250e+001  5.420342e-005
 4.753000e+001  5.790008e-005
 4.777750e+001  7.533520e-005
 4.802500e+001  8.235776e-005
 4.827250e+001  5.398201e-005
 4.852000e+001  4.676856e-005
 4.876750e+001  4.844671e-005
 4.901500e+001  5.492731e-005
 4.926250e+001  6.661443e-005
 4.951000e+001  5.916500e-005
 4.975750e+001  6.473996e-004
 5.000500e+001  1.612557e-003
 5.025250e+001  9.982126e-004
 5.050000e+001  7.989670e-005
 5.074750e+001  5.829038e-005
 5.099500e+001  4.866593e-005
 5.124250e+001  4.503781e-005
 5.149000e+001  4.615896e-005
 5.173750e+001  4.272303e-005
 5.198500e+001  4.799313e-005
 5.223250e+001  5.573959e-005
 5.248000e+001  4.380237e-005
 5.272750e+001  4.319926e-005
 5.297500e+001  4.384041e-005
 5.322250e+001  4.658154e-005
 5.347000e+001  6.911212e-005
 5.371750e+001  6.868822e-005
 5.396500e+001  5.679817e-005
 5.421250e+001  5.496953e-005
 5.446000e+001  4.837966e-005
 5.470750e+001  4.715935e-005
 5.495500e+001  4.568920e-005
 5.520250e+001  5.162056e-005
 5.545000e+001  4.869111e-005
 5.569750e+001  5.327742e-005
 5.594500e+001  4.519963e-005
 5.619250e+001  3.335560e-005
 5.644000e+001  3.957758e-005
 5.668750e+001  4.277057e-005
 5.693500e+001  4.937652e-005
 5.718250e+001  6.319650e-005
 5.743000e+001  5.735755e-005
 5.767750e+001  4.288142e-005
 5.792500e+001  4.517636e-005
 5.817250e+001  3.851960e-005
 5.842000e+001  3.909240e-005
 5.866750e+001  4.400908e-005
 5.891500e+001  4.523458e-005
 5.916250e+001  3.660936e-005
 5.941000e+001  3.628559e-005
 5.965750e+001  7.369386e-005
 5.990500e+001  2.593504e-004
 6.015250e+001  2.514770e-004
 6.040000e+001  6.278540e-005
 6.064750e+001  4.243379e-005
 6.089500e+001  3.922754e-005
 6.114250e+001  4.018242e-005
 6.139000e+001  4.018026e-005
 6.163750e+001  4.610130e-005
 6.188500e+001  3.594542e-005
 6.213250e+001  3.680340e-005
 6.238000e+001  3.473259e-005
 6.262750e+001  4.040468e-005
 6.287500e+001  3.852184e-005
 6.312250e+001  3.703021e-005
 6.337000e+001  3.864418e-005
 6.361750e+001  4.229291e-005
 6.386500e+001  4.439323e-005
 6.411250e+001  3.873599e-005
 6.436000e+001  3.397959e-005
 6.460750e+001  3.159792e-005
 6.485500e+001  4.065289e-005
 6.510250e+001  3.500955e-005
 6.535000e+001  3.550296e-005
 6.559750e+001  3.146955e-005
 6.584500e+001  3.256799e-005
 6.609250e+001  4.008682e-005
 6.634000e+001  4.164087e-005
 6.658750e+001  3.551264e-005
 6.683500e+001  3.867897e-005
 6.708250e+001  3.379644e-005
 6.733000e+001  2.779740e-005
 6.757750e+001  3.369500e-005
 6.782500e+001  4.079134e-005
 6.807250e+001  3.964217e-005
 6.832000e+001  3.582923e-005
 6.856750e+001  4.187607e-005
 6.881500e+001  3.550816e-005
 6.906250e+001  3.820195e-005
 6.931000e+001  4.695474e-005
 6.955750e+001  3.584773e-005
 6.980500e+001  3.466114e-005
 7.005250e+001  3.095616e-005
 7.030000e+001  3.573882e-005
 7.054750e+001  3.634448e-005
 7.079500e+001  3.250938e-005
 7.104250e+001  3.197889e-005
 7.129000e+001  3.837214e-005
 7.153750e+001  3.583629e-005
 7.178500e+001  2.813818e-005
 7.203250e+001  3.775094e-005
 7.228000e+001  3.932869e-005
 7.252750e+001  3.891310e-005
 7.277500e+001  3.189537e-005
 7.302250e+001  3.202919e-005
 7.327000e+001  2.930256e-005
 7.351750e+001  3.233635e-005
 7.376500e+001  3.743548e-005
 7.401250e+001  3.030420e-005
 7.426000e+001  3.265084e-005
 7.450750e+001  3.197177e-005
 7.475500e+001  3.032583e-005
 7.500250e+001  2.855637e-005
 7.525000e+001  3.103968e-005
 7.549750e+001  2.927191e-005
 7.574500e+001  3.032197e-005
 7.599250e+001  2.804270e-005
 7.624000e+001  3.270978e-005
 7.648750e+001  3.395036e-005
 7.673500e+001  3.053592e-005
 7.698250e+001  3.461711e-005
 7.723000e+001  3.877490e-005
 7.747750e+001  3.123353e-005
 7.772500e+001  3.155492e-005
 7.797250e+001  3.235082e-005
 7.822000e+001  2.948524e-005
 7.846750e+001  3.651895e-005
 7.871500e+001  3.342984e-005
 7.896250e+001  2.819967e-005
 7.921000e+001  2.829333e-005
 7.945750e+001  3.082048e-005
 7.970500e+001  3.369457e-005
 7.995250e+001  3.481500e-005
 8.020000e+001  3.463778e-005
 8.044750e+001  2.660832e-005
 8.069500e+001  2.851460e-005
 8.094250e+001  3.284743e-005
 8.119000e+001  2.992836e-005
 8.143750e+001  2.535808e-005
 8.168500e+001  3.011103e-005
 8.193250e+001  2.734221e-005
 8.218000e+001  3.328291e-005
 8.242750e+001  5.142047e-005
 8.267500e+001  5.308712e-005
 8.292250e+001  3.302705e-005
 8.317000e+001  2.298350e-005
 8.341750e+001  2.487073e-005
 8.366500e+001  2.916999e-005
 8.391250e+001  2.685494e-005
 8.416000e+001  2.405915e-005
 8.440750e+001  2.919942e-005
 8.465500e+001  2.499484e-005
 8.490250e+001  2.973315e-005
 8.515000e+001  2.953859e-005
 8.539750e+001  2.792034e-005
 8.564500e+001  2.542907e-005
 8.589250e+001  2.623801e-005
 8.614000e+001  2.914205e-005
 8.638750e+001  2.797426e-005
 8.663500e+001  2.114850e-005
 8.688250e+001  2.424818e-005
 8.713000e+001  2.772710e-005
 8.737750e+001  2.266526e-005
 8.762500e+001  2.334079e-005
 8.787250e+001  2.768860e-005
 8.812000e+001  2.989432e-005
 8.836750e+001  2.542765e-005
 8.861500e+001  2.808941e-005
 8.886250e+001  2.699589e-005
 8.911000e+001  2.878237e-005
 8.935750e+001  5.079503e-005
 8.960500e+001  3.411107e-005
 8.985250e+001  2.405544e-005
 9.010000e+001  2.386248e-005
 9.034750e+001  2.508663e-005
 9.059500e+001  2.749031e-005
 9.084250e+001  2.981135e-005
 9.109000e+001  2.450431e-005
 9.133750e+001  2.352786e-005
 9.158500e+001  2.848541e-005
 9.183250e+001  2.678997e-005
 9.208000e+001  2.630698e-005
 9.232750e+001  2.703451e-005
 9.257500e+001  2.764170e-005
 9.282250e+001  2.516295e-005
 9.307000e+001  2.668713e-005
 9.331750e+001  2.770902e-005
 9.356500e+001  2.589866e-005
 9.381250e+001  2.663404e-005
 9.406000e+001  2.453177e-005
 9.430750e+001  2.906486e-005
 9.455500e+001  2.977451e-005
 9.480250e+001  2.786572e-005
 9.505000e+001  2.283814e-005
 9.529750e+001  2.750954e-005
 9.554500e+001  2.449101e-005
 9.579250e+001  2.197725e-005
 9.604000e+001  2.419085e-005
 9.628750e+001  2.623338e-005
 9.653500e+001  3.029444e-005
 9.678250e+001  3.017007e-005
 9.703000e+001  3.046707e-005
 9.727750e+001  2.947473e-005
 9.752500e+001  2.672895e-005
 9.777250e+001  2.482544e-005
 9.802000e+001  2.389345e-005
 9.826750e+001  2.893384e-005
 9.851500e+001  2.815961e-005
 9.876250e+001  2.733569e-005
 9.901000e+001  2.317037e-005
 9.925750e+001  2.394507e-005
 9.950500e+001  2.791220e-005
 9.975250e+001  3.604107e-005
 1.000000e+002  8.607652e-005
