 1.000000e+000  3.050520e-004
 1.247500e+000  2.356223e-004
 1.495000e+000  1.831093e-004
 1.742500e+000  1.525662e-004
 1.990000e+000  1.653176e-004
 2.237500e+000  1.506246e-004
 2.485000e+000  1.502437e-004
 2.732500e+000  1.454076e-004
 2.980000e+000  1.408988e-004
 3.227500e+000  1.303377e-004
 3.475000e+000  1.226271e-004
 3.722500e+000  1.158129e-004
 3.970000e+000  1.119300e-004
 4.217500e+000  8.993528e-005
 4.465000e+000  9.784892e-005
 4.712500e+000  9.798688e-005
 4.960000e+000  7.634816e-005
 5.207500e+000  7.558272e-005
 5.455000e+000  7.383523e-005
 5.702500e+000  6.663449e-005
 5.950000e+000  7.991136e-005
 6.197500e+000  7.497510e-005
 6.445000e+000  6.890763e-005
 6.692500e+000  6.338148e-005
 6.940000e+000  6.198970e-005
 7.187500e+000  5.792729e-005
 7.435000e+000  6.649172e-005
 7.682500e+000  6.023431e-005
 7.930000e+000  5.513225e-005
 8.177500e+000  5.274441e-005
 8.425000e+000  5.750780e-005
 8.672500e+000  5.554892e-005
 8.920000e+000  5.244599e-005
 9.167500e+000  5.755748e-005
 9.415000e+000  5.456316e-005
 9.662500e+000  5.775396e-005
 9.910000e+000  5.462918e-005
 1.015750e+001  4.767020e-005
 1.040500e+001  4.524471e-005
 1.065250e+001  4.018494e-005
 1.090000e+001  4.476341e-005
 1.114750e+001  4.859176e-005
 1.139500e+001  5.270347e-005
 1.164250e+001  4.707370e-005
 1.189000e+001  4.852336e-005
 1.213750e+001  4.401997e-005
 1.238500e+001  4.101446e-005
 1.263250e+001  4.544064e-005
 1.288000e+001  4.145398e-005
 1.312750e+001  3.600174e-005
 1.337500e+001  3.512178e-005
 1.362250e+001  3.999416e-005
 1.387000e+001  4.638100e-005
 1.411750e+001  4.367391e-005
 1.436500e+001  4.261532e-005
 1.461250e+001  4.476723e-005
 1.486000e+001  4.067252e-005
 1.510750e+001  4.145453e-005
 1.535500e+001  4.475779e-005
 1.560250e+001  4.163293e-005
 1.585000e+001  4.143909e-005
 1.609750e+001  3.855115e-005
 1.634500e+001  3.582978e-005
 1.659250e+001  3.310329e-005
 1.684000e+001  3.718947e-005
 1.708750e+001  3.805267e-005
 1.733500e+001  3.774365e-005
 1.758250e+001  3.709153e-005
 1.783000e+001  3.697590e-005
 1.807750e+001  3.306504e-005
 1.832500e+001  3.307621e-005
 1.857250e+001  3.277734e-005
 1.882000e+001  3.503269e-005
 1.906750e+001  3.555102e-005
 1.931500e+001  3.343751e-005
 1.956250e+001  3.180103e-005
 1.981000e+001  3.922233e-005
 2.005750e+001  3.336212e-005
 2.030500e+001  3.142001e-005
 2.055250e+001  3.033451e-005
 2.080000e+001  3.029044e-005
 2.104750e+001  3.839464e-005
 2.129500e+001  3.535282e-005
 2.154250e+001  3.372245e-005
 2.179000e+001  3.237905e-005
 2.203750e+001  2.841030e-005
 2.228500e+001  2.938739e-005
 2.253250e+001  2.900094e-005
 2.278000e+001  2.725465e-005
 2.302750e+001  3.188876e-005
 2.327500e+001  3.403887e-005
 2.352250e+001  3.554122e-005
 2.377000e+001  3.420637e-005
 2.401750e+001  3.118280e-005
 2.426500e+001  3.039064e-005
 2.451250e+001  2.889773e-005
 2.476000e+001  2.695899e-005
 2.500750e+001  2.696781e-005
 2.525500e+001  2.502748e-005
 2.550250e+001  2.876717e-005
 2.575000e+001  2.894806e-005
 2.599750e+001  2.844743e-005
 2.624500e+001  2.739547e-005
 2.649250e+001  3.260836e-005
 2.674000e+001  3.074003e-005
 2.698750e+001  2.680291e-005
 2.723500e+001  2.311635e-005
 2.748250e+001  2.569446e-005
 2.773000e+001  2.852116e-005
 2.797750e+001  2.508574e-005
 2.822500e+001  3.092170e-005
 2.847250e+001  3.148506e-005
 2.872000e+001  2.735669e-005
 2.896750e+001  2.897750e-005
 2.921500e+001  2.717083e-005
 2.946250e+001  2.931417e-005
 2.971000e+001  2.899499e-005
 2.995750e+001  2.524765e-005
 3.020500e+001  2.379421e-005
 3.045250e+001  2.997358e-005
 3.070000e+001  2.762591e-005
 3.094750e+001  2.489116e-005
 3.119500e+001  2.488749e-005
 3.144250e+001  2.620717e-005
 3.169000e+001  2.544546e-005
 3.193750e+001  2.702371e-005
 3.218500e+001  2.297929e-005
 3.243250e+001  2.394726e-005
 3.268000e+001  2.633925e-005
 3.292750e+001  2.528823e-005
 3.317500e+001  2.716314e-005
 3.342250e+001  2.887989e-005
 3.367000e+001  2.676869e-005
 3.391750e+001  2.633866e-005
 3.416500e+001  2.647448e-005
 3.441250e+001  2.277087e-005
 3.466000e+001  2.255721e-005
 3.490750e+001  2.477476e-005
 3.515500e+001  2.594709e-005
 3.540250e+001  2.278785e-005
 3.565000e+001  2.209195e-005
 3.589750e+001  2.173348e-005
 3.614500e+001  2.303396e-005
 3.639250e+001  2.155488e-005
 3.664000e+001  2.174227e-005
 3.688750e+001  2.611105e-005
 3.713500e+001  2.853485e-005
 3.738250e+001  2.533992e-005
 3.763000e+001  2.386167e-005
 3.787750e+001  2.653520e-005
 3.812500e+001  2.447297e-005
 3.837250e+001  2.643216e-005
 3.862000e+001  2.468833e-005
 3.886750e+001  2.175383e-005
 3.911500e+001  2.038016e-005
 3.936250e+001  2.049792e-005
 3.961000e+001  2.004153e-005
 3.985750e+001  2.275048e-005
 4.010500e+001  2.308464e-005
 4.035250e+001  2.312641e-005
 4.060000e+001  2.285500e-005
 4.084750e+001  2.464477e-005
 4.109500e+001  3.137537e-005
 4.134250e+001  2.556437e-005
 4.159000e+001  2.188930e-005
 4.183750e+001  2.624397e-005
 4.208500e+001  2.612957e-005
 4.233250e+001  2.342268e-005
 4.258000e+001  1.812958e-005
 4.282750e+001  1.978594e-005
 4.307500e+001  1.936100e-005
 4.332250e+001  2.460016e-005
 4.357000e+001  2.391677e-005
 4.381750e+001  2.242177e-005
 4.406500e+001  2.118375e-005
 4.431250e+001  2.159688e-005
 4.456000e+001  2.425236e-005
 4.480750e+001  2.329028e-005
 4.505500e+001  2.170641e-005
 4.530250e+001  2.117438e-005
 4.555000e+001  2.094162e-005
 4.579750e+001  2.103366e-005
 4.604500e+001  1.898397e-005
 4.629250e+001  2.046307e-005
 4.654000e+001  2.089815e-005
 4.678750e+001  2.015400e-005
 4.703500e+001  2.134495e-005
 4.728250e+001  2.119629e-005
 4.753000e+001  2.418481e-005
 4.777750e+001  2.670084e-005
 4.802500e+001  2.404333e-005
 4.827250e+001  2.233798e-005
 4.852000e+001  2.328642e-005
 4.876750e+001  2.055674e-005
 4.901500e+001  2.240536e-005
 4.926250e+001  2.058395e-005
 4.951000e+001  3.416566e-005
 4.975750e+001  8.223544e-004
 5.000500e+001  1.452877e-003
 5.025250e+001  6.411883e-004
 5.050000e+001  2.740269e-005
 5.074750e+001  2.252228e-005
 5.099500e+001  1.936774e-005
 5.124250e+001  1.984553e-005
 5.149000e+001  1.898029e-005
 5.173750e+001  2.022690e-005
 5.198500e+001  1.900346e-005
 5.223250e+001  2.085354e-005
 5.248000e+001  2.257108e-005
 5.272750e+001  1.716412e-005
 5.297500e+001  1.983344e-005
 5.322250e+001  2.100958e-005
 5.347000e+001  1.964845e-005
 5.371750e+001  1.896702e-005
 5.396500e+001  1.779346e-005
 5.421250e+001  1.846831e-005
 5.446000e+001  1.843051e-005
 5.470750e+001  1.678871e-005
 5.495500e+001  1.944484e-005
 5.520250e+001  2.085933e-005
 5.545000e+001  1.953974e-005
 5.569750e+001  1.894673e-005
 5.594500e+001  1.859387e-005
 5.619250e+001  1.995172e-005
 5.644000e+001  2.328504e-005
 5.668750e+001  2.169071e-005
 5.693500e+001  2.331891e-005
 5.718250e+001  2.067749e-005
 5.743000e+001  1.705456e-005
 5.767750e+001  1.862385e-005
 5.792500e+001  2.129440e-005
 5.817250e+001  2.138760e-005
 5.842000e+001  2.226037e-005
 5.866750e+001  2.160777e-005
 5.891500e+001  2.293621e-005
 5.916250e+001  2.326520e-005
 5.941000e+001  2.618524e-005
 5.965750e+001  6.708640e-005
 5.990500e+001  3.118407e-004
 6.015250e+001  3.040981e-004
 6.040000e+001  5.790180e-005
 6.064750e+001  1.909247e-005
 6.089500e+001  1.915834e-005
 6.114250e+001  1.776058e-005
 6.139000e+001  1.768730e-005
 6.163750e+001  2.014393e-005
 6.188500e+001  2.104115e-005
 6.213250e+001  1.998552e-005
 6.238000e+001  2.099371e-005
 6.262750e+001  2.299450e-005
 6.287500e+001  2.046259e-005
 6.312250e+001  2.052918e-005
 6.337000e+001  1.876325e-005
 6.361750e+001  1.840589e-005
 6.386500e+001  2.150871e-005
 6.411250e+001  1.905996e-005
 6.436000e+001  1.916513e-005
 6.460750e+001  1.800062e-005
 6.485500e+001  1.534332e-005
 6.510250e+001  1.626394e-005
 6.535000e+001  1.728914e-005
 6.559750e+001  2.125954e-005
 6.584500e+001  1.887398e-005
 6.609250e+001  1.831986e-005
 6.634000e+001  1.953237e-005
 6.658750e+001  1.893300e-005
 6.683500e+001  2.188955e-005
 6.708250e+001  2.101956e-005
 6.733000e+001  1.683312e-005
 6.757750e+001  1.806824e-005
 6.782500e+001  1.995036e-005
 6.807250e+001  1.897565e-005
 6.832000e+001  1.890584e-005
 6.856750e+001  1.696571e-005
 6.881500e+001  1.669817e-005
 6.906250e+001  1.977277e-005
 6.931000e+001  1.743592e-005
 6.955750e+001  1.698147e-005
 6.980500e+001  1.804956e-005
 7.005250e+001  1.675750e-005
 7.030000e+001  1.776077e-005
 7.054750e+001  1.836692e-005
 7.079500e+001  1.543256e-005
 7.104250e+001  1.739611e-005
 7.129000e+001  2.055659e-005
 7.153750e+001  1.744178e-005
 7.178500e+001  1.927751e-005
 7.203250e+001  2.273356e-005
 7.228000e+001  1.905289e-005
 7.252750e+001  1.735912e-005
 7.277500e+001  2.221444e-005
 7.302250e+001  2.369510e-005
 7.327000e+001  1.806281e-005
 7.351750e+001  1.345857e-005
 7.376500e+001  1.619093e-005
 7.401250e+001  1.950188e-005
 7.426000e+001  2.092254e-005
 7.450750e+001  1.948951e-005
 7.475500e+001  1.976689e-005
 7.500250e+001  1.841676e-005
 7.525000e+001  1.914244e-005
 7.549750e+001  2.124845e-005
 7.574500e+001  1.867617e-005
 7.599250e+001  1.836713e-005
 7.624000e+001  1.841669e-005
 7.648750e+001  2.248729e-005
 7.673500e+001  2.258622e-005
 7.698250e+001  1.916058e-005
 7.723000e+001  1.640545e-005
 7.747750e+001  1.545991e-005
 7.772500e+001  1.658331e-005
 7.797250e+001  1.637183e-005
 7.822000e+001  1.809393e-005
 7.846750e+001  1.860051e-005
 7.871500e+001  1.796372e-005
 7.896250e+001  1.504470e-005
 7.921000e+001  1.580992e-005
 7.945750e+001  2.054839e-005
 7.970500e+001  2.061175e-005
 7.995250e+001  1.971513e-005
 8.020000e+001  1.737169e-005
 8.044750e+001  1.933507e-005
 8.069500e+001  1.991989e-005
 8.094250e+001  1.905432e-005
 8.119000e+001  1.968923e-005
 8.143750e+001  2.000286e-005
 8.168500e+001  2.095775e-005
 8.193250e+001  2.826925e-005
 8.218000e+001  4.907011e-005
 8.242750e+001  4.949003e-005
 8.267500e+001  2.458164e-005
 8.292250e+001  1.930388e-005
 8.317000e+001  2.050017e-005
 8.341750e+001  1.805745e-005
 8.366500e+001  1.707784e-005
 8.391250e+001  1.895806e-005
 8.416000e+001  2.090782e-005
 8.440750e+001  1.950729e-005
 8.465500e+001  1.648222e-005
 8.490250e+001  1.619190e-005
 8.515000e+001  1.636259e-005
 8.539750e+001  1.874689e-005
 8.564500e+001  1.856938e-005
 8.589250e+001  1.789931e-005
 8.614000e+001  1.528767e-005
 8.638750e+001  1.626649e-005
 8.663500e+001  1.455997e-005
 8.688250e+001  1.951554e-005
 8.713000e+001  1.808531e-005
 8.737750e+001  1.696959e-005
 8.762500e+001  1.849585e-005
 8.787250e+001  1.852327e-005
 8.812000e+001  1.696647e-005
 8.836750e+001  1.454505e-005
 8.861500e+001  1.663726e-005
 8.886250e+001  1.875564e-005
 8.911000e+001  1.652064e-005
 8.935750e+001  1.662842e-005
 8.960500e+001  1.869688e-005
 8.985250e+001  2.005150e-005
 9.010000e+001  2.129067e-005
 9.034750e+001  1.706708e-005
 9.059500e+001  1.764898e-005
 9.084250e+001  1.884496e-005
 9.109000e+001  1.825827e-005
 9.133750e+001  1.876629e-005
 9.158500e+001  2.014959e-005
 9.183250e+001  1.901988e-005
 9.208000e+001  1.705180e-005
 9.232750e+001  1.689522e-005
 9.257500e+001  1.713591e-005
 9.282250e+001  1.669653e-005
 9.307000e+001  1.635168e-005
 9.331750e+001  1.838169e-005
 9.356500e+001  1.929572e-005
 9.381250e+001  1.752895e-005
 9.406000e+001  1.642257e-005
 9.430750e+001  1.715075e-005
 9.455500e+001  1.698130e-005
 9.480250e+001  1.732783e-005
 9.505000e+001  1.884947e-005
 9.529750e+001  1.787210e-005
 9.554500e+001  1.507131e-005
 9.579250e+001  1.639159e-005
 9.604000e+001  1.508025e-005
 9.628750e+001  1.572396e-005
 9.653500e+001  1.893848e-005
 9.678250e+001  1.793225e-005
 9.703000e+001  1.806387e-005
 9.727750e+001  1.610834e-005
 9.752500e+001  1.578712e-005
 9.777250e+001  1.641188e-005
 9.802000e+001  1.660592e-005
 9.826750e+001  1.695700e-005
 9.851500e+001  1.513282e-005
 9.876250e+001  1.498149e-005
 9.901000e+001  1.413629e-005
 9.925750e+001  1.722720e-005
 9.950500e+001  1.825837e-005
 9.975250e+001  3.943158e-005
 1.000000e+002  5.836643e-005
