 1.000000e+001  5.961621e-005
 1.061875e+001  5.861934e-005
 1.123750e+001  5.855487e-005
 1.185625e+001  4.899315e-005
 1.247500e+001  5.125848e-005
 1.309375e+001  4.745325e-005
 1.371250e+001  4.258891e-005
 1.433125e+001  4.065202e-005
 1.495000e+001  4.264455e-005
 1.556875e+001  4.278316e-005
 1.618750e+001  4.057528e-005
 1.680625e+001  3.873308e-005
 1.742500e+001  4.020201e-005
 1.804375e+001  3.795003e-005
 1.866250e+001  3.720117e-005
 1.928125e+001  3.580304e-005
 1.990000e+001  3.840827e-005
 2.051875e+001  3.926412e-005
 2.113750e+001  3.276535e-005
 2.175625e+001  3.183663e-005
 2.237500e+001  2.993959e-005
 2.299375e+001  2.916623e-005
 2.361250e+001  2.995753e-005
 2.423125e+001  3.174745e-005
 2.485000e+001  3.076580e-005
 2.546875e+001  2.720158e-005
 2.608750e+001  2.668622e-005
 2.670625e+001  2.954681e-005
 2.732500e+001  3.131537e-005
 2.794375e+001  3.304452e-005
 2.856250e+001  3.129655e-005
 2.918125e+001  3.064369e-005
 2.980000e+001  2.713664e-005
 3.041875e+001  2.486163e-005
 3.103750e+001  2.607532e-005
 3.165625e+001  2.739128e-005
 3.227500e+001  2.619260e-005
 3.289375e+001  2.551425e-005
 3.351250e+001  2.326196e-005
 3.413125e+001  2.265143e-005
 3.475000e+001  2.466783e-005
 3.536875e+001  2.461289e-005
 3.598750e+001  2.682619e-005
 3.660625e+001  3.008322e-005
 3.722500e+001  2.702734e-005
 3.784375e+001  2.462187e-005
 3.846250e+001  2.730462e-005
 3.908125e+001  2.838150e-005
 3.970000e+001  2.482828e-005
 4.031875e+001  2.559351e-005
 4.093750e+001  2.856658e-005
 4.155625e+001  2.499640e-005
 4.217500e+001  2.498837e-005
 4.279375e+001  2.531205e-005
 4.341250e+001  2.689088e-005
 4.403125e+001  2.497451e-005
 4.465000e+001  2.422093e-005
 4.526875e+001  2.263447e-005
 4.588750e+001  2.319712e-005
 4.650625e+001  2.458358e-005
 4.712500e+001  2.280155e-005
 4.774375e+001  2.258646e-005
 4.836250e+001  3.721472e-005
 4.898125e+001  1.515376e-004
 4.960000e+001  1.069527e-003
 5.021875e+001  1.278189e-003
 5.083750e+001  3.433124e-004
 5.145625e+001  4.428868e-005
 5.207500e+001  2.583318e-005
 5.269375e+001  2.122285e-005
 5.331250e+001  2.186317e-005
 5.393125e+001  2.158432e-005
 5.455000e+001  2.091230e-005
 5.516875e+001  2.033492e-005
 5.578750e+001  2.138100e-005
 5.640625e+001  2.074586e-005
 5.702500e+001  2.239837e-005
 5.764375e+001  2.172670e-005
 5.826250e+001  1.993034e-005
 5.888125e+001  2.026569e-005
 5.950000e+001  6.123602e-005
 6.011875e+001  9.836138e-005
 6.073750e+001  4.406080e-005
 6.135625e+001  2.037364e-005
 6.197500e+001  2.078390e-005
 6.259375e+001  1.988842e-005
 6.321250e+001  2.001171e-005
 6.383125e+001  1.982442e-005
 6.445000e+001  2.087682e-005
 6.506875e+001  1.889910e-005
 6.568750e+001  1.970888e-005
 6.630625e+001  1.987943e-005
 6.692500e+001  2.008344e-005
 6.754375e+001  1.962209e-005
 6.816250e+001  1.890716e-005
 6.878125e+001  1.940364e-005
 6.940000e+001  1.897846e-005
 7.001875e+001  2.104764e-005
 7.063750e+001  2.091665e-005
 7.125625e+001  2.063711e-005
 7.187500e+001  2.153058e-005
 7.249375e+001  2.202604e-005
 7.311250e+001  2.217544e-005
 7.373125e+001  2.036684e-005
 7.435000e+001  1.889669e-005
 7.496875e+001  1.868981e-005
 7.558750e+001  2.014910e-005
 7.620625e+001  1.825655e-005
 7.682500e+001  2.065886e-005
 7.744375e+001  2.179517e-005
 7.806250e+001  2.067092e-005
 7.868125e+001  2.019142e-005
 7.930000e+001  1.761450e-005
 7.991875e+001  1.855592e-005
 8.053750e+001  2.036936e-005
 8.115625e+001  2.976442e-005
 8.177500e+001  3.102360e-005
 8.239375e+001  1.949877e-005
 8.301250e+001  1.805128e-005
 8.363125e+001  1.675308e-005
 8.425000e+001  1.622292e-005
 8.486875e+001  1.820594e-005
 8.548750e+001  1.814412e-005
 8.610625e+001  1.796244e-005
 8.672500e+001  1.692265e-005
 8.734375e+001  1.647543e-005
 8.796250e+001  2.015907e-005
 8.858125e+001  2.008156e-005
 8.920000e+001  1.832073e-005
 8.981875e+001  1.684572e-005
 9.043750e+001  1.856588e-005
 9.105625e+001  1.912539e-005
 9.167500e+001  1.784392e-005
 9.229375e+001  1.846159e-005
 9.291250e+001  1.752998e-005
 9.353125e+001  1.666227e-005
 9.415000e+001  1.671316e-005
 9.476875e+001  1.856119e-005
 9.538750e+001  1.762520e-005
 9.600625e+001  1.693537e-005
 9.662500e+001  1.645526e-005
 9.724375e+001  1.659147e-005
 9.786250e+001  1.636988e-005
 9.848125e+001  1.546168e-005
 9.910000e+001  2.061366e-005
 9.971875e+001  4.104238e-005
 1.003375e+002  3.752070e-005
 1.009563e+002  1.797033e-005
 1.015750e+002  1.838042e-005
 1.021938e+002  1.874536e-005
 1.028125e+002  1.762019e-005
 1.034313e+002  1.793380e-005
 1.040500e+002  1.787600e-005
 1.046688e+002  1.688525e-005
 1.052875e+002  1.719302e-005
 1.059063e+002  1.739668e-005
 1.065250e+002  1.812281e-005
 1.071438e+002  1.814214e-005
 1.077625e+002  1.872460e-005
 1.083813e+002  1.878656e-005
 1.090000e+002  1.939224e-005
 1.096188e+002  1.941079e-005
 1.102375e+002  1.954681e-005
 1.108563e+002  2.010882e-005
 1.114750e+002  1.788316e-005
 1.120938e+002  1.716525e-005
 1.127125e+002  1.575255e-005
 1.133313e+002  1.713885e-005
 1.139500e+002  1.807585e-005
 1.145688e+002  1.743547e-005
 1.151875e+002  1.770694e-005
 1.158063e+002  1.797472e-005
 1.164250e+002  1.776092e-005
 1.170438e+002  1.640870e-005
 1.176625e+002  1.635611e-005
 1.182813e+002  1.664311e-005
 1.189000e+002  1.666392e-005
 1.195188e+002  4.068580e-005
 1.201375e+002  6.174938e-005
 1.207563e+002  2.867249e-005
 1.213750e+002  1.736413e-005
 1.219938e+002  1.636394e-005
 1.226125e+002  1.762740e-005
 1.232313e+002  1.733383e-005
 1.238500e+002  1.855130e-005
 1.244688e+002  1.895946e-005
 1.250875e+002  1.699362e-005
 1.257063e+002  1.649243e-005
 1.263250e+002  1.599814e-005
 1.269438e+002  1.724337e-005
 1.275625e+002  1.631998e-005
 1.281813e+002  1.521591e-005
 1.288000e+002  1.591822e-005
 1.294188e+002  1.596048e-005
 1.300375e+002  1.551634e-005
 1.306563e+002  1.530492e-005
 1.312750e+002  1.656529e-005
 1.318938e+002  1.580965e-005
 1.325125e+002  1.594259e-005
 1.331313e+002  1.748851e-005
 1.337500e+002  1.779904e-005
 1.343688e+002  1.673136e-005
 1.349875e+002  1.593770e-005
 1.356063e+002  1.741709e-005
 1.362250e+002  1.704936e-005
 1.368438e+002  1.726920e-005
 1.374625e+002  1.692075e-005
 1.380813e+002  1.669421e-005
 1.387000e+002  1.729867e-005
 1.393188e+002  1.537836e-005
 1.399375e+002  1.280967e-005
 1.405563e+002  1.498684e-005
 1.411750e+002  1.632885e-005
 1.417938e+002  1.608129e-005
 1.424125e+002  1.475620e-005
 1.430313e+002  1.631126e-005
 1.436500e+002  1.755273e-005
 1.442688e+002  1.789907e-005
 1.448875e+002  1.834079e-005
 1.455063e+002  1.373711e-005
 1.461250e+002  1.298812e-005
 1.467438e+002  1.519303e-005
 1.473625e+002  1.574795e-005
 1.479813e+002  1.814649e-005
 1.486000e+002  2.861494e-005
 1.492188e+002  3.479111e-004
 1.498375e+002  9.891253e-004
 1.504563e+002  6.840850e-004
 1.510750e+002  6.206746e-005
 1.516938e+002  2.068659e-005
 1.523125e+002  1.738730e-005
 1.529313e+002  1.670384e-005
 1.535500e+002  1.532396e-005
 1.541688e+002  1.521345e-005
 1.547875e+002  1.565238e-005
 1.554063e+002  1.576226e-005
 1.560250e+002  1.468077e-005
 1.566438e+002  1.530864e-005
 1.572625e+002  1.536035e-005
 1.578813e+002  1.531986e-005
 1.585000e+002  1.523581e-005
 1.591188e+002  1.533214e-005
 1.597375e+002  1.585121e-005
 1.603563e+002  1.690410e-005
 1.609750e+002  1.825366e-005
 1.615938e+002  1.534181e-005
 1.622125e+002  1.497466e-005
 1.628313e+002  1.579089e-005
 1.634500e+002  1.613184e-005
 1.640688e+002  1.461339e-005
 1.646875e+002  1.477386e-005
 1.653063e+002  1.390420e-005
 1.659250e+002  1.446363e-005
 1.665438e+002  1.513650e-005
 1.671625e+002  1.613731e-005
 1.677813e+002  1.594614e-005
 1.684000e+002  1.623486e-005
 1.690188e+002  1.508923e-005
 1.696375e+002  1.616152e-005
 1.702563e+002  1.563988e-005
 1.708750e+002  1.591175e-005
 1.714938e+002  1.623246e-005
 1.721125e+002  1.489756e-005
 1.727313e+002  1.414004e-005
 1.733500e+002  1.502427e-005
 1.739688e+002  1.656553e-005
 1.745875e+002  1.717838e-005
 1.752063e+002  1.664355e-005
 1.758250e+002  1.570984e-005
 1.764438e+002  1.451343e-005
 1.770625e+002  1.462869e-005
 1.776813e+002  1.530636e-005
 1.783000e+002  1.528514e-005
 1.789188e+002  1.393259e-005
 1.795375e+002  3.603650e-005
 1.801563e+002  5.251541e-005
 1.807750e+002  2.634162e-005
 1.813938e+002  1.681342e-005
 1.820125e+002  1.426266e-005
 1.826313e+002  1.472588e-005
 1.832500e+002  1.511989e-005
 1.838688e+002  1.524792e-005
 1.844875e+002  1.606576e-005
 1.851063e+002  1.469977e-005
 1.857250e+002  1.498815e-005
 1.863438e+002  1.645006e-005
 1.869625e+002  1.603570e-005
 1.875813e+002  1.627700e-005
 1.882000e+002  1.579094e-005
 1.888188e+002  1.611144e-005
 1.894375e+002  1.593234e-005
 1.900563e+002  1.502429e-005
 1.906750e+002  1.452599e-005
 1.912938e+002  1.657023e-005
 1.919125e+002  1.755533e-005
 1.925313e+002  1.615462e-005
 1.931500e+002  1.545816e-005
 1.937688e+002  1.495433e-005
 1.943875e+002  1.372093e-005
 1.950063e+002  1.360041e-005
 1.956250e+002  1.513099e-005
 1.962438e+002  1.520007e-005
 1.968625e+002  1.458981e-005
 1.974813e+002  1.554817e-005
 1.981000e+002  1.623122e-005
 1.987188e+002  1.520803e-005
 1.993375e+002  1.810219e-005
 1.999563e+002  2.653542e-005
 2.005750e+002  1.871520e-005
 2.011938e+002  1.454502e-005
 2.018125e+002  1.516787e-005
 2.024313e+002  1.494416e-005
 2.030500e+002  1.663928e-005
 2.036688e+002  1.499413e-005
 2.042875e+002  1.484944e-005
 2.049063e+002  1.341825e-005
 2.055250e+002  1.446744e-005
 2.061438e+002  1.524290e-005
 2.067625e+002  1.345515e-005
 2.073813e+002  1.569205e-005
 2.080000e+002  1.459846e-005
 2.086188e+002  1.404349e-005
 2.092375e+002  1.318130e-005
 2.098563e+002  1.404558e-005
 2.104750e+002  1.373281e-005
 2.110938e+002  1.499165e-005
 2.117125e+002  1.423585e-005
 2.123313e+002  1.529694e-005
 2.129500e+002  1.562667e-005
 2.135688e+002  1.477218e-005
 2.141875e+002  1.425254e-005
 2.148063e+002  1.463243e-005
 2.154250e+002  1.422970e-005
 2.160438e+002  1.404753e-005
 2.166625e+002  1.486001e-005
 2.172813e+002  1.459068e-005
 2.179000e+002  1.596252e-005
 2.185188e+002  1.535422e-005
 2.191375e+002  1.353170e-005
 2.197563e+002  1.601055e-005
 2.203750e+002  1.582545e-005
 2.209938e+002  1.551203e-005
 2.216125e+002  1.555536e-005
 2.222313e+002  1.424624e-005
 2.228500e+002  1.556344e-005
 2.234688e+002  1.594153e-005
 2.240875e+002  1.552762e-005
 2.247063e+002  1.550737e-005
 2.253250e+002  1.546338e-005
 2.259438e+002  1.397356e-005
 2.265625e+002  1.427644e-005
 2.271813e+002  1.513508e-005
 2.278000e+002  1.553647e-005
 2.284188e+002  1.558930e-005
 2.290375e+002  1.436230e-005
 2.296563e+002  1.464665e-005
 2.302750e+002  1.748354e-005
 2.308938e+002  1.835889e-005
 2.315125e+002  1.558814e-005
 2.321313e+002  1.474727e-005
 2.327500e+002  1.512826e-005
 2.333688e+002  1.425718e-005
 2.339875e+002  1.541796e-005
 2.346063e+002  1.459823e-005
 2.352250e+002  1.504369e-005
 2.358438e+002  1.598822e-005
 2.364625e+002  1.530300e-005
 2.370813e+002  1.380388e-005
 2.377000e+002  1.315700e-005
 2.383188e+002  1.394148e-005
 2.389375e+002  1.607204e-005
 2.395563e+002  3.017022e-005
 2.401750e+002  4.779709e-005
 2.407938e+002  2.523857e-005
 2.414125e+002  1.393310e-005
 2.420313e+002  1.596386e-005
 2.426500e+002  1.646620e-005
 2.432688e+002  1.615552e-005
 2.438875e+002  1.518080e-005
 2.445063e+002  1.407099e-005
 2.451250e+002  1.467322e-005
 2.457438e+002  1.565110e-005
 2.463625e+002  1.663029e-005
 2.469813e+002  1.666739e-005
 2.476000e+002  1.554982e-005
 2.482188e+002  1.582624e-005
 2.488375e+002  1.916405e-005
 2.494563e+002  1.566431e-004
 2.500750e+002  2.374519e-004
 2.506938e+002  8.996089e-005
 2.513125e+002  1.665365e-005
 2.519313e+002  1.645290e-005
 2.525500e+002  1.537422e-005
 2.531688e+002  1.367601e-005
 2.537875e+002  1.419772e-005
 2.544063e+002  1.375362e-005
 2.550250e+002  1.473395e-005
 2.556438e+002  1.576027e-005
 2.562625e+002  1.630939e-005
 2.568813e+002  1.573748e-005
 2.575000e+002  1.526249e-005
 2.581188e+002  1.597204e-005
 2.587375e+002  1.469687e-005
 2.593563e+002  1.307282e-005
 2.599750e+002  1.340259e-005
 2.605938e+002  1.450083e-005
 2.612125e+002  1.412900e-005
 2.618313e+002  1.337095e-005
 2.624500e+002  1.477248e-005
 2.630688e+002  1.435536e-005
 2.636875e+002  1.446791e-005
 2.643063e+002  1.459374e-005
 2.649250e+002  1.420474e-005
 2.655438e+002  1.435706e-005
 2.661625e+002  1.528217e-005
 2.667813e+002  1.298858e-005
 2.674000e+002  1.405309e-005
 2.680188e+002  1.525629e-005
 2.686375e+002  1.476236e-005
 2.692563e+002  1.539529e-005
 2.698750e+002  1.419260e-005
 2.704938e+002  1.445831e-005
 2.711125e+002  1.591336e-005
 2.717313e+002  1.595315e-005
 2.723500e+002  1.564960e-005
 2.729688e+002  1.365635e-005
 2.735875e+002  1.473977e-005
 2.742063e+002  1.447683e-005
 2.748250e+002  1.394940e-005
 2.754438e+002  1.608540e-005
 2.760625e+002  1.574709e-005
 2.766813e+002  1.379168e-005
 2.773000e+002  1.452816e-005
 2.779188e+002  1.436305e-005
 2.785375e+002  1.410786e-005
 2.791563e+002  1.525528e-005
 2.797750e+002  1.331077e-005
 2.803938e+002  1.417031e-005
 2.810125e+002  1.564149e-005
 2.816313e+002  1.399195e-005
 2.822500e+002  1.435558e-005
 2.828688e+002  1.646578e-005
 2.834875e+002  1.564558e-005
 2.841063e+002  1.370205e-005
 2.847250e+002  1.444303e-005
 2.853438e+002  1.395707e-005
 2.859625e+002  1.395268e-005
 2.865813e+002  1.373969e-005
 2.872000e+002  1.273944e-005
 2.878188e+002  1.438631e-005
 2.884375e+002  1.319111e-005
 2.890563e+002  1.327372e-005
 2.896750e+002  1.341725e-005
 2.902938e+002  1.313167e-005
 2.909125e+002  1.298003e-005
 2.915313e+002  1.488113e-005
 2.921500e+002  1.596617e-005
 2.927688e+002  1.482394e-005
 2.933875e+002  1.382284e-005
 2.940063e+002  1.457693e-005
 2.946250e+002  1.339002e-005
 2.952438e+002  1.339079e-005
 2.958625e+002  1.367597e-005
 2.964813e+002  1.485727e-005
 2.971000e+002  1.469790e-005
 2.977188e+002  1.429816e-005
 2.983375e+002  1.355505e-005
 2.989563e+002  1.330482e-005
 2.995750e+002  2.595656e-005
 3.001938e+002  4.244371e-005
 3.008125e+002  2.288595e-005
 3.014313e+002  1.437756e-005
 3.020500e+002  1.449221e-005
 3.026688e+002  1.520333e-005
 3.032875e+002  1.469312e-005
 3.039063e+002  1.314829e-005
 3.045250e+002  1.371815e-005
 3.051438e+002  1.398364e-005
 3.057625e+002  1.479212e-005
 3.063813e+002  1.339361e-005
 3.070000e+002  1.531458e-005
 3.076188e+002  1.637519e-005
 3.082375e+002  1.356498e-005
 3.088563e+002  1.333313e-005
 3.094750e+002  1.377635e-005
 3.100938e+002  1.363248e-005
 3.107125e+002  1.439739e-005
 3.113313e+002  1.489689e-005
 3.119500e+002  1.451541e-005
 3.125688e+002  1.412922e-005
 3.131875e+002  1.458503e-005
 3.138063e+002  1.475987e-005
 3.144250e+002  1.575028e-005
 3.150437e+002  1.555565e-005
 3.156625e+002  1.452506e-005
 3.162812e+002  1.432253e-005
 3.169000e+002  1.507552e-005
 3.175187e+002  1.365175e-005
 3.181375e+002  1.374000e-005
 3.187562e+002  1.336354e-005
 3.193750e+002  1.383469e-005
 3.199937e+002  1.281948e-005
 3.206125e+002  1.448735e-005
 3.212312e+002  1.383432e-005
 3.218500e+002  1.281500e-005
 3.224687e+002  1.408822e-005
 3.230875e+002  1.489359e-005
 3.237062e+002  1.397056e-005
 3.243250e+002  1.265558e-005
 3.249437e+002  1.402400e-005
 3.255625e+002  1.402472e-005
 3.261812e+002  1.429146e-005
 3.268000e+002  1.534698e-005
 3.274187e+002  1.314163e-005
 3.280375e+002  1.444051e-005
 3.286562e+002  1.546860e-005
 3.292750e+002  1.497073e-005
 3.298937e+002  1.459985e-005
 3.305125e+002  1.423918e-005
 3.311312e+002  1.421147e-005
 3.317500e+002  1.447854e-005
 3.323687e+002  1.430233e-005
 3.329875e+002  1.323894e-005
 3.336062e+002  1.405473e-005
 3.342250e+002  1.404195e-005
 3.348437e+002  1.417940e-005
 3.354625e+002  1.613264e-005
 3.360812e+002  1.435518e-005
 3.367000e+002  1.384621e-005
 3.373187e+002  1.548840e-005
 3.379375e+002  1.495916e-005
 3.385562e+002  1.335495e-005
 3.391750e+002  1.233073e-005
 3.397937e+002  1.324240e-005
 3.404125e+002  1.400978e-005
 3.410312e+002  1.249353e-005
 3.416500e+002  1.382705e-005
 3.422687e+002  1.434891e-005
 3.428875e+002  1.418721e-005
 3.435062e+002  1.509715e-005
 3.441250e+002  1.527504e-005
 3.447437e+002  1.394892e-005
 3.453625e+002  1.321777e-005
 3.459812e+002  1.348628e-005
 3.466000e+002  1.488157e-005
 3.472187e+002  1.456003e-005
 3.478375e+002  1.433694e-005
 3.484562e+002  1.368357e-005
 3.490750e+002  4.950774e-005
 3.496937e+002  1.826709e-004
 3.503125e+002  1.619079e-004
 3.509312e+002  3.238343e-005
 3.515500e+002  1.389775e-005
 3.521687e+002  1.403937e-005
 3.527875e+002  1.391724e-005
 3.534062e+002  1.441910e-005
 3.540250e+002  1.406241e-005
 3.546437e+002  1.446364e-005
 3.552625e+002  1.355826e-005
 3.558812e+002  1.447992e-005
 3.565000e+002  1.501944e-005
 3.571187e+002  1.349969e-005
 3.577375e+002  1.286475e-005
 3.583562e+002  1.310006e-005
 3.589750e+002  1.441247e-005
 3.595937e+002  2.714989e-005
 3.602125e+002  4.085324e-005
 3.608312e+002  2.108837e-005
 3.614500e+002  1.444115e-005
 3.620687e+002  1.367541e-005
 3.626875e+002  1.115341e-005
 3.633062e+002  1.197103e-005
 3.639250e+002  1.402366e-005
 3.645437e+002  1.416708e-005
 3.651625e+002  1.465813e-005
 3.657812e+002  1.283216e-005
 3.664000e+002  1.248549e-005
 3.670187e+002  1.430369e-005
 3.676375e+002  1.378408e-005
 3.682562e+002  1.329313e-005
 3.688750e+002  1.311001e-005
 3.694937e+002  1.502537e-005
 3.701125e+002  1.509491e-005
 3.707312e+002  1.453048e-005
 3.713500e+002  1.510075e-005
 3.719687e+002  1.455561e-005
 3.725875e+002  1.338518e-005
 3.732062e+002  1.346856e-005
 3.738250e+002  1.385993e-005
 3.744437e+002  1.352895e-005
 3.750625e+002  1.392430e-005
 3.756812e+002  1.561965e-005
 3.763000e+002  1.422935e-005
 3.769187e+002  1.318210e-005
 3.775375e+002  1.250999e-005
 3.781562e+002  1.383564e-005
 3.787750e+002  1.487162e-005
 3.793937e+002  1.474946e-005
 3.800125e+002  1.455073e-005
 3.806312e+002  1.523752e-005
 3.812500e+002  1.497029e-005
 3.818687e+002  1.557493e-005
 3.824875e+002  1.454673e-005
 3.831062e+002  1.514456e-005
 3.837250e+002  1.486759e-005
 3.843437e+002  1.431072e-005
 3.849625e+002  1.380406e-005
 3.855812e+002  1.430327e-005
 3.862000e+002  1.219112e-005
 3.868187e+002  1.301568e-005
 3.874375e+002  1.376041e-005
 3.880562e+002  1.272259e-005
 3.886750e+002  1.219885e-005
 3.892937e+002  1.450168e-005
 3.899125e+002  1.557676e-005
 3.905312e+002  1.265635e-005
 3.911500e+002  1.234176e-005
 3.917687e+002  1.196923e-005
 3.923875e+002  1.147407e-005
 3.930062e+002  1.161181e-005
 3.936250e+002  1.240170e-005
 3.942437e+002  1.376116e-005
 3.948625e+002  1.458014e-005
 3.954812e+002  1.488846e-005
 3.961000e+002  1.519737e-005
 3.967187e+002  1.451504e-005
 3.973375e+002  1.414743e-005
 3.979562e+002  1.408037e-005
 3.985750e+002  1.406774e-005
 3.991937e+002  1.538564e-005
 3.998125e+002  2.127365e-005
 4.004312e+002  1.819554e-005
 4.010500e+002  1.468899e-005
 4.016687e+002  1.270117e-005
 4.022875e+002  1.376270e-005
 4.029062e+002  1.491319e-005
 4.035250e+002  1.327964e-005
 4.041437e+002  1.285826e-005
 4.047625e+002  1.420942e-005
 4.053812e+002  1.467888e-005
 4.060000e+002  1.355132e-005
 4.066187e+002  1.334028e-005
 4.072375e+002  1.450129e-005
 4.078562e+002  1.350527e-005
 4.084750e+002  1.425039e-005
 4.090937e+002  1.342899e-005
 4.097125e+002  1.226119e-005
 4.103312e+002  1.407740e-005
 4.109500e+002  1.391648e-005
 4.115687e+002  1.346936e-005
 4.121875e+002  1.366761e-005
 4.128062e+002  1.354780e-005
 4.134250e+002  1.374043e-005
 4.140437e+002  1.436986e-005
 4.146625e+002  1.398461e-005
 4.152812e+002  1.259453e-005
 4.159000e+002  1.367997e-005
 4.165187e+002  1.533832e-005
 4.171375e+002  1.500270e-005
 4.177562e+002  1.311886e-005
 4.183750e+002  1.349538e-005
 4.189937e+002  1.341380e-005
 4.196125e+002  2.652541e-005
 4.202312e+002  4.108773e-005
 4.208500e+002  2.055594e-005
 4.214687e+002  1.108392e-005
 4.220875e+002  1.228413e-005
 4.227062e+002  1.558209e-005
 4.233250e+002  1.409819e-005
 4.239437e+002  1.360822e-005
 4.245625e+002  1.421875e-005
 4.251812e+002  1.474978e-005
 4.258000e+002  1.348342e-005
 4.264187e+002  1.296711e-005
 4.270375e+002  1.443924e-005
 4.276562e+002  1.399331e-005
 4.282750e+002  1.296739e-005
 4.288937e+002  1.293813e-005
 4.295125e+002  1.340134e-005
 4.301312e+002  1.419195e-005
 4.307500e+002  1.374865e-005
 4.313687e+002  1.353896e-005
 4.319875e+002  1.329155e-005
 4.326062e+002  1.298325e-005
 4.332250e+002  1.349333e-005
 4.338437e+002  1.366275e-005
 4.344625e+002  1.505055e-005
 4.350812e+002  1.514946e-005
 4.357000e+002  1.351154e-005
 4.363187e+002  1.107609e-005
 4.369375e+002  1.338105e-005
 4.375562e+002  1.557296e-005
 4.381750e+002  1.568541e-005
 4.387937e+002  1.344420e-005
 4.394125e+002  1.279470e-005
 4.400312e+002  1.196863e-005
 4.406500e+002  1.230117e-005
 4.412687e+002  1.435652e-005
 4.418875e+002  1.418867e-005
 4.425062e+002  1.362057e-005
 4.431250e+002  1.316065e-005
 4.437437e+002  1.333995e-005
 4.443625e+002  1.378598e-005
 4.449812e+002  1.383426e-005
 4.456000e+002  1.278700e-005
 4.462187e+002  1.240068e-005
 4.468375e+002  1.284323e-005
 4.474562e+002  1.442853e-005
 4.480750e+002  1.380177e-005
 4.486937e+002  1.370188e-005
 4.493125e+002  2.313248e-005
 4.499312e+002  4.015161e-005
 4.505500e+002  2.414306e-005
 4.511687e+002  1.501421e-005
 4.517875e+002  1.492289e-005
 4.524062e+002  1.322012e-005
 4.530250e+002  1.406839e-005
 4.536437e+002  1.414677e-005
 4.542625e+002  1.337186e-005
 4.548812e+002  1.363275e-005
 4.555000e+002  1.221856e-005
 4.561187e+002  1.327434e-005
 4.567375e+002  1.310350e-005
 4.573562e+002  1.277954e-005
 4.579750e+002  1.418809e-005
 4.585937e+002  1.553178e-005
 4.592125e+002  1.476750e-005
 4.598312e+002  1.160329e-005
 4.604500e+002  1.293899e-005
 4.610687e+002  1.417085e-005
 4.616875e+002  1.226807e-005
 4.623062e+002  1.309296e-005
 4.629250e+002  1.289762e-005
 4.635437e+002  1.243508e-005
 4.641625e+002  1.264421e-005
 4.647812e+002  1.239861e-005
 4.654000e+002  1.351772e-005
 4.660187e+002  1.376312e-005
 4.666375e+002  1.290792e-005
 4.672562e+002  1.520111e-005
 4.678750e+002  1.452994e-005
 4.684937e+002  1.255932e-005
 4.691125e+002  1.251925e-005
 4.697312e+002  1.204253e-005
 4.703500e+002  1.427350e-005
 4.709687e+002  1.236516e-005
 4.715875e+002  1.286071e-005
 4.722062e+002  1.440460e-005
 4.728250e+002  1.483899e-005
 4.734437e+002  1.423360e-005
 4.740625e+002  1.403176e-005
 4.746812e+002  1.396902e-005
 4.753000e+002  1.204354e-005
 4.759187e+002  1.283061e-005
 4.765375e+002  1.412237e-005
 4.771562e+002  1.376406e-005
 4.777750e+002  1.251636e-005
 4.783937e+002  1.341706e-005
 4.790125e+002  1.265570e-005
 4.796312e+002  2.359663e-005
 4.802500e+002  3.747399e-005
 4.808687e+002  2.083753e-005
 4.814875e+002  1.481923e-005
 4.821062e+002  1.570613e-005
 4.827250e+002  1.394879e-005
 4.833437e+002  1.360168e-005
 4.839625e+002  1.455250e-005
 4.845812e+002  1.519027e-005
 4.852000e+002  1.329705e-005
 4.858187e+002  1.315776e-005
 4.864375e+002  1.236188e-005
 4.870562e+002  1.164355e-005
 4.876750e+002  1.290355e-005
 4.882937e+002  1.351606e-005
 4.889125e+002  1.434249e-005
 4.895312e+002  1.488574e-005
 4.901500e+002  1.463792e-005
 4.907687e+002  1.457691e-005
 4.913875e+002  1.198641e-005
 4.920062e+002  1.303932e-005
 4.926250e+002  1.256582e-005
 4.932437e+002  1.139119e-005
 4.938625e+002  1.179816e-005
 4.944812e+002  1.465879e-005
 4.951000e+002  1.446159e-005
 4.957187e+002  1.397914e-005
 4.963375e+002  1.298405e-005
 4.969562e+002  1.233546e-005
 4.975750e+002  1.317051e-005
 4.981937e+002  1.375041e-005
 4.988125e+002  1.350459e-005
 4.994312e+002  1.357367e-005
 5.000500e+002  1.295757e-005
 5.006687e+002  1.315808e-005
 5.012875e+002  1.509462e-005
 5.019062e+002  1.465302e-005
 5.025250e+002  1.335186e-005
 5.031437e+002  1.386943e-005
 5.037625e+002  1.372507e-005
 5.043812e+002  1.275774e-005
 5.050000e+002  1.212010e-005
 5.056187e+002  1.224724e-005
 5.062375e+002  1.285472e-005
 5.068562e+002  1.253798e-005
 5.074750e+002  1.355435e-005
 5.080937e+002  1.331670e-005
 5.087125e+002  1.341107e-005
 5.093312e+002  1.248034e-005
 5.099500e+002  1.268689e-005
 5.105687e+002  1.390888e-005
 5.111875e+002  1.299726e-005
 5.118062e+002  1.288393e-005
 5.124250e+002  1.341511e-005
 5.130437e+002  1.320517e-005
 5.136625e+002  1.300598e-005
 5.142812e+002  1.301809e-005
 5.149000e+002  1.426842e-005
 5.155187e+002  1.230272e-005
 5.161375e+002  1.195793e-005
 5.167562e+002  1.398655e-005
 5.173750e+002  1.315206e-005
 5.179937e+002  1.232976e-005
 5.186125e+002  1.194268e-005
 5.192312e+002  1.251561e-005
 5.198500e+002  1.375339e-005
 5.204687e+002  1.197469e-005
 5.210875e+002  1.190654e-005
 5.217062e+002  1.413858e-005
 5.223250e+002  1.359093e-005
 5.229437e+002  1.218350e-005
 5.235625e+002  1.242320e-005
 5.241812e+002  1.415342e-005
 5.248000e+002  1.219006e-005
 5.254187e+002  1.374254e-005
 5.260375e+002  1.393641e-005
 5.266562e+002  1.260448e-005
 5.272750e+002  1.232749e-005
 5.278937e+002  1.312805e-005
 5.285125e+002  1.183374e-005
 5.291312e+002  1.179135e-005
 5.297500e+002  1.198762e-005
 5.303687e+002  1.249915e-005
 5.309875e+002  1.249772e-005
 5.316062e+002  1.524524e-005
 5.322250e+002  1.409799e-005
 5.328437e+002  1.333659e-005
 5.334625e+002  1.235632e-005
 5.340812e+002  1.234761e-005
 5.347000e+002  1.196842e-005
 5.353187e+002  1.246247e-005
 5.359375e+002  1.429125e-005
 5.365562e+002  1.298234e-005
 5.371750e+002  1.251130e-005
 5.377937e+002  1.290999e-005
 5.384125e+002  1.313070e-005
 5.390312e+002  1.355126e-005
 5.396500e+002  2.292408e-005
 5.402687e+002  3.775547e-005
 5.408875e+002  1.924498e-005
 5.415062e+002  1.254637e-005
 5.421250e+002  1.253265e-005
 5.427437e+002  1.329939e-005
 5.433625e+002  1.377636e-005
 5.439812e+002  1.250222e-005
 5.446000e+002  1.201427e-005
 5.452187e+002  1.207703e-005
 5.458375e+002  1.198636e-005
 5.464562e+002  1.332668e-005
 5.470750e+002  1.469224e-005
 5.476937e+002  1.572205e-005
 5.483125e+002  1.362152e-005
 5.489312e+002  2.232206e-005
 5.495500e+002  9.650102e-005
 5.501687e+002  1.104984e-004
 5.507875e+002  3.424003e-005
 5.514062e+002  1.384090e-005
 5.520250e+002  1.291635e-005
 5.526437e+002  1.313861e-005
 5.532625e+002  1.343825e-005
 5.538812e+002  1.243255e-005
 5.545000e+002  1.241767e-005
 5.551187e+002  1.264428e-005
 5.557375e+002  1.254457e-005
 5.563562e+002  1.312423e-005
 5.569750e+002  1.280711e-005
 5.575937e+002  1.435054e-005
 5.582125e+002  1.333880e-005
 5.588312e+002  1.182454e-005
 5.594500e+002  1.092846e-005
 5.600687e+002  1.184480e-005
 5.606875e+002  1.146840e-005
 5.613062e+002  1.212340e-005
 5.619250e+002  1.379664e-005
 5.625437e+002  1.493282e-005
 5.631625e+002  1.338507e-005
 5.637812e+002  1.351352e-005
 5.644000e+002  1.296444e-005
 5.650187e+002  1.312318e-005
 5.656375e+002  1.605311e-005
 5.662562e+002  1.556972e-005
 5.668750e+002  1.446171e-005
 5.674937e+002  1.390276e-005
 5.681125e+002  1.483591e-005
 5.687312e+002  1.457680e-005
 5.693500e+002  1.285120e-005
 5.699687e+002  1.250839e-005
 5.705875e+002  1.249320e-005
 5.712062e+002  1.210150e-005
 5.718250e+002  1.247711e-005
 5.724437e+002  1.371331e-005
 5.730625e+002  1.355646e-005
 5.736812e+002  1.299320e-005
 5.743000e+002  1.301679e-005
 5.749187e+002  1.285925e-005
 5.755375e+002  1.267386e-005
 5.761562e+002  1.190657e-005
 5.767750e+002  1.315797e-005
 5.773937e+002  1.221932e-005
 5.780125e+002  1.274621e-005
 5.786312e+002  1.217702e-005
 5.792500e+002  1.430834e-005
 5.798687e+002  1.303950e-005
 5.804875e+002  1.268032e-005
 5.811062e+002  1.222278e-005
 5.817250e+002  1.094909e-005
 5.823437e+002  1.210732e-005
 5.829625e+002  1.349915e-005
 5.835812e+002  1.413007e-005
 5.842000e+002  1.216903e-005
 5.848187e+002  1.238969e-005
 5.854375e+002  1.451462e-005
 5.860562e+002  1.386199e-005
 5.866750e+002  1.371308e-005
 5.872937e+002  1.318154e-005
 5.879125e+002  1.281237e-005
 5.885312e+002  1.253933e-005
 5.891500e+002  1.328387e-005
 5.897687e+002  1.391272e-005
 5.903875e+002  1.318763e-005
 5.910062e+002  1.306342e-005
 5.916250e+002  1.377112e-005
 5.922437e+002  1.362792e-005
 5.928625e+002  1.277674e-005
 5.934812e+002  1.325480e-005
 5.941000e+002  1.296130e-005
 5.947187e+002  1.349682e-005
 5.953375e+002  1.444595e-005
 5.959562e+002  1.607888e-005
 5.965750e+002  1.414109e-005
 5.971937e+002  1.428240e-005
 5.978125e+002  1.242744e-005
 5.984312e+002  1.259029e-005
 5.990500e+002  1.233548e-005
 5.996687e+002  2.385467e-005
 6.002875e+002  3.734102e-005
 6.009062e+002  2.067889e-005
 6.015250e+002  1.285646e-005
 6.021437e+002  1.229164e-005
 6.027625e+002  1.274917e-005
 6.033812e+002  1.114127e-005
 6.040000e+002  1.290601e-005
 6.046187e+002  1.417368e-005
 6.052375e+002  1.352992e-005
 6.058562e+002  1.296330e-005
 6.064750e+002  1.108970e-005
 6.070937e+002  1.242205e-005
 6.077125e+002  1.394135e-005
 6.083312e+002  1.301125e-005
 6.089500e+002  1.231470e-005
 6.095687e+002  1.349809e-005
 6.101875e+002  1.251361e-005
 6.108062e+002  1.322949e-005
 6.114250e+002  1.325178e-005
 6.120437e+002  1.146164e-005
 6.126625e+002  1.286134e-005
 6.132812e+002  1.412274e-005
 6.139000e+002  1.404269e-005
 6.145187e+002  1.353008e-005
 6.151375e+002  1.347174e-005
 6.157562e+002  1.357203e-005
 6.163750e+002  1.297198e-005
 6.169937e+002  1.273416e-005
 6.176125e+002  1.230043e-005
 6.182312e+002  1.243403e-005
 6.188500e+002  1.211741e-005
 6.194687e+002  1.234313e-005
 6.200875e+002  1.203203e-005
 6.207062e+002  1.223950e-005
 6.213250e+002  1.380328e-005
 6.219437e+002  1.291031e-005
 6.225625e+002  1.234068e-005
 6.231812e+002  1.357859e-005
 6.238000e+002  1.280348e-005
 6.244187e+002  1.273440e-005
 6.250375e+002  1.254288e-005
 6.256562e+002  1.319453e-005
 6.262750e+002  1.356515e-005
 6.268937e+002  1.295857e-005
 6.275125e+002  1.254259e-005
 6.281312e+002  1.286989e-005
 6.287500e+002  1.319144e-005
 6.293687e+002  1.390181e-005
 6.299875e+002  1.408728e-005
 6.306062e+002  1.260717e-005
 6.312250e+002  1.267744e-005
 6.318437e+002  1.306535e-005
 6.324625e+002  1.373430e-005
 6.330812e+002  1.322316e-005
 6.337000e+002  1.372217e-005
 6.343187e+002  1.259429e-005
 6.349375e+002  1.303796e-005
 6.355562e+002  1.367559e-005
 6.361750e+002  1.379662e-005
 6.367937e+002  1.289844e-005
 6.374125e+002  1.244116e-005
 6.380312e+002  1.241773e-005
 6.386500e+002  1.232396e-005
 6.392687e+002  1.289866e-005
 6.398875e+002  1.181856e-005
 6.405062e+002  1.141048e-005
 6.411250e+002  1.347259e-005
 6.417437e+002  1.305674e-005
 6.423625e+002  1.300051e-005
 6.429812e+002  1.409410e-005
 6.436000e+002  1.321958e-005
 6.442187e+002  1.239304e-005
 6.448375e+002  1.373477e-005
 6.454562e+002  1.439376e-005
 6.460750e+002  1.310406e-005
 6.466937e+002  1.171618e-005
 6.473125e+002  1.102433e-005
 6.479312e+002  1.119348e-005
 6.485500e+002  1.286407e-005
 6.491687e+002  1.820559e-005
 6.497875e+002  3.410077e-005
 6.504062e+002  2.484983e-005
 6.510250e+002  1.210795e-005
 6.516437e+002  1.263850e-005
 6.522625e+002  1.286254e-005
 6.528812e+002  1.193451e-005
 6.535000e+002  1.152385e-005
 6.541187e+002  1.306893e-005
 6.547375e+002  1.344715e-005
 6.553562e+002  1.385083e-005
 6.559750e+002  1.288686e-005
 6.565937e+002  1.334188e-005
 6.572125e+002  1.278920e-005
 6.578312e+002  1.248228e-005
 6.584500e+002  1.248393e-005
 6.590687e+002  1.206290e-005
 6.596875e+002  2.220369e-005
 6.603062e+002  3.513195e-005
 6.609250e+002  1.741030e-005
 6.615437e+002  1.245022e-005
 6.621625e+002  1.182203e-005
 6.627812e+002  1.178528e-005
 6.634000e+002  1.245017e-005
 6.640187e+002  1.365369e-005
 6.646375e+002  1.353019e-005
 6.652562e+002  1.301326e-005
 6.658750e+002  1.445206e-005
 6.664937e+002  1.415386e-005
 6.671125e+002  1.437629e-005
 6.677312e+002  1.392108e-005
 6.683500e+002  1.304565e-005
 6.689687e+002  1.152083e-005
 6.695875e+002  1.208705e-005
 6.702062e+002  1.176886e-005
 6.708250e+002  1.311959e-005
 6.714437e+002  1.279534e-005
 6.720625e+002  1.172600e-005
 6.726812e+002  1.127938e-005
 6.733000e+002  1.108903e-005
 6.739187e+002  1.208932e-005
 6.745375e+002  1.232376e-005
 6.751562e+002  1.239582e-005
 6.757750e+002  1.318296e-005
 6.763937e+002  1.265874e-005
 6.770125e+002  1.066383e-005
 6.776312e+002  1.124236e-005
 6.782500e+002  1.273386e-005
 6.788687e+002  1.252645e-005
 6.794875e+002  1.248286e-005
 6.801062e+002  1.143932e-005
 6.807250e+002  1.208352e-005
 6.813437e+002  1.365820e-005
 6.819625e+002  1.402365e-005
 6.825812e+002  1.226891e-005
 6.832000e+002  1.237998e-005
 6.838187e+002  1.351754e-005
 6.844375e+002  1.531438e-005
 6.850562e+002  1.444710e-005
 6.856750e+002  1.127338e-005
 6.862937e+002  1.273362e-005
 6.869125e+002  1.332857e-005
 6.875312e+002  1.268024e-005
 6.881500e+002  1.391321e-005
 6.887687e+002  1.326736e-005
 6.893875e+002  1.123853e-005
 6.900062e+002  1.168075e-005
 6.906250e+002  1.303291e-005
 6.912437e+002  1.251978e-005
 6.918625e+002  1.140260e-005
 6.924812e+002  1.165221e-005
 6.931000e+002  1.219317e-005
 6.937187e+002  1.254595e-005
 6.943375e+002  1.127042e-005
 6.949562e+002  1.207958e-005
 6.955750e+002  1.393017e-005
 6.961937e+002  1.414023e-005
 6.968125e+002  1.419248e-005
 6.974312e+002  1.309709e-005
 6.980500e+002  1.308935e-005
 6.986687e+002  1.291297e-005
 6.992875e+002  1.178901e-005
 6.999062e+002  1.244439e-005
 7.005250e+002  1.167080e-005
 7.011437e+002  1.267807e-005
 7.017625e+002  1.332628e-005
 7.023812e+002  1.267629e-005
 7.030000e+002  1.303847e-005
 7.036187e+002  1.413129e-005
 7.042375e+002  1.282259e-005
 7.048562e+002  1.339779e-005
 7.054750e+002  1.263749e-005
 7.060937e+002  1.203595e-005
 7.067125e+002  1.217249e-005
 7.073312e+002  1.183983e-005
 7.079500e+002  1.179392e-005
 7.085687e+002  1.276517e-005
 7.091875e+002  1.250800e-005
 7.098062e+002  1.269204e-005
 7.104250e+002  1.359015e-005
 7.110437e+002  1.187496e-005
 7.116625e+002  1.024751e-005
 7.122812e+002  1.216460e-005
 7.129000e+002  1.304656e-005
 7.135187e+002  1.246173e-005
 7.141375e+002  1.395562e-005
 7.147562e+002  1.256837e-005
 7.153750e+002  1.304200e-005
 7.159937e+002  1.235542e-005
 7.166125e+002  1.251048e-005
 7.172312e+002  1.295011e-005
 7.178500e+002  1.256300e-005
 7.184687e+002  1.187122e-005
 7.190875e+002  1.104200e-005
 7.197062e+002  2.032618e-005
 7.203250e+002  3.445129e-005
 7.209437e+002  1.957474e-005
 7.215625e+002  1.345832e-005
 7.221812e+002  1.385927e-005
 7.228000e+002  1.422563e-005
 7.234187e+002  1.331187e-005
 7.240375e+002  1.317298e-005
 7.246562e+002  1.198302e-005
 7.252750e+002  1.157781e-005
 7.258937e+002  1.257184e-005
 7.265125e+002  1.277138e-005
 7.271312e+002  1.357116e-005
 7.277500e+002  1.351208e-005
 7.283687e+002  1.336818e-005
 7.289875e+002  1.198230e-005
 7.296062e+002  1.200096e-005
 7.302250e+002  1.302855e-005
 7.308437e+002  1.262553e-005
 7.314625e+002  1.239865e-005
 7.320812e+002  1.239109e-005
 7.327000e+002  1.301246e-005
 7.333187e+002  1.231304e-005
 7.339375e+002  1.377804e-005
 7.345562e+002  1.335827e-005
 7.351750e+002  1.241452e-005
 7.357937e+002  1.250625e-005
 7.364125e+002  1.194995e-005
 7.370312e+002  1.344088e-005
 7.376500e+002  1.391008e-005
 7.382687e+002  1.356908e-005
 7.388875e+002  1.293584e-005
 7.395062e+002  1.278717e-005
 7.401250e+002  1.250737e-005
 7.407437e+002  1.305376e-005
 7.413625e+002  1.285761e-005
 7.419812e+002  1.302914e-005
 7.426000e+002  1.093406e-005
 7.432187e+002  1.171188e-005
 7.438375e+002  1.179930e-005
 7.444562e+002  1.322909e-005
 7.450750e+002  1.162713e-005
 7.456937e+002  1.119380e-005
 7.463125e+002  1.320555e-005
 7.469312e+002  1.280870e-005
 7.475500e+002  1.189945e-005
 7.481687e+002  1.226446e-005
 7.487875e+002  1.481408e-005
 7.494062e+002  7.353366e-005
 7.500250e+002  1.031784e-004
 7.506437e+002  4.374995e-005
 7.512625e+002  1.237311e-005
 7.518812e+002  1.320583e-005
 7.525000e+002  1.335846e-005
 7.531187e+002  1.202006e-005
 7.537375e+002  1.315716e-005
 7.543562e+002  1.427618e-005
 7.549750e+002  1.258200e-005
 7.555937e+002  1.255107e-005
 7.562125e+002  1.350783e-005
 7.568312e+002  1.174433e-005
 7.574500e+002  1.210983e-005
 7.580687e+002  1.399336e-005
 7.586875e+002  1.567773e-005
 7.593062e+002  1.555410e-005
 7.599250e+002  1.297150e-005
 7.605437e+002  1.251735e-005
 7.611625e+002  1.309378e-005
 7.617812e+002  1.362744e-005
 7.624000e+002  1.379228e-005
 7.630187e+002  1.292967e-005
 7.636375e+002  1.253128e-005
 7.642562e+002  1.253898e-005
 7.648750e+002  1.237166e-005
 7.654937e+002  1.277100e-005
 7.661125e+002  1.208305e-005
 7.667312e+002  1.319999e-005
 7.673500e+002  1.445625e-005
 7.679687e+002  1.378686e-005
 7.685875e+002  1.131499e-005
 7.692062e+002  1.065886e-005
 7.698250e+002  1.240010e-005
 7.704437e+002  1.382005e-005
 7.710625e+002  1.340628e-005
 7.716812e+002  1.248004e-005
 7.723000e+002  1.387812e-005
 7.729187e+002  1.311826e-005
 7.735375e+002  1.266607e-005
 7.741562e+002  1.291973e-005
 7.747750e+002  1.297201e-005
 7.753937e+002  1.231590e-005
 7.760125e+002  1.210282e-005
 7.766312e+002  1.232923e-005
 7.772500e+002  1.255436e-005
 7.778687e+002  1.244965e-005
 7.784875e+002  1.100322e-005
 7.791062e+002  1.117323e-005
 7.797250e+002  1.877383e-005
 7.803437e+002  3.348394e-005
 7.809625e+002  1.938847e-005
 7.815812e+002  1.149083e-005
 7.822000e+002  1.184547e-005
 7.828187e+002  1.217954e-005
 7.834375e+002  1.266337e-005
 7.840562e+002  1.132538e-005
 7.846750e+002  1.232216e-005
 7.852937e+002  1.222677e-005
 7.859125e+002  1.323639e-005
 7.865312e+002  1.232198e-005
 7.871500e+002  1.247825e-005
 7.877687e+002  1.236940e-005
 7.883875e+002  1.154975e-005
 7.890062e+002  1.281733e-005
 7.896250e+002  1.330455e-005
 7.902437e+002  1.226570e-005
 7.908625e+002  1.330111e-005
 7.914812e+002  1.344927e-005
 7.921000e+002  1.269130e-005
 7.927187e+002  1.260098e-005
 7.933375e+002  1.353209e-005
 7.939562e+002  1.200626e-005
 7.945750e+002  1.204015e-005
 7.951937e+002  1.121025e-005
 7.958125e+002  1.258972e-005
 7.964312e+002  1.436780e-005
 7.970500e+002  1.241749e-005
 7.976687e+002  1.066947e-005
 7.982875e+002  1.199041e-005
 7.989062e+002  1.128699e-005
 7.995250e+002  1.204673e-005
 8.001437e+002  1.366614e-005
 8.007625e+002  1.276905e-005
 8.013812e+002  1.452818e-005
 8.020000e+002  1.422461e-005
 8.026187e+002  1.263846e-005
 8.032375e+002  1.280583e-005
 8.038562e+002  1.118176e-005
 8.044750e+002  1.076441e-005
 8.050937e+002  1.210721e-005
 8.057125e+002  1.287790e-005
 8.063312e+002  1.430185e-005
 8.069500e+002  1.529989e-005
 8.075687e+002  1.394628e-005
 8.081875e+002  1.250468e-005
 8.088062e+002  1.355268e-005
 8.094250e+002  1.335984e-005
 8.100437e+002  1.192531e-005
 8.106625e+002  1.184364e-005
 8.112812e+002  1.300245e-005
 8.119000e+002  1.224981e-005
 8.125187e+002  1.180392e-005
 8.131375e+002  1.240693e-005
 8.137562e+002  1.293814e-005
 8.143750e+002  1.137851e-005
 8.149937e+002  1.051550e-005
 8.156125e+002  1.038134e-005
 8.162312e+002  1.193389e-005
 8.168500e+002  1.409289e-005
 8.174687e+002  1.285122e-005
 8.180875e+002  1.274522e-005
 8.187062e+002  1.101616e-005
 8.193250e+002  1.186840e-005
 8.199437e+002  1.214074e-005
 8.205625e+002  1.305681e-005
 8.211812e+002  1.220140e-005
 8.218000e+002  1.192719e-005
 8.224187e+002  1.131142e-005
 8.230375e+002  1.241476e-005
 8.236562e+002  1.321227e-005
 8.242750e+002  1.379595e-005
 8.248937e+002  1.266247e-005
 8.255125e+002  1.242502e-005
 8.261312e+002  1.234589e-005
 8.267500e+002  1.227199e-005
 8.273687e+002  1.397109e-005
 8.279875e+002  1.447279e-005
 8.286062e+002  1.334836e-005
 8.292250e+002  1.402007e-005
 8.298437e+002  1.277684e-005
 8.304625e+002  1.256741e-005
 8.310812e+002  1.248274e-005
 8.317000e+002  1.152060e-005
 8.323187e+002  1.332838e-005
 8.329375e+002  1.260432e-005
 8.335562e+002  1.143307e-005
 8.341750e+002  1.056687e-005
 8.347937e+002  1.281651e-005
 8.354125e+002  1.366164e-005
 8.360312e+002  1.394194e-005
 8.366500e+002  1.381187e-005
 8.372687e+002  1.213606e-005
 8.378875e+002  1.152584e-005
 8.385062e+002  1.246029e-005
 8.391250e+002  1.176126e-005
 8.397437e+002  2.045181e-005
 8.403625e+002  3.542406e-005
 8.409812e+002  2.038306e-005
 8.416000e+002  1.306318e-005
 8.422187e+002  1.350585e-005
 8.428375e+002  1.369075e-005
 8.434562e+002  1.250167e-005
 8.440750e+002  1.246129e-005
 8.446937e+002  1.230453e-005
 8.453125e+002  1.196411e-005
 8.459312e+002  1.247490e-005
 8.465500e+002  1.321696e-005
 8.471687e+002  1.385281e-005
 8.477875e+002  1.345751e-005
 8.484062e+002  1.256712e-005
 8.490250e+002  1.588103e-005
 8.496437e+002  2.949092e-005
 8.502625e+002  2.742531e-005
 8.508812e+002  1.404934e-005
 8.515000e+002  1.337496e-005
 8.521187e+002  1.217533e-005
 8.527375e+002  1.270484e-005
 8.533562e+002  1.192061e-005
 8.539750e+002  1.154027e-005
 8.545937e+002  1.381991e-005
 8.552125e+002  1.364540e-005
 8.558312e+002  1.276956e-005
 8.564500e+002  1.215675e-005
 8.570687e+002  1.099419e-005
 8.576875e+002  1.148040e-005
 8.583062e+002  1.260247e-005
 8.589250e+002  1.234027e-005
 8.595437e+002  1.237166e-005
 8.601625e+002  1.256895e-005
 8.607812e+002  1.199333e-005
 8.614000e+002  1.161947e-005
 8.620187e+002  1.098278e-005
 8.626375e+002  1.077550e-005
 8.632562e+002  1.187395e-005
 8.638750e+002  1.296105e-005
 8.644937e+002  1.242258e-005
 8.651125e+002  1.124207e-005
 8.657312e+002  1.139605e-005
 8.663500e+002  1.077951e-005
 8.669687e+002  1.202065e-005
 8.675875e+002  1.219252e-005
 8.682062e+002  1.211220e-005
 8.688250e+002  1.042861e-005
 8.694437e+002  1.161004e-005
 8.700625e+002  1.228914e-005
 8.706812e+002  1.335587e-005
 8.713000e+002  1.293095e-005
 8.719187e+002  1.246397e-005
 8.725375e+002  1.289150e-005
 8.731562e+002  1.264672e-005
 8.737750e+002  1.198668e-005
 8.743937e+002  1.185735e-005
 8.750125e+002  1.172724e-005
 8.756312e+002  1.336060e-005
 8.762500e+002  1.350023e-005
 8.768687e+002  1.284304e-005
 8.774875e+002  1.315969e-005
 8.781062e+002  1.194496e-005
 8.787250e+002  1.195755e-005
 8.793437e+002  1.101672e-005
 8.799625e+002  1.195404e-005
 8.805812e+002  1.321245e-005
 8.812000e+002  1.243524e-005
 8.818187e+002  1.277058e-005
 8.824375e+002  1.259189e-005
 8.830562e+002  1.249705e-005
 8.836750e+002  1.305104e-005
 8.842937e+002  1.339036e-005
 8.849125e+002  1.379244e-005
 8.855312e+002  1.183284e-005
 8.861500e+002  1.117179e-005
 8.867687e+002  1.230907e-005
 8.873875e+002  1.229610e-005
 8.880062e+002  1.189292e-005
 8.886250e+002  1.151386e-005
 8.892437e+002  1.151578e-005
 8.898625e+002  1.245710e-005
 8.904812e+002  1.258813e-005
 8.911000e+002  1.316830e-005
 8.917187e+002  1.283414e-005
 8.923375e+002  1.241564e-005
 8.929562e+002  1.082988e-005
 8.935750e+002  1.155872e-005
 8.941937e+002  1.183768e-005
 8.948125e+002  1.371756e-005
 8.954312e+002  1.373253e-005
 8.960500e+002  1.293437e-005
 8.966687e+002  1.191945e-005
 8.972875e+002  1.196785e-005
 8.979062e+002  1.314681e-005
 8.985250e+002  1.436579e-005
 8.991437e+002  1.265902e-005
 8.997625e+002  2.016706e-005
 9.003812e+002  3.129523e-005
 9.010000e+002  1.868217e-005
 9.016187e+002  1.204454e-005
 9.022375e+002  1.143590e-005
 9.028562e+002  1.201730e-005
 9.034750e+002  1.332500e-005
 9.040937e+002  1.243309e-005
 9.047125e+002  1.079744e-005
 9.053312e+002  1.083060e-005
 9.059500e+002  1.200794e-005
 9.065687e+002  1.316229e-005
 9.071875e+002  1.345711e-005
 9.078062e+002  1.278635e-005
 9.084250e+002  1.301543e-005
 9.090437e+002  1.245737e-005
 9.096625e+002  1.344010e-005
 9.102812e+002  1.332952e-005
 9.109000e+002  1.201526e-005
 9.115187e+002  1.326672e-005
 9.121375e+002  1.266482e-005
 9.127562e+002  1.060316e-005
 9.133750e+002  1.208888e-005
 9.139937e+002  1.355386e-005
 9.146125e+002  1.378214e-005
 9.152312e+002  1.262808e-005
 9.158500e+002  1.053715e-005
 9.164687e+002  1.142456e-005
 9.170875e+002  1.189297e-005
 9.177062e+002  1.229534e-005
 9.183250e+002  1.189066e-005
 9.189437e+002  1.177520e-005
 9.195625e+002  1.356547e-005
 9.201812e+002  1.272327e-005
 9.208000e+002  1.444828e-005
 9.214187e+002  1.334833e-005
 9.220375e+002  1.326780e-005
 9.226562e+002  1.424656e-005
 9.232750e+002  1.326596e-005
 9.238937e+002  1.286011e-005
 9.245125e+002  1.257750e-005
 9.251312e+002  1.217222e-005
 9.257500e+002  1.182284e-005
 9.263687e+002  1.227068e-005
 9.269875e+002  1.216835e-005
 9.276062e+002  1.388438e-005
 9.282250e+002  1.325811e-005
 9.288437e+002  1.275102e-005
 9.294625e+002  1.170941e-005
 9.300812e+002  1.145369e-005
 9.307000e+002  1.186553e-005
 9.313187e+002  1.315466e-005
 9.319375e+002  1.203152e-005
 9.325562e+002  1.258897e-005
 9.331750e+002  1.280476e-005
 9.337937e+002  1.408737e-005
 9.344125e+002  1.442210e-005
 9.350312e+002  1.258658e-005
 9.356500e+002  1.074324e-005
 9.362687e+002  1.223235e-005
 9.368875e+002  1.234201e-005
 9.375062e+002  1.331420e-005
 9.381250e+002  1.475489e-005
 9.387437e+002  1.355954e-005
 9.393625e+002  1.212344e-005
 9.399812e+002  1.246297e-005
 9.406000e+002  1.114394e-005
 9.412187e+002  1.140259e-005
 9.418375e+002  1.273707e-005
 9.424562e+002  1.226228e-005
 9.430750e+002  1.164822e-005
 9.436937e+002  1.099602e-005
 9.443125e+002  1.161541e-005
 9.449312e+002  1.179181e-005
 9.455500e+002  1.199088e-005
 9.461687e+002  1.142058e-005
 9.467875e+002  1.226880e-005
 9.474062e+002  1.236591e-005
 9.480250e+002  1.210190e-005
 9.486437e+002  1.348272e-005
 9.492625e+002  3.623412e-005
 9.498812e+002  5.602842e-005
 9.505000e+002  3.182347e-005
 9.511187e+002  1.186435e-005
 9.517375e+002  1.311081e-005
 9.523562e+002  1.348197e-005
 9.529750e+002  1.318483e-005
 9.535937e+002  1.427955e-005
 9.542125e+002  1.291129e-005
 9.548312e+002  1.258745e-005
 9.554500e+002  1.313817e-005
 9.560687e+002  1.197048e-005
 9.566875e+002  1.273235e-005
 9.573062e+002  1.311486e-005
 9.579250e+002  1.343132e-005
 9.585437e+002  1.184360e-005
 9.591625e+002  1.294667e-005
 9.597812e+002  2.150132e-005
 9.604000e+002  3.215381e-005
 9.610187e+002  1.871047e-005
 9.616375e+002  1.271581e-005
 9.622562e+002  1.255320e-005
 9.628750e+002  1.161284e-005
 9.634937e+002  1.236056e-005
 9.641125e+002  1.389648e-005
 9.647312e+002  1.259520e-005
 9.653500e+002  1.145684e-005
 9.659687e+002  1.148364e-005
 9.665875e+002  1.301542e-005
 9.672062e+002  1.282360e-005
 9.678250e+002  1.261255e-005
 9.684437e+002  1.362302e-005
 9.690625e+002  1.331551e-005
 9.696812e+002  1.259031e-005
 9.703000e+002  1.143007e-005
 9.709187e+002  1.198704e-005
 9.715375e+002  1.361260e-005
 9.721562e+002  1.170977e-005
 9.727750e+002  1.138528e-005
 9.733937e+002  1.259352e-005
 9.740125e+002  1.190083e-005
 9.746312e+002  1.203998e-005
 9.752500e+002  1.271948e-005
 9.758687e+002  1.237514e-005
 9.764875e+002  1.110798e-005
 9.771062e+002  1.159999e-005
 9.777250e+002  1.316109e-005
 9.783437e+002  1.285115e-005
 9.789625e+002  1.262212e-005
 9.795812e+002  1.132866e-005
 9.802000e+002  1.178030e-005
 9.808187e+002  1.341893e-005
 9.814375e+002  1.310481e-005
 9.820562e+002  1.342333e-005
 9.826750e+002  1.302069e-005
 9.832937e+002  1.288355e-005
 9.839125e+002  1.344571e-005
 9.845312e+002  1.349424e-005
 9.851500e+002  1.246252e-005
 9.857687e+002  1.312422e-005
 9.863875e+002  1.315283e-005
 9.870062e+002  1.168627e-005
 9.876250e+002  1.232542e-005
 9.882437e+002  1.325994e-005
 9.888625e+002  1.227161e-005
 9.894812e+002  1.203889e-005
 9.901000e+002  1.058312e-005
 9.907187e+002  1.070858e-005
 9.913375e+002  1.130064e-005
 9.919562e+002  1.211694e-005
 9.925750e+002  1.273973e-005
 9.931937e+002  1.273380e-005
 9.938125e+002  1.240415e-005
 9.944312e+002  1.205740e-005
 9.950500e+002  1.260824e-005
 9.956687e+002  1.249483e-005
 9.962875e+002  1.188174e-005
 9.969062e+002  1.273023e-005
 9.975250e+002  1.298538e-005
 9.981437e+002  1.155605e-005
 9.987625e+002  1.161735e-005
 9.993812e+002  1.199947e-005
 1.000000e+003  1.124808e-005
