 1.000000e-001  4.400088e-003
 1.247500e-001  3.819343e-003
 1.495000e-001  5.030389e-003
 1.742500e-001  5.719296e-003
 1.990000e-001  4.458506e-003
 2.237500e-001  3.692142e-003
 2.485000e-001  2.096995e-003
 2.732500e-001  2.094256e-003
 2.980000e-001  2.895395e-003
 3.227500e-001  1.588640e-003
 3.475000e-001  2.380809e-003
 3.722500e-001  3.329300e-003
 3.970000e-001  3.665428e-003
 4.217500e-001  2.781946e-003
 4.465000e-001  1.885143e-003
 4.712500e-001  1.614332e-003
 4.960000e-001  2.056766e-003
 5.207500e-001  1.624961e-003
 5.455000e-001  2.266038e-003
 5.702500e-001  2.483339e-003
 5.950000e-001  2.022231e-003
 6.197500e-001  1.582432e-003
 6.445000e-001  2.069185e-003
 6.692500e-001  1.378317e-003
 6.940000e-001  1.419776e-003
 7.187500e-001  1.417427e-003
 7.435000e-001  1.376368e-003
 7.682500e-001  1.604668e-003
 7.930000e-001  1.623631e-003
 8.177500e-001  1.751006e-003
 8.425000e-001  1.514827e-003
 8.672500e-001  9.755865e-004
 8.920000e-001  1.024295e-003
 9.167500e-001  9.934460e-004
 9.415000e-001  9.564463e-004
 9.662500e-001  1.341385e-003
 9.910000e-001  1.606347e-003
 1.015750e+000  1.045886e-003
 1.040500e+000  9.123760e-004
 1.065250e+000  1.223057e-003
 1.090000e+000  1.036718e-003
 1.114750e+000  1.144703e-003
 1.139500e+000  1.039026e-003
 1.164250e+000  8.098731e-004
 1.189000e+000  1.074016e-003
 1.213750e+000  1.220887e-003
 1.238500e+000  9.131275e-004
 1.263250e+000  9.228338e-004
 1.288000e+000  9.152072e-004
 1.312750e+000  1.141843e-003
 1.337500e+000  1.143517e-003
 1.362250e+000  9.222231e-004
 1.387000e+000  1.245706e-003
 1.411750e+000  1.237641e-003
 1.436500e+000  1.064741e-003
 1.461250e+000  1.065199e-003
 1.486000e+000  1.124789e-003
 1.510750e+000  9.536528e-004
 1.535500e+000  9.414903e-004
 1.560250e+000  1.041098e-003
 1.585000e+000  1.218591e-003
 1.609750e+000  1.335711e-003
 1.634500e+000  1.043792e-003
 1.659250e+000  9.915447e-004
 1.684000e+000  7.642334e-004
 1.708750e+000  1.080178e-003
 1.733500e+000  9.861458e-004
 1.758250e+000  5.736720e-004
 1.783000e+000  8.045429e-004
 1.807750e+000  1.117970e-003
 1.832500e+000  1.049333e-003
 1.857250e+000  8.296076e-004
 1.882000e+000  7.834868e-004
 1.906750e+000  6.379636e-004
 1.931500e+000  1.016940e-003
 1.956250e+000  9.694926e-004
 1.981000e+000  8.659521e-004
 2.005750e+000  9.884110e-004
 2.030500e+000  7.674920e-004
 2.055250e+000  3.712409e-004
 2.080000e+000  6.893771e-004
 2.104750e+000  7.014852e-004
 2.129500e+000  7.150399e-004
 2.154250e+000  9.768050e-004
 2.179000e+000  8.758068e-004
 2.203750e+000  9.361745e-004
 2.228500e+000  9.817806e-004
 2.253250e+000  7.802078e-004
 2.278000e+000  6.358649e-004
 2.302750e+000  8.053175e-004
 2.327500e+000  8.110062e-004
 2.352250e+000  7.019538e-004
 2.377000e+000  9.131434e-004
 2.401750e+000  1.098197e-003
 2.426500e+000  1.151202e-003
 2.451250e+000  8.607876e-004
 2.476000e+000  7.646924e-004
 2.500750e+000  6.240669e-004
 2.525500e+000  5.227587e-004
 2.550250e+000  5.893376e-004
 2.575000e+000  5.535970e-004
 2.599750e+000  6.453423e-004
 2.624500e+000  6.197740e-004
 2.649250e+000  7.640324e-004
 2.674000e+000  8.593163e-004
 2.698750e+000  6.546385e-004
 2.723500e+000  6.938408e-004
 2.748250e+000  7.196783e-004
 2.773000e+000  6.534704e-004
 2.797750e+000  6.478674e-004
 2.822500e+000  5.130149e-004
 2.847250e+000  5.220448e-004
 2.872000e+000  5.865070e-004
 2.896750e+000  4.157347e-004
 2.921500e+000  4.450616e-004
 2.946250e+000  4.584262e-004
 2.971000e+000  6.266516e-004
 2.995750e+000  6.519612e-004
 3.020500e+000  6.281797e-004
 3.045250e+000  5.366480e-004
 3.070000e+000  5.267843e-004
 3.094750e+000  7.498809e-004
 3.119500e+000  7.978781e-004
 3.144250e+000  5.821227e-004
 3.169000e+000  6.112068e-004
 3.193750e+000  5.547774e-004
 3.218500e+000  5.841061e-004
 3.243250e+000  5.814978e-004
 3.268000e+000  7.525509e-004
 3.292750e+000  7.658226e-004
 3.317500e+000  6.664860e-004
 3.342250e+000  7.120253e-004
 3.367000e+000  5.567249e-004
 3.391750e+000  3.334975e-004
 3.416500e+000  4.585348e-004
 3.441250e+000  6.298937e-004
 3.466000e+000  5.840162e-004
 3.490750e+000  4.496170e-004
 3.515500e+000  3.461954e-004
 3.540250e+000  6.095045e-004
 3.565000e+000  5.602872e-004
 3.589750e+000  3.792794e-004
 3.614500e+000  4.724457e-004
 3.639250e+000  6.391888e-004
 3.664000e+000  6.001118e-004
 3.688750e+000  4.915844e-004
 3.713500e+000  3.432543e-004
 3.738250e+000  5.551197e-004
 3.763000e+000  5.022261e-004
 3.787750e+000  4.325700e-004
 3.812500e+000  4.352927e-004
 3.837250e+000  3.767254e-004
 3.862000e+000  4.607907e-004
 3.886750e+000  5.632830e-004
 3.911500e+000  4.942132e-004
 3.936250e+000  6.025139e-004
 3.961000e+000  5.116365e-004
 3.985750e+000  3.817647e-004
 4.010500e+000  5.270421e-004
 4.035250e+000  5.128526e-004
 4.060000e+000  5.072850e-004
 4.084750e+000  6.093295e-004
 4.109500e+000  6.178780e-004
 4.134250e+000  7.161729e-004
 4.159000e+000  5.403275e-004
 4.183750e+000  4.487172e-004
 4.208500e+000  5.678510e-004
 4.233250e+000  5.360876e-004
 4.258000e+000  3.886342e-004
 4.282750e+000  3.755661e-004
 4.307500e+000  4.880583e-004
 4.332250e+000  5.771945e-004
 4.357000e+000  4.343900e-004
 4.381750e+000  4.749682e-004
 4.406500e+000  5.253878e-004
 4.431250e+000  6.449648e-004
 4.456000e+000  5.730656e-004
 4.480750e+000  5.163837e-004
 4.505500e+000  3.738731e-004
 4.530250e+000  4.214757e-004
 4.555000e+000  5.252547e-004
 4.579750e+000  6.807040e-004
 4.604500e+000  7.862817e-004
 4.629250e+000  6.180318e-004
 4.654000e+000  4.379510e-004
 4.678750e+000  4.643915e-004
 4.703500e+000  3.866335e-004
 4.728250e+000  3.762364e-004
 4.753000e+000  3.331136e-004
 4.777750e+000  3.464415e-004
 4.802500e+000  3.714401e-004
 4.827250e+000  3.567662e-004
 4.852000e+000  3.506992e-004
 4.876750e+000  4.000834e-004
 4.901500e+000  4.226187e-004
 4.926250e+000  3.204324e-004
 4.951000e+000  3.569638e-004
 4.975750e+000  5.013382e-004
 5.000500e+000  4.303407e-004
 5.025250e+000  5.433993e-004
 5.050000e+000  6.942790e-004
 5.074750e+000  6.343241e-004
 5.099500e+000  4.867644e-004
 5.124250e+000  4.783214e-004
 5.149000e+000  4.391908e-004
 5.173750e+000  5.700189e-004
 5.198500e+000  5.593477e-004
 5.223250e+000  4.303615e-004
 5.248000e+000  2.623535e-004
 5.272750e+000  2.844721e-004
 5.297500e+000  4.244438e-004
 5.322250e+000  4.898979e-004
 5.347000e+000  3.946884e-004
 5.371750e+000  2.444215e-004
 5.396500e+000  2.715560e-004
 5.421250e+000  4.813733e-004
 5.446000e+000  5.921145e-004
 5.470750e+000  6.410904e-004
 5.495500e+000  5.379618e-004
 5.520250e+000  3.580267e-004
 5.545000e+000  3.323423e-004
 5.569750e+000  4.260088e-004
 5.594500e+000  4.551006e-004
 5.619250e+000  5.259584e-004
 5.644000e+000  7.343565e-004
 5.668750e+000  5.126205e-004
 5.693500e+000  5.082252e-004
 5.718250e+000  3.287346e-004
 5.743000e+000  2.603996e-004
 5.767750e+000  2.943094e-004
 5.792500e+000  3.556622e-004
 5.817250e+000  5.023539e-004
 5.842000e+000  4.866585e-004
 5.866750e+000  3.623363e-004
 5.891500e+000  2.774953e-004
 5.916250e+000  3.503985e-004
 5.941000e+000  4.574282e-004
 5.965750e+000  4.092134e-004
 5.990500e+000  2.301695e-004
 6.015250e+000  3.659129e-004
 6.040000e+000  4.983425e-004
 6.064750e+000  4.347791e-004
 6.089500e+000  3.458528e-004
 6.114250e+000  2.976041e-004
 6.139000e+000  3.162557e-004
 6.163750e+000  3.371748e-004
 6.188500e+000  3.352214e-004
 6.213250e+000  2.448889e-004
 6.238000e+000  4.103123e-004
 6.262750e+000  4.107447e-004
 6.287500e+000  4.134626e-004
 6.312250e+000  3.746449e-004
 6.337000e+000  4.065936e-004
 6.361750e+000  3.636199e-004
 6.386500e+000  4.018053e-004
 6.411250e+000  3.807456e-004
 6.436000e+000  3.658769e-004
 6.460750e+000  3.715475e-004
 6.485500e+000  4.898761e-004
 6.510250e+000  4.705952e-004
 6.535000e+000  3.833460e-004
 6.559750e+000  2.333401e-004
 6.584500e+000  4.284564e-004
 6.609250e+000  4.744862e-004
 6.634000e+000  3.785158e-004
 6.658750e+000  3.283977e-004
 6.683500e+000  4.183780e-004
 6.708250e+000  3.405616e-004
 6.733000e+000  3.665211e-004
 6.757750e+000  4.598864e-004
 6.782500e+000  4.297310e-004
 6.807250e+000  2.788315e-004
 6.832000e+000  2.063734e-004
 6.856750e+000  2.979427e-004
 6.881500e+000  2.914332e-004
 6.906250e+000  3.543620e-004
 6.931000e+000  4.757404e-004
 6.955750e+000  4.315243e-004
 6.980500e+000  2.526067e-004
 7.005250e+000  2.826964e-004
 7.030000e+000  3.231107e-004
 7.054750e+000  3.468446e-004
 7.079500e+000  3.833257e-004
 7.104250e+000  2.930873e-004
 7.129000e+000  2.781826e-004
 7.153750e+000  4.534099e-004
 7.178500e+000  4.470092e-004
 7.203250e+000  4.493673e-004
 7.228000e+000  5.209266e-004
 7.252750e+000  2.614637e-004
 7.277500e+000  5.054434e-004
 7.302250e+000  4.963662e-004
 7.327000e+000  3.624620e-004
 7.351750e+000  4.028510e-004
 7.376500e+000  4.546962e-004
 7.401250e+000  4.652815e-004
 7.426000e+000  3.373063e-004
 7.450750e+000  2.032823e-004
 7.475500e+000  3.874389e-004
 7.500250e+000  5.797122e-004
 7.525000e+000  4.842332e-004
 7.549750e+000  4.651827e-004
 7.574500e+000  3.902068e-004
 7.599250e+000  3.406619e-004
 7.624000e+000  3.162738e-004
 7.648750e+000  2.620381e-004
 7.673500e+000  2.953936e-004
 7.698250e+000  3.745017e-004
 7.723000e+000  3.541753e-004
 7.747750e+000  3.948027e-004
 7.772500e+000  5.450738e-004
 7.797250e+000  5.184988e-004
 7.822000e+000  2.626403e-004
 7.846750e+000  5.168307e-004
 7.871500e+000  5.080968e-004
 7.896250e+000  3.621809e-004
 7.921000e+000  3.311281e-004
 7.945750e+000  1.726679e-004
 7.970500e+000  3.311304e-004
 7.995250e+000  3.712724e-004
 8.020000e+000  4.426399e-004
 8.044750e+000  3.045901e-004
 8.069500e+000  3.271877e-004
 8.094250e+000  3.871374e-004
 8.119000e+000  5.198199e-004
 8.143750e+000  4.166437e-004
 8.168500e+000  3.204099e-004
 8.193250e+000  3.059506e-004
 8.218000e+000  3.311114e-004
 8.242750e+000  3.005765e-004
 8.267500e+000  3.265498e-004
 8.292250e+000  2.968792e-004
 8.317000e+000  2.483991e-004
 8.341750e+000  2.511102e-004
 8.366500e+000  1.823865e-004
 8.391250e+000  2.104875e-004
 8.416000e+000  3.871599e-004
 8.440750e+000  4.000432e-004
 8.465500e+000  3.755380e-004
 8.490250e+000  4.147855e-004
 8.515000e+000  4.528351e-004
 8.539750e+000  3.828666e-004
 8.564500e+000  2.237959e-004
 8.589250e+000  3.064279e-004
 8.614000e+000  2.994337e-004
 8.638750e+000  3.113610e-004
 8.663500e+000  2.326378e-004
 8.688250e+000  1.854623e-004
 8.713000e+000  2.029654e-004
 8.737750e+000  2.407510e-004
 8.762500e+000  3.530170e-004
 8.787250e+000  3.828920e-004
 8.812000e+000  3.536505e-004
 8.836750e+000  2.298860e-004
 8.861500e+000  2.311556e-004
 8.886250e+000  3.167461e-004
 8.911000e+000  2.742181e-004
 8.935750e+000  2.197170e-004
 8.960500e+000  2.766507e-004
 8.985250e+000  4.328197e-004
 9.010000e+000  4.503811e-004
 9.034750e+000  3.664790e-004
 9.059500e+000  2.108966e-004
 9.084250e+000  1.778483e-004
 9.109000e+000  3.347210e-004
 9.133750e+000  3.931005e-004
 9.158500e+000  2.821282e-004
 9.183250e+000  3.223455e-004
 9.208000e+000  3.390045e-004
 9.232750e+000  3.219803e-004
 9.257500e+000  3.849767e-004
 9.282250e+000  4.892578e-004
 9.307000e+000  3.692434e-004
 9.331750e+000  4.123225e-004
 9.356500e+000  3.952433e-004
 9.381250e+000  3.939868e-004
 9.406000e+000  4.467894e-004
 9.430750e+000  2.578402e-004
 9.455500e+000  3.318660e-004
 9.480250e+000  3.230751e-004
 9.505000e+000  4.225509e-004
 9.529750e+000  2.864299e-004
 9.554500e+000  2.422432e-004
 9.579250e+000  2.328904e-004
 9.604000e+000  4.292324e-004
 9.628750e+000  4.506822e-004
 9.653500e+000  4.020268e-004
 9.678250e+000  2.605423e-004
 9.703000e+000  3.074250e-004
 9.727750e+000  4.221088e-004
 9.752500e+000  3.544665e-004
 9.777250e+000  2.239213e-004
 9.802000e+000  2.164582e-004
 9.826750e+000  3.124521e-004
 9.851500e+000  4.747036e-004
 9.876250e+000  3.794407e-004
 9.901000e+000  3.040311e-004
 9.925750e+000  1.627481e-004
 9.950500e+000  2.649243e-004
 9.975250e+000  3.367232e-004
 1.000000e+001  2.762910e-004
