 1.000000e+000  1.648590e-003
 1.247500e+000  1.334682e-003
 1.495000e+000  1.073538e-003
 1.742500e+000  1.002119e-003
 1.990000e+000  8.958441e-004
 2.237500e+000  8.176662e-004
 2.485000e+000  6.167229e-004
 2.732500e+000  7.402098e-004
 2.980000e+000  6.352718e-004
 3.227500e+000  5.500021e-004
 3.475000e+000  6.153918e-004
 3.722500e+000  6.788943e-004
 3.970000e+000  5.478453e-004
 4.217500e+000  5.194559e-004
 4.465000e+000  4.936181e-004
 4.712500e+000  5.041359e-004
 4.960000e+000  4.020555e-004
 5.207500e+000  3.947664e-004
 5.455000e+000  3.893789e-004
 5.702500e+000  3.877197e-004
 5.950000e+000  3.417923e-004
 6.197500e+000  3.461717e-004
 6.445000e+000  3.626975e-004
 6.692500e+000  3.410356e-004
 6.940000e+000  3.502158e-004
 7.187500e+000  3.206679e-004
 7.435000e+000  3.341403e-004
 7.682500e+000  2.981595e-004
 7.930000e+000  3.016936e-004
 8.177500e+000  3.272860e-004
 8.425000e+000  3.111020e-004
 8.672500e+000  3.165180e-004
 8.920000e+000  2.759073e-004
 9.167500e+000  3.143308e-004
 9.415000e+000  3.493309e-004
 9.662500e+000  3.305362e-004
 9.910000e+000  3.091148e-004
 1.015750e+001  3.020379e-004
 1.040500e+001  3.222797e-004
 1.065250e+001  3.273971e-004
 1.090000e+001  3.235394e-004
 1.114750e+001  2.709792e-004
 1.139500e+001  2.921181e-004
 1.164250e+001  3.075767e-004
 1.189000e+001  3.000206e-004
 1.213750e+001  3.523852e-004
 1.238500e+001  3.193273e-004
 1.263250e+001  3.123897e-004
 1.288000e+001  3.194269e-004
 1.312750e+001  2.915955e-004
 1.337500e+001  2.610171e-004
 1.362250e+001  2.626230e-004
 1.387000e+001  2.435446e-004
 1.411750e+001  2.889360e-004
 1.436500e+001  2.661107e-004
 1.461250e+001  2.142153e-004
 1.486000e+001  2.449619e-004
 1.510750e+001  2.371776e-004
 1.535500e+001  2.146718e-004
 1.560250e+001  2.284301e-004
 1.585000e+001  2.781096e-004
 1.609750e+001  3.093971e-004
 1.634500e+001  3.241853e-004
 1.659250e+001  3.206181e-004
 1.684000e+001  3.002393e-004
 1.708750e+001  3.032288e-004
 1.733500e+001  3.062585e-004
 1.758250e+001  3.005547e-004
 1.783000e+001  2.438039e-004
 1.807750e+001  2.204370e-004
 1.832500e+001  2.208112e-004
 1.857250e+001  2.456297e-004
 1.882000e+001  2.804493e-004
 1.906750e+001  2.499217e-004
 1.931500e+001  3.013287e-004
 1.956250e+001  2.897769e-004
 1.981000e+001  2.676938e-004
 2.005750e+001  2.707267e-004
 2.030500e+001  2.616000e-004
 2.055250e+001  2.544836e-004
 2.080000e+001  2.660167e-004
 2.104750e+001  2.775212e-004
 2.129500e+001  2.591213e-004
 2.154250e+001  2.406281e-004
 2.179000e+001  2.661757e-004
 2.203750e+001  2.586204e-004
 2.228500e+001  2.059780e-004
 2.253250e+001  2.255782e-004
 2.278000e+001  2.692657e-004
 2.302750e+001  2.517705e-004
 2.327500e+001  2.251127e-004
 2.352250e+001  2.200323e-004
 2.377000e+001  2.031691e-004
 2.401750e+001  2.328811e-004
 2.426500e+001  2.140352e-004
 2.451250e+001  2.189666e-004
 2.476000e+001  2.297297e-004
 2.500750e+001  2.226649e-004
 2.525500e+001  2.335148e-004
 2.550250e+001  2.189273e-004
 2.575000e+001  2.322450e-004
 2.599750e+001  2.458915e-004
 2.624500e+001  2.329266e-004
 2.649250e+001  2.625054e-004
 2.674000e+001  2.680355e-004
 2.698750e+001  2.145064e-004
 2.723500e+001  2.029548e-004
 2.748250e+001  2.162161e-004
 2.773000e+001  2.358577e-004
 2.797750e+001  2.120747e-004
 2.822500e+001  1.988795e-004
 2.847250e+001  2.371808e-004
 2.872000e+001  2.393758e-004
 2.896750e+001  2.277146e-004
 2.921500e+001  2.185058e-004
 2.946250e+001  2.562957e-004
 2.971000e+001  2.463271e-004
 2.995750e+001  2.222550e-004
 3.020500e+001  2.324120e-004
 3.045250e+001  2.648097e-004
 3.070000e+001  2.804609e-004
 3.094750e+001  2.164093e-004
 3.119500e+001  1.902128e-004
 3.144250e+001  1.993075e-004
 3.169000e+001  1.876984e-004
 3.193750e+001  2.056556e-004
 3.218500e+001  1.632363e-004
 3.243250e+001  1.948831e-004
 3.268000e+001  2.000561e-004
 3.292750e+001  2.345668e-004
 3.317500e+001  2.256951e-004
 3.342250e+001  1.830202e-004
 3.367000e+001  2.061159e-004
 3.391750e+001  2.124598e-004
 3.416500e+001  2.166625e-004
 3.441250e+001  1.789692e-004
 3.466000e+001  1.924092e-004
 3.490750e+001  1.952652e-004
 3.515500e+001  2.051761e-004
 3.540250e+001  2.022215e-004
 3.565000e+001  1.797159e-004
 3.589750e+001  1.940705e-004
 3.614500e+001  2.156173e-004
 3.639250e+001  1.830678e-004
 3.664000e+001  1.944837e-004
 3.688750e+001  2.065213e-004
 3.713500e+001  1.886536e-004
 3.738250e+001  2.222873e-004
 3.763000e+001  2.210436e-004
 3.787750e+001  2.224368e-004
 3.812500e+001  2.169010e-004
 3.837250e+001  1.768561e-004
 3.862000e+001  1.713326e-004
 3.886750e+001  2.009589e-004
 3.911500e+001  2.041260e-004
 3.936250e+001  1.916320e-004
 3.961000e+001  1.918488e-004
 3.985750e+001  2.380383e-004
 4.010500e+001  2.171404e-004
 4.035250e+001  1.942677e-004
 4.060000e+001  1.977154e-004
 4.084750e+001  1.759094e-004
 4.109500e+001  2.002114e-004
 4.134250e+001  2.079653e-004
 4.159000e+001  1.954489e-004
 4.183750e+001  1.911790e-004
 4.208500e+001  1.916840e-004
 4.233250e+001  1.986529e-004
 4.258000e+001  1.761873e-004
 4.282750e+001  1.815278e-004
 4.307500e+001  1.849716e-004
 4.332250e+001  1.875342e-004
 4.357000e+001  1.946593e-004
 4.381750e+001  2.303251e-004
 4.406500e+001  1.921173e-004
 4.431250e+001  1.797107e-004
 4.456000e+001  1.625798e-004
 4.480750e+001  1.534218e-004
 4.505500e+001  2.034205e-004
 4.530250e+001  2.164740e-004
 4.555000e+001  2.196599e-004
 4.579750e+001  2.064068e-004
 4.604500e+001  2.147282e-004
 4.629250e+001  1.911350e-004
 4.654000e+001  1.776982e-004
 4.678750e+001  2.039506e-004
 4.703500e+001  2.236306e-004
 4.728250e+001  2.176271e-004
 4.753000e+001  1.971728e-004
 4.777750e+001  1.989655e-004
 4.802500e+001  1.954028e-004
 4.827250e+001  1.908810e-004
 4.852000e+001  1.452044e-004
 4.876750e+001  1.689356e-004
 4.901500e+001  1.986876e-004
 4.926250e+001  1.880941e-004
 4.951000e+001  2.022098e-004
 4.975750e+001  6.033588e-004
 5.000500e+001  1.101195e-003
 5.025250e+001  5.398713e-004
 5.050000e+001  1.514393e-004
 5.074750e+001  1.822859e-004
 5.099500e+001  1.816542e-004
 5.124250e+001  1.673338e-004
 5.149000e+001  2.011497e-004
 5.173750e+001  2.047108e-004
 5.198500e+001  1.981128e-004
 5.223250e+001  1.776510e-004
 5.248000e+001  1.745081e-004
 5.272750e+001  2.174984e-004
 5.297500e+001  2.266220e-004
 5.322250e+001  1.869875e-004
 5.347000e+001  1.452335e-004
 5.371750e+001  1.649138e-004
 5.396500e+001  1.662368e-004
 5.421250e+001  1.505096e-004
 5.446000e+001  1.678323e-004
 5.470750e+001  1.806244e-004
 5.495500e+001  1.715113e-004
 5.520250e+001  1.853239e-004
 5.545000e+001  1.519041e-004
 5.569750e+001  1.586256e-004
 5.594500e+001  1.973654e-004
 5.619250e+001  1.834324e-004
 5.644000e+001  1.603487e-004
 5.668750e+001  1.707051e-004
 5.693500e+001  1.718124e-004
 5.718250e+001  1.894191e-004
 5.743000e+001  1.834770e-004
 5.767750e+001  1.730707e-004
 5.792500e+001  1.602122e-004
 5.817250e+001  1.584819e-004
 5.842000e+001  1.804420e-004
 5.866750e+001  1.731676e-004
 5.891500e+001  1.817839e-004
 5.916250e+001  1.451683e-004
 5.941000e+001  1.553993e-004
 5.965750e+001  1.745610e-004
 5.990500e+001  2.681358e-004
 6.015250e+001  3.104747e-004
 6.040000e+001  1.993801e-004
 6.064750e+001  1.725185e-004
 6.089500e+001  1.875873e-004
 6.114250e+001  1.826763e-004
 6.139000e+001  1.835705e-004
 6.163750e+001  1.925790e-004
 6.188500e+001  1.806104e-004
 6.213250e+001  1.594453e-004
 6.238000e+001  1.700874e-004
 6.262750e+001  1.888431e-004
 6.287500e+001  1.608471e-004
 6.312250e+001  1.767509e-004
 6.337000e+001  1.863405e-004
 6.361750e+001  1.599360e-004
 6.386500e+001  1.632001e-004
 6.411250e+001  1.586110e-004
 6.436000e+001  1.688459e-004
 6.460750e+001  1.569278e-004
 6.485500e+001  1.543449e-004
 6.510250e+001  1.425857e-004
 6.535000e+001  1.397105e-004
 6.559750e+001  1.393779e-004
 6.584500e+001  1.694290e-004
 6.609250e+001  1.703485e-004
 6.634000e+001  1.372011e-004
 6.658750e+001  1.312846e-004
 6.683500e+001  1.574216e-004
 6.708250e+001  1.997904e-004
 6.733000e+001  1.706813e-004
 6.757750e+001  1.630289e-004
 6.782500e+001  1.600524e-004
 6.807250e+001  1.623271e-004
 6.832000e+001  1.551317e-004
 6.856750e+001  1.558963e-004
 6.881500e+001  1.647591e-004
 6.906250e+001  1.398154e-004
 6.931000e+001  1.336677e-004
 6.955750e+001  1.217730e-004
 6.980500e+001  1.244902e-004
 7.005250e+001  1.446193e-004
 7.030000e+001  1.510171e-004
 7.054750e+001  1.424300e-004
 7.079500e+001  1.542605e-004
 7.104250e+001  1.564449e-004
 7.129000e+001  1.359535e-004
 7.153750e+001  1.262262e-004
 7.178500e+001  1.596326e-004
 7.203250e+001  1.484689e-004
 7.228000e+001  1.386412e-004
 7.252750e+001  1.465532e-004
 7.277500e+001  1.536136e-004
 7.302250e+001  1.712928e-004
 7.327000e+001  1.822381e-004
 7.351750e+001  1.564116e-004
 7.376500e+001  1.153114e-004
 7.401250e+001  1.485456e-004
 7.426000e+001  1.693217e-004
 7.450750e+001  1.335941e-004
 7.475500e+001  1.179451e-004
 7.500250e+001  1.514436e-004
 7.525000e+001  1.226797e-004
 7.549750e+001  1.328332e-004
 7.574500e+001  1.246523e-004
 7.599250e+001  1.299364e-004
 7.624000e+001  1.359303e-004
 7.648750e+001  1.548678e-004
 7.673500e+001  1.320385e-004
 7.698250e+001  1.422514e-004
 7.723000e+001  1.660380e-004
 7.747750e+001  1.784986e-004
 7.772500e+001  1.304178e-004
 7.797250e+001  1.022729e-004
 7.822000e+001  1.315990e-004
 7.846750e+001  1.555343e-004
 7.871500e+001  1.580295e-004
 7.896250e+001  1.507171e-004
 7.921000e+001  1.465566e-004
 7.945750e+001  2.119914e-004
 7.970500e+001  2.083054e-004
 7.995250e+001  1.265206e-004
 8.020000e+001  1.239991e-004
 8.044750e+001  1.401720e-004
 8.069500e+001  1.427468e-004
 8.094250e+001  1.392893e-004
 8.119000e+001  1.296638e-004
 8.143750e+001  1.527111e-004
 8.168500e+001  1.454630e-004
 8.193250e+001  1.333174e-004
 8.218000e+001  1.416029e-004
 8.242750e+001  1.393776e-004
 8.267500e+001  1.508916e-004
 8.292250e+001  1.567740e-004
 8.317000e+001  1.419218e-004
 8.341750e+001  1.273511e-004
 8.366500e+001  1.384571e-004
 8.391250e+001  1.418634e-004
 8.416000e+001  1.296923e-004
 8.440750e+001  1.346022e-004
 8.465500e+001  1.267794e-004
 8.490250e+001  1.197667e-004
 8.515000e+001  1.238729e-004
 8.539750e+001  1.270960e-004
 8.564500e+001  1.211993e-004
 8.589250e+001  1.330362e-004
 8.614000e+001  1.388754e-004
 8.638750e+001  1.188233e-004
 8.663500e+001  1.168253e-004
 8.688250e+001  1.378630e-004
 8.713000e+001  1.310969e-004
 8.737750e+001  1.244117e-004
 8.762500e+001  1.258926e-004
 8.787250e+001  1.234164e-004
 8.812000e+001  1.147566e-004
 8.836750e+001  1.058298e-004
 8.861500e+001  1.202229e-004
 8.886250e+001  1.268228e-004
 8.911000e+001  1.372066e-004
 8.935750e+001  1.175043e-004
 8.960500e+001  1.169408e-004
 8.985250e+001  1.356258e-004
 9.010000e+001  1.355750e-004
 9.034750e+001  1.190538e-004
 9.059500e+001  1.274685e-004
 9.084250e+001  1.283470e-004
 9.109000e+001  1.041681e-004
 9.133750e+001  1.254486e-004
 9.158500e+001  1.162826e-004
 9.183250e+001  1.162949e-004
 9.208000e+001  1.024031e-004
 9.232750e+001  1.152076e-004
 9.257500e+001  1.261066e-004
 9.282250e+001  1.096379e-004
 9.307000e+001  1.158985e-004
 9.331750e+001  1.234851e-004
 9.356500e+001  1.212599e-004
 9.381250e+001  1.218752e-004
 9.406000e+001  1.240659e-004
 9.430750e+001  1.170782e-004
 9.455500e+001  1.182878e-004
 9.480250e+001  1.221409e-004
 9.505000e+001  1.321147e-004
 9.529750e+001  1.357177e-004
 9.554500e+001  1.326420e-004
 9.579250e+001  1.182108e-004
 9.604000e+001  1.140764e-004
 9.628750e+001  1.314651e-004
 9.653500e+001  1.501763e-004
 9.678250e+001  1.311457e-004
 9.703000e+001  9.885157e-005
 9.727750e+001  1.188220e-004
 9.752500e+001  1.275169e-004
 9.777250e+001  1.194416e-004
 9.802000e+001  1.203508e-004
 9.826750e+001  1.008332e-004
 9.851500e+001  9.229158e-005
 9.876250e+001  9.945126e-005
 9.901000e+001  1.035562e-004
 9.925750e+001  1.212288e-004
 9.950500e+001  1.245541e-004
 9.975250e+001  1.354455e-004
 1.000000e+002  1.674369e-004
