 1.000000e+000  1.854920e-003
 1.247500e+000  1.527927e-003
 1.495000e+000  1.365489e-003
 1.742500e+000  1.077737e-003
 1.990000e+000  1.126333e-003
 2.237500e+000  1.126825e-003
 2.485000e+000  1.106771e-003
 2.732500e+000  1.132297e-003
 2.980000e+000  1.100753e-003
 3.227500e+000  1.034537e-003
 3.475000e+000  1.070010e-003
 3.722500e+000  8.904892e-004
 3.970000e+000  8.488701e-004
 4.217500e+000  1.037030e-003
 4.465000e+000  8.340818e-004
 4.712500e+000  9.107781e-004
 4.960000e+000  9.336695e-004
 5.207500e+000  8.210425e-004
 5.455000e+000  7.190031e-004
 5.702500e+000  7.565348e-004
 5.950000e+000  8.383238e-004
 6.197500e+000  8.501232e-004
 6.445000e+000  8.660263e-004
 6.692500e+000  7.430420e-004
 6.940000e+000  8.811587e-004
 7.187500e+000  8.309977e-004
 7.435000e+000  6.192272e-004
 7.682500e+000  9.144881e-004
 7.930000e+000  1.002036e-003
 8.177500e+000  8.093492e-004
 8.425000e+000  9.904198e-004
 8.672500e+000  8.731497e-004
 8.920000e+000  8.228582e-004
 9.167500e+000  9.828665e-004
 9.415000e+000  8.651728e-004
 9.662500e+000  9.273825e-004
 9.910000e+000  9.239377e-004
 1.015750e+001  7.357992e-004
 1.040500e+001  7.143823e-004
 1.065250e+001  7.821236e-004
 1.090000e+001  7.247635e-004
 1.114750e+001  7.094595e-004
 1.139500e+001  7.930690e-004
 1.164250e+001  8.520975e-004
 1.189000e+001  8.001691e-004
 1.213750e+001  9.267557e-004
 1.238500e+001  8.380788e-004
 1.263250e+001  8.037032e-004
 1.288000e+001  7.321939e-004
 1.312750e+001  8.064022e-004
 1.337500e+001  7.879763e-004
 1.362250e+001  7.898131e-004
 1.387000e+001  8.171537e-004
 1.411750e+001  8.380699e-004
 1.436500e+001  8.984474e-004
 1.461250e+001  7.947190e-004
 1.486000e+001  6.273603e-004
 1.510750e+001  6.304936e-004
 1.535500e+001  6.688505e-004
 1.560250e+001  7.263242e-004
 1.585000e+001  8.333562e-004
 1.609750e+001  7.451559e-004
 1.634500e+001  7.297301e-004
 1.659250e+001  7.368222e-004
 1.684000e+001  6.706964e-004
 1.708750e+001  7.730771e-004
 1.733500e+001  7.911053e-004
 1.758250e+001  8.365603e-004
 1.783000e+001  1.030659e-003
 1.807750e+001  8.548263e-004
 1.832500e+001  6.958878e-004
 1.857250e+001  6.113211e-004
 1.882000e+001  6.451026e-004
 1.906750e+001  6.488132e-004
 1.931500e+001  7.947996e-004
 1.956250e+001  6.955843e-004
 1.981000e+001  5.778184e-004
 2.005750e+001  6.978260e-004
 2.030500e+001  5.773312e-004
 2.055250e+001  6.840177e-004
 2.080000e+001  6.674281e-004
 2.104750e+001  5.974022e-004
 2.129500e+001  5.915490e-004
 2.154250e+001  5.042043e-004
 2.179000e+001  6.532132e-004
 2.203750e+001  5.810254e-004
 2.228500e+001  6.114677e-004
 2.253250e+001  6.795365e-004
 2.278000e+001  6.641867e-004
 2.302750e+001  6.609558e-004
 2.327500e+001  6.187746e-004
 2.352250e+001  7.076711e-004
 2.377000e+001  5.679383e-004
 2.401750e+001  5.667976e-004
 2.426500e+001  6.440602e-004
 2.451250e+001  6.475544e-004
 2.476000e+001  7.418268e-004
 2.500750e+001  6.941214e-004
 2.525500e+001  6.444087e-004
 2.550250e+001  6.199075e-004
 2.575000e+001  6.495462e-004
 2.599750e+001  6.744789e-004
 2.624500e+001  6.850473e-004
 2.649250e+001  7.233272e-004
 2.674000e+001  5.621957e-004
 2.698750e+001  5.425088e-004
 2.723500e+001  6.607929e-004
 2.748250e+001  6.598332e-004
 2.773000e+001  7.434035e-004
 2.797750e+001  9.672306e-004
 2.822500e+001  6.145170e-004
 2.847250e+001  6.820814e-004
 2.872000e+001  6.693310e-004
 2.896750e+001  4.776969e-004
 2.921500e+001  6.231074e-004
 2.946250e+001  7.300182e-004
 2.971000e+001  6.736958e-004
 2.995750e+001  5.881139e-004
 3.020500e+001  6.068090e-004
 3.045250e+001  6.467367e-004
 3.070000e+001  6.778956e-004
 3.094750e+001  5.843214e-004
 3.119500e+001  4.586286e-004
 3.144250e+001  5.471251e-004
 3.169000e+001  5.617632e-004
 3.193750e+001  6.260993e-004
 3.218500e+001  7.629134e-004
 3.243250e+001  6.276246e-004
 3.268000e+001  5.175659e-004
 3.292750e+001  5.341710e-004
 3.317500e+001  5.533849e-004
 3.342250e+001  6.518908e-004
 3.367000e+001  5.249956e-004
 3.391750e+001  4.772243e-004
 3.416500e+001  5.614357e-004
 3.441250e+001  6.192764e-004
 3.466000e+001  5.708137e-004
 3.490750e+001  4.276320e-004
 3.515500e+001  4.930037e-004
 3.540250e+001  5.446966e-004
 3.565000e+001  9.274777e-004
 3.589750e+001  7.944368e-004
 3.614500e+001  4.503484e-004
 3.639250e+001  4.631033e-004
 3.664000e+001  4.989956e-004
 3.688750e+001  5.211788e-004
 3.713500e+001  5.909801e-004
 3.738250e+001  5.144875e-004
 3.763000e+001  4.540141e-004
 3.787750e+001  4.997432e-004
 3.812500e+001  5.062331e-004
 3.837250e+001  4.744293e-004
 3.862000e+001  5.107660e-004
 3.886750e+001  5.182036e-004
 3.911500e+001  4.367477e-004
 3.936250e+001  4.665144e-004
 3.961000e+001  4.834571e-004
 3.985750e+001  5.013559e-004
 4.010500e+001  3.355113e-004
 4.035250e+001  3.316309e-004
 4.060000e+001  4.103415e-004
 4.084750e+001  4.097895e-004
 4.109500e+001  4.369070e-004
 4.134250e+001  4.596437e-004
 4.159000e+001  4.707945e-004
 4.183750e+001  4.816729e-004
 4.208500e+001  3.807562e-004
 4.233250e+001  4.342201e-004
 4.258000e+001  3.881170e-004
 4.282750e+001  3.717802e-004
 4.307500e+001  3.814251e-004
 4.332250e+001  3.513974e-004
 4.357000e+001  4.441531e-004
 4.381750e+001  4.461893e-004
 4.406500e+001  4.926597e-004
 4.431250e+001  4.815191e-004
 4.456000e+001  3.873276e-004
 4.480750e+001  5.227207e-004
 4.505500e+001  4.597337e-004
 4.530250e+001  3.958997e-004
 4.555000e+001  4.424538e-004
 4.579750e+001  3.929010e-004
 4.604500e+001  4.309055e-004
 4.629250e+001  4.408859e-004
 4.654000e+001  4.774962e-004
 4.678750e+001  4.489462e-004
 4.703500e+001  4.435686e-004
 4.728250e+001  4.207898e-004
 4.753000e+001  4.047064e-004
 4.777750e+001  5.675050e-004
 4.802500e+001  5.799762e-004
 4.827250e+001  4.828291e-004
 4.852000e+001  4.591485e-004
 4.876750e+001  4.187119e-004
 4.901500e+001  4.753960e-004
 4.926250e+001  6.771299e-004
 4.951000e+001  4.491076e-004
 4.975750e+001  6.180700e-003
 5.000500e+001  1.343612e-002
 5.025250e+001  7.250836e-003
 5.050000e+001  5.531425e-004
 5.074750e+001  5.135017e-004
 5.099500e+001  4.912513e-004
 5.124250e+001  4.737665e-004
 5.149000e+001  4.701881e-004
 5.173750e+001  3.821167e-004
 5.198500e+001  4.114146e-004
 5.223250e+001  4.665694e-004
 5.248000e+001  3.999297e-004
 5.272750e+001  3.701661e-004
 5.297500e+001  3.750555e-004
 5.322250e+001  3.897646e-004
 5.347000e+001  5.578414e-004
 5.371750e+001  5.394899e-004
 5.396500e+001  4.273849e-004
 5.421250e+001  3.845494e-004
 5.446000e+001  3.798291e-004
 5.470750e+001  3.165427e-004
 5.495500e+001  3.331606e-004
 5.520250e+001  4.024531e-004
 5.545000e+001  4.256778e-004
 5.569750e+001  3.116284e-004
 5.594500e+001  2.912630e-004
 5.619250e+001  3.100146e-004
 5.644000e+001  3.501106e-004
 5.668750e+001  3.601462e-004
 5.693500e+001  3.729707e-004
 5.718250e+001  3.488293e-004
 5.743000e+001  3.532431e-004
 5.767750e+001  3.995508e-004
 5.792500e+001  4.129763e-004
 5.817250e+001  3.814124e-004
 5.842000e+001  3.645951e-004
 5.866750e+001  3.996027e-004
 5.891500e+001  3.721237e-004
 5.916250e+001  3.736047e-004
 5.941000e+001  3.524621e-004
 5.965750e+001  3.458822e-004
 5.990500e+001  4.053514e-004
 6.015250e+001  3.992990e-004
 6.040000e+001  4.229893e-004
 6.064750e+001  3.101048e-004
 6.089500e+001  3.025073e-004
 6.114250e+001  3.527923e-004
 6.139000e+001  3.588004e-004
 6.163750e+001  3.703047e-004
 6.188500e+001  3.251713e-004
 6.213250e+001  3.055116e-004
 6.238000e+001  3.009174e-004
 6.262750e+001  2.999753e-004
 6.287500e+001  4.193034e-004
 6.312250e+001  3.630948e-004
 6.337000e+001  3.930405e-004
 6.361750e+001  4.695451e-004
 6.386500e+001  3.986253e-004
 6.411250e+001  4.035295e-004
 6.436000e+001  3.904048e-004
 6.460750e+001  2.892716e-004
 6.485500e+001  4.104942e-004
 6.510250e+001  3.486632e-004
 6.535000e+001  2.753245e-004
 6.559750e+001  3.277329e-004
 6.584500e+001  3.598105e-004
 6.609250e+001  3.359768e-004
 6.634000e+001  2.752821e-004
 6.658750e+001  2.457928e-004
 6.683500e+001  2.669103e-004
 6.708250e+001  3.214037e-004
 6.733000e+001  3.614594e-004
 6.757750e+001  4.186672e-004
 6.782500e+001  4.707146e-004
 6.807250e+001  3.867300e-004
 6.832000e+001  3.180223e-004
 6.856750e+001  3.202646e-004
 6.881500e+001  3.223936e-004
 6.906250e+001  4.185400e-004
 6.931000e+001  4.506899e-004
 6.955750e+001  3.592732e-004
 6.980500e+001  2.732387e-004
 7.005250e+001  3.069540e-004
 7.030000e+001  3.345996e-004
 7.054750e+001  3.385061e-004
 7.079500e+001  3.166198e-004
 7.104250e+001  2.981728e-004
 7.129000e+001  3.419974e-004
 7.153750e+001  4.083288e-004
 7.178500e+001  3.156847e-004
 7.203250e+001  2.543161e-004
 7.228000e+001  3.323203e-004
 7.252750e+001  2.982775e-004
 7.277500e+001  3.107246e-004
 7.302250e+001  3.597911e-004
 7.327000e+001  3.173244e-004
 7.351750e+001  2.611024e-004
 7.376500e+001  3.352407e-004
 7.401250e+001  3.572539e-004
 7.426000e+001  3.717293e-004
 7.450750e+001  3.366235e-004
 7.475500e+001  3.271182e-004
 7.500250e+001  2.948236e-004
 7.525000e+001  3.364351e-004
 7.549750e+001  3.031530e-004
 7.574500e+001  2.965653e-004
 7.599250e+001  3.429182e-004
 7.624000e+001  3.122231e-004
 7.648750e+001  2.618364e-004
 7.673500e+001  3.271673e-004
 7.698250e+001  3.486580e-004
 7.723000e+001  4.078932e-004
 7.747750e+001  3.491893e-004
 7.772500e+001  2.608525e-004
 7.797250e+001  2.900346e-004
 7.822000e+001  2.864912e-004
 7.846750e+001  3.152938e-004
 7.871500e+001  3.145367e-004
 7.896250e+001  2.730896e-004
 7.921000e+001  2.344572e-004
 7.945750e+001  2.786488e-004
 7.970500e+001  3.255860e-004
 7.995250e+001  3.466156e-004
 8.020000e+001  2.704963e-004
 8.044750e+001  2.588763e-004
 8.069500e+001  2.615592e-004
 8.094250e+001  3.141372e-004
 8.119000e+001  3.747155e-004
 8.143750e+001  3.838476e-004
 8.168500e+001  3.780741e-004
 8.193250e+001  3.885020e-004
 8.218000e+001  3.094191e-004
 8.242750e+001  2.869425e-004
 8.267500e+001  2.752678e-004
 8.292250e+001  2.810645e-004
 8.317000e+001  3.140497e-004
 8.341750e+001  3.281876e-004
 8.366500e+001  3.228907e-004
 8.391250e+001  2.876817e-004
 8.416000e+001  3.201367e-004
 8.440750e+001  3.326101e-004
 8.465500e+001  3.288409e-004
 8.490250e+001  3.151678e-004
 8.515000e+001  2.972324e-004
 8.539750e+001  2.901009e-004
 8.564500e+001  2.917012e-004
 8.589250e+001  3.106267e-004
 8.614000e+001  3.241062e-004
 8.638750e+001  3.280043e-004
 8.663500e+001  2.943073e-004
 8.688250e+001  2.954483e-004
 8.713000e+001  3.587461e-004
 8.737750e+001  3.293440e-004
 8.762500e+001  3.220978e-004
 8.787250e+001  3.438056e-004
 8.812000e+001  3.484320e-004
 8.836750e+001  3.483452e-004
 8.861500e+001  3.434475e-004
 8.886250e+001  3.262644e-004
 8.911000e+001  4.076239e-004
 8.935750e+001  5.257544e-004
 8.960500e+001  4.310206e-004
 8.985250e+001  3.309584e-004
 9.010000e+001  3.068803e-004
 9.034750e+001  3.194901e-004
 9.059500e+001  3.041874e-004
 9.084250e+001  3.091534e-004
 9.109000e+001  3.293293e-004
 9.133750e+001  3.319782e-004
 9.158500e+001  3.254935e-004
 9.183250e+001  3.119242e-004
 9.208000e+001  2.830417e-004
 9.232750e+001  2.962509e-004
 9.257500e+001  3.055880e-004
 9.282250e+001  3.440555e-004
 9.307000e+001  3.698257e-004
 9.331750e+001  3.824371e-004
 9.356500e+001  3.683628e-004
 9.381250e+001  2.862198e-004
 9.406000e+001  2.604833e-004
 9.430750e+001  2.740482e-004
 9.455500e+001  3.850865e-004
 9.480250e+001  3.302895e-004
 9.505000e+001  3.390484e-004
 9.529750e+001  3.139276e-004
 9.554500e+001  3.110433e-004
 9.579250e+001  3.016767e-004
 9.604000e+001  3.280622e-004
 9.628750e+001  3.334427e-004
 9.653500e+001  3.035214e-004
 9.678250e+001  3.008324e-004
 9.703000e+001  3.068662e-004
 9.727750e+001  3.147199e-004
 9.752500e+001  2.921464e-004
 9.777250e+001  2.913092e-004
 9.802000e+001  3.309414e-004
 9.826750e+001  3.269176e-004
 9.851500e+001  2.720723e-004
 9.876250e+001  2.970871e-004
 9.901000e+001  3.176056e-004
 9.925750e+001  3.532115e-004
 9.950500e+001  3.082566e-004
 9.975250e+001  4.855495e-004
 1.000000e+002  1.175753e-003
