 1.000000e+000  2.376158e-003
 1.247500e+000  2.154286e-003
 1.495000e+000  1.809210e-003
 1.742500e+000  2.028884e-003
 1.990000e+000  1.882036e-003
 2.237500e+000  1.762827e-003
 2.485000e+000  1.728672e-003
 2.732500e+000  1.577503e-003
 2.980000e+000  1.774890e-003
 3.227500e+000  1.729571e-003
 3.475000e+000  1.495734e-003
 3.722500e+000  1.111603e-003
 3.970000e+000  1.368562e-003
 4.217500e+000  1.723885e-003
 4.465000e+000  1.374096e-003
 4.712500e+000  1.485693e-003
 4.960000e+000  1.253397e-003
 5.207500e+000  1.246064e-003
 5.455000e+000  1.180772e-003
 5.702500e+000  1.097646e-003
 5.950000e+000  1.039010e-003
 6.197500e+000  9.830629e-004
 6.445000e+000  1.098465e-003
 6.692500e+000  1.328296e-003
 6.940000e+000  1.174588e-003
 7.187500e+000  1.081333e-003
 7.435000e+000  1.004859e-003
 7.682500e+000  1.017304e-003
 7.930000e+000  1.190317e-003
 8.177500e+000  1.124067e-003
 8.425000e+000  9.705487e-004
 8.672500e+000  8.726435e-004
 8.920000e+000  1.040681e-003
 9.167500e+000  1.272675e-003
 9.415000e+000  1.081491e-003
 9.662500e+000  1.056868e-003
 9.910000e+000  1.009026e-003
 1.015750e+001  9.875236e-004
 1.040500e+001  7.799968e-004
 1.065250e+001  8.214183e-004
 1.090000e+001  9.385450e-004
 1.114750e+001  7.618927e-004
 1.139500e+001  6.949879e-004
 1.164250e+001  7.245443e-004
 1.189000e+001  8.816778e-004
 1.213750e+001  9.382362e-004
 1.238500e+001  8.879366e-004
 1.263250e+001  9.179703e-004
 1.288000e+001  9.922536e-004
 1.312750e+001  9.954581e-004
 1.337500e+001  8.994026e-004
 1.362250e+001  7.983622e-004
 1.387000e+001  8.777224e-004
 1.411750e+001  7.918359e-004
 1.436500e+001  7.993765e-004
 1.461250e+001  7.147412e-004
 1.486000e+001  8.605138e-004
 1.510750e+001  7.941492e-004
 1.535500e+001  8.736432e-004
 1.560250e+001  8.576039e-004
 1.585000e+001  8.274985e-004
 1.609750e+001  8.831449e-004
 1.634500e+001  8.452054e-004
 1.659250e+001  8.687995e-004
 1.684000e+001  8.810464e-004
 1.708750e+001  9.532285e-004
 1.733500e+001  8.534296e-004
 1.758250e+001  8.857356e-004
 1.783000e+001  1.177595e-003
 1.807750e+001  9.516559e-004
 1.832500e+001  7.217767e-004
 1.857250e+001  8.716168e-004
 1.882000e+001  7.553443e-004
 1.906750e+001  6.491341e-004
 1.931500e+001  7.264990e-004
 1.956250e+001  8.584208e-004
 1.981000e+001  7.314974e-004
 2.005750e+001  8.198003e-004
 2.030500e+001  8.182323e-004
 2.055250e+001  8.338067e-004
 2.080000e+001  7.469778e-004
 2.104750e+001  6.687555e-004
 2.129500e+001  6.420823e-004
 2.154250e+001  7.096749e-004
 2.179000e+001  5.762559e-004
 2.203750e+001  5.786970e-004
 2.228500e+001  5.175995e-004
 2.253250e+001  6.413914e-004
 2.278000e+001  7.393179e-004
 2.302750e+001  8.530584e-004
 2.327500e+001  7.485247e-004
 2.352250e+001  7.208106e-004
 2.377000e+001  6.060836e-004
 2.401750e+001  6.936069e-004
 2.426500e+001  8.153430e-004
 2.451250e+001  7.334518e-004
 2.476000e+001  6.524199e-004
 2.500750e+001  6.215145e-004
 2.525500e+001  6.126350e-004
 2.550250e+001  6.915602e-004
 2.575000e+001  7.628575e-004
 2.599750e+001  7.834980e-004
 2.624500e+001  6.318871e-004
 2.649250e+001  6.471910e-004
 2.674000e+001  6.329907e-004
 2.698750e+001  4.935428e-004
 2.723500e+001  5.242378e-004
 2.748250e+001  7.340997e-004
 2.773000e+001  9.270378e-004
 2.797750e+001  8.631530e-004
 2.822500e+001  6.384557e-004
 2.847250e+001  6.013246e-004
 2.872000e+001  5.809262e-004
 2.896750e+001  6.489602e-004
 2.921500e+001  8.135816e-004
 2.946250e+001  7.104700e-004
 2.971000e+001  7.010725e-004
 2.995750e+001  7.756822e-004
 3.020500e+001  6.922678e-004
 3.045250e+001  5.805207e-004
 3.070000e+001  7.538128e-004
 3.094750e+001  7.649197e-004
 3.119500e+001  6.367027e-004
 3.144250e+001  6.115740e-004
 3.169000e+001  5.257001e-004
 3.193750e+001  5.688899e-004
 3.218500e+001  8.006238e-004
 3.243250e+001  7.141199e-004
 3.268000e+001  5.589593e-004
 3.292750e+001  6.114551e-004
 3.317500e+001  6.827168e-004
 3.342250e+001  6.087812e-004
 3.367000e+001  5.158535e-004
 3.391750e+001  4.795642e-004
 3.416500e+001  5.574203e-004
 3.441250e+001  5.779789e-004
 3.466000e+001  6.533459e-004
 3.490750e+001  6.571987e-004
 3.515500e+001  7.926334e-004
 3.540250e+001  6.823835e-004
 3.565000e+001  9.147550e-004
 3.589750e+001  7.838846e-004
 3.614500e+001  4.637601e-004
 3.639250e+001  6.000601e-004
 3.664000e+001  6.761573e-004
 3.688750e+001  6.564917e-004
 3.713500e+001  6.955888e-004
 3.738250e+001  5.686832e-004
 3.763000e+001  5.660823e-004
 3.787750e+001  6.101676e-004
 3.812500e+001  5.369503e-004
 3.837250e+001  4.282826e-004
 3.862000e+001  5.360243e-004
 3.886750e+001  5.248266e-004
 3.911500e+001  5.151155e-004
 3.936250e+001  5.247258e-004
 3.961000e+001  5.772080e-004
 3.985750e+001  5.362476e-004
 4.010500e+001  4.990167e-004
 4.035250e+001  4.682908e-004
 4.060000e+001  4.509996e-004
 4.084750e+001  4.688823e-004
 4.109500e+001  4.484540e-004
 4.134250e+001  4.575676e-004
 4.159000e+001  4.987155e-004
 4.183750e+001  6.098138e-004
 4.208500e+001  5.711237e-004
 4.233250e+001  5.487706e-004
 4.258000e+001  4.690168e-004
 4.282750e+001  4.504658e-004
 4.307500e+001  4.458399e-004
 4.332250e+001  4.142070e-004
 4.357000e+001  4.150330e-004
 4.381750e+001  4.530759e-004
 4.406500e+001  5.016329e-004
 4.431250e+001  5.363170e-004
 4.456000e+001  5.461683e-004
 4.480750e+001  5.831013e-004
 4.505500e+001  5.602814e-004
 4.530250e+001  4.994952e-004
 4.555000e+001  4.932932e-004
 4.579750e+001  4.959802e-004
 4.604500e+001  5.283387e-004
 4.629250e+001  5.429709e-004
 4.654000e+001  4.597650e-004
 4.678750e+001  3.071784e-004
 4.703500e+001  4.270326e-004
 4.728250e+001  5.425066e-004
 4.753000e+001  5.370528e-004
 4.777750e+001  5.474836e-004
 4.802500e+001  5.609375e-004
 4.827250e+001  4.411750e-004
 4.852000e+001  4.011664e-004
 4.876750e+001  3.942236e-004
 4.901500e+001  4.652098e-004
 4.926250e+001  5.547315e-004
 4.951000e+001  4.199602e-004
 4.975750e+001  6.777025e-003
 5.000500e+001  1.349369e-002
 5.025250e+001  6.776620e-003
 5.050000e+001  4.540626e-004
 5.074750e+001  3.983817e-004
 5.099500e+001  3.517095e-004
 5.124250e+001  4.770773e-004
 5.149000e+001  4.230590e-004
 5.173750e+001  3.967889e-004
 5.198500e+001  4.107106e-004
 5.223250e+001  4.914005e-004
 5.248000e+001  4.472634e-004
 5.272750e+001  4.687733e-004
 5.297500e+001  4.574252e-004
 5.322250e+001  3.824512e-004
 5.347000e+001  4.606524e-004
 5.371750e+001  5.009503e-004
 5.396500e+001  4.123340e-004
 5.421250e+001  4.864413e-004
 5.446000e+001  4.550764e-004
 5.470750e+001  4.394695e-004
 5.495500e+001  3.905184e-004
 5.520250e+001  4.589541e-004
 5.545000e+001  4.730836e-004
 5.569750e+001  3.884100e-004
 5.594500e+001  3.676495e-004
 5.619250e+001  3.659632e-004
 5.644000e+001  3.597597e-004
 5.668750e+001  3.744992e-004
 5.693500e+001  4.453082e-004
 5.718250e+001  5.019960e-004
 5.743000e+001  4.761793e-004
 5.767750e+001  4.197090e-004
 5.792500e+001  5.037150e-004
 5.817250e+001  3.701109e-004
 5.842000e+001  2.933636e-004
 5.866750e+001  4.075616e-004
 5.891500e+001  4.528667e-004
 5.916250e+001  4.710758e-004
 5.941000e+001  4.096616e-004
 5.965750e+001  3.426528e-004
 5.990500e+001  3.913125e-004
 6.015250e+001  3.387203e-004
 6.040000e+001  3.796539e-004
 6.064750e+001  4.418876e-004
 6.089500e+001  4.630815e-004
 6.114250e+001  4.912327e-004
 6.139000e+001  4.343505e-004
 6.163750e+001  3.650704e-004
 6.188500e+001  3.794434e-004
 6.213250e+001  4.179935e-004
 6.238000e+001  3.471456e-004
 6.262750e+001  3.924031e-004
 6.287500e+001  3.631590e-004
 6.312250e+001  4.153296e-004
 6.337000e+001  4.775597e-004
 6.361750e+001  4.810775e-004
 6.386500e+001  3.447094e-004
 6.411250e+001  3.121914e-004
 6.436000e+001  3.070057e-004
 6.460750e+001  4.053178e-004
 6.485500e+001  4.499207e-004
 6.510250e+001  3.855023e-004
 6.535000e+001  4.073574e-004
 6.559750e+001  4.087485e-004
 6.584500e+001  3.573731e-004
 6.609250e+001  3.958510e-004
 6.634000e+001  3.593029e-004
 6.658750e+001  3.409207e-004
 6.683500e+001  2.843134e-004
 6.708250e+001  2.959220e-004
 6.733000e+001  3.098867e-004
 6.757750e+001  4.013971e-004
 6.782500e+001  4.255957e-004
 6.807250e+001  4.360918e-004
 6.832000e+001  3.993759e-004
 6.856750e+001  3.931024e-004
 6.881500e+001  3.606040e-004
 6.906250e+001  4.280825e-004
 6.931000e+001  4.579050e-004
 6.955750e+001  3.516955e-004
 6.980500e+001  4.092229e-004
 7.005250e+001  3.857242e-004
 7.030000e+001  3.431181e-004
 7.054750e+001  3.462442e-004
 7.079500e+001  3.470047e-004
 7.104250e+001  2.992674e-004
 7.129000e+001  3.489857e-004
 7.153750e+001  3.832740e-004
 7.178500e+001  3.485721e-004
 7.203250e+001  4.660021e-004
 7.228000e+001  4.865101e-004
 7.252750e+001  3.640816e-004
 7.277500e+001  3.356732e-004
 7.302250e+001  3.631409e-004
 7.327000e+001  3.968875e-004
 7.351750e+001  3.302157e-004
 7.376500e+001  3.526446e-004
 7.401250e+001  4.511126e-004
 7.426000e+001  3.485373e-004
 7.450750e+001  3.887087e-004
 7.475500e+001  3.631306e-004
 7.500250e+001  3.656117e-004
 7.525000e+001  4.120016e-004
 7.549750e+001  3.791980e-004
 7.574500e+001  4.046215e-004
 7.599250e+001  4.228948e-004
 7.624000e+001  4.167580e-004
 7.648750e+001  4.045088e-004
 7.673500e+001  3.292764e-004
 7.698250e+001  3.357486e-004
 7.723000e+001  3.376853e-004
 7.747750e+001  4.148977e-004
 7.772500e+001  4.106370e-004
 7.797250e+001  3.532421e-004
 7.822000e+001  3.273584e-004
 7.846750e+001  3.399478e-004
 7.871500e+001  3.156298e-004
 7.896250e+001  3.178043e-004
 7.921000e+001  3.650070e-004
 7.945750e+001  3.658714e-004
 7.970500e+001  3.317344e-004
 7.995250e+001  3.627044e-004
 8.020000e+001  4.370836e-004
 8.044750e+001  3.860648e-004
 8.069500e+001  3.185025e-004
 8.094250e+001  3.361205e-004
 8.119000e+001  3.844032e-004
 8.143750e+001  3.447860e-004
 8.168500e+001  3.972963e-004
 8.193250e+001  4.030360e-004
 8.218000e+001  3.671596e-004
 8.242750e+001  3.575208e-004
 8.267500e+001  3.587214e-004
 8.292250e+001  3.286623e-004
 8.317000e+001  2.509511e-004
 8.341750e+001  3.427344e-004
 8.366500e+001  3.583920e-004
 8.391250e+001  4.184914e-004
 8.416000e+001  4.134280e-004
 8.440750e+001  3.764953e-004
 8.465500e+001  3.559774e-004
 8.490250e+001  3.094623e-004
 8.515000e+001  3.181958e-004
 8.539750e+001  3.234811e-004
 8.564500e+001  3.618373e-004
 8.589250e+001  4.193373e-004
 8.614000e+001  3.514763e-004
 8.638750e+001  3.902284e-004
 8.663500e+001  3.875979e-004
 8.688250e+001  3.580119e-004
 8.713000e+001  3.832202e-004
 8.737750e+001  3.711064e-004
 8.762500e+001  2.776845e-004
 8.787250e+001  3.241217e-004
 8.812000e+001  3.570627e-004
 8.836750e+001  3.187475e-004
 8.861500e+001  3.723192e-004
 8.886250e+001  3.926515e-004
 8.911000e+001  3.747435e-004
 8.935750e+001  5.614741e-004
 8.960500e+001  4.143162e-004
 8.985250e+001  3.623701e-004
 9.010000e+001  3.992296e-004
 9.034750e+001  3.342965e-004
 9.059500e+001  3.576364e-004
 9.084250e+001  3.925320e-004
 9.109000e+001  3.461926e-004
 9.133750e+001  2.379044e-004
 9.158500e+001  2.840890e-004
 9.183250e+001  3.600924e-004
 9.208000e+001  3.575948e-004
 9.232750e+001  3.635064e-004
 9.257500e+001  3.227696e-004
 9.282250e+001  3.275159e-004
 9.307000e+001  3.849467e-004
 9.331750e+001  4.118855e-004
 9.356500e+001  3.323502e-004
 9.381250e+001  3.688894e-004
 9.406000e+001  3.248124e-004
 9.430750e+001  2.913737e-004
 9.455500e+001  2.990080e-004
 9.480250e+001  3.218775e-004
 9.505000e+001  3.288171e-004
 9.529750e+001  3.393171e-004
 9.554500e+001  2.944926e-004
 9.579250e+001  3.328250e-004
 9.604000e+001  3.968688e-004
 9.628750e+001  3.689656e-004
 9.653500e+001  3.608699e-004
 9.678250e+001  3.411488e-004
 9.703000e+001  3.616624e-004
 9.727750e+001  3.282657e-004
 9.752500e+001  3.015334e-004
 9.777250e+001  3.290829e-004
 9.802000e+001  3.780638e-004
 9.826750e+001  3.757329e-004
 9.851500e+001  3.229875e-004
 9.876250e+001  3.197401e-004
 9.901000e+001  3.124205e-004
 9.925750e+001  3.446862e-004
 9.950500e+001  3.414151e-004
 9.975250e+001  5.493223e-004
 1.000000e+002  1.139870e-003
