 1.000000e+001  4.186166e-004
 1.061875e+001  4.427241e-004
 1.123750e+001  4.221927e-004
 1.185625e+001  4.466524e-004
 1.247500e+001  4.366057e-004
 1.309375e+001  3.816269e-004
 1.371250e+001  4.093505e-004
 1.433125e+001  3.994661e-004
 1.495000e+001  3.941060e-004
 1.556875e+001  4.145850e-004
 1.618750e+001  4.323063e-004
 1.680625e+001  4.193470e-004
 1.742500e+001  4.612133e-004
 1.804375e+001  4.744323e-004
 1.866250e+001  3.892565e-004
 1.928125e+001  3.548720e-004
 1.990000e+001  3.456598e-004
 2.051875e+001  3.075456e-004
 2.113750e+001  3.176404e-004
 2.175625e+001  3.211311e-004
 2.237500e+001  3.318865e-004
 2.299375e+001  3.267004e-004
 2.361250e+001  3.195363e-004
 2.423125e+001  3.139835e-004
 2.485000e+001  3.144962e-004
 2.546875e+001  3.091667e-004
 2.608750e+001  3.190536e-004
 2.670625e+001  3.204901e-004
 2.732500e+001  3.348999e-004
 2.794375e+001  4.017833e-004
 2.856250e+001  3.093338e-004
 2.918125e+001  3.535536e-004
 2.980000e+001  3.069682e-004
 3.041875e+001  2.849818e-004
 3.103750e+001  2.736110e-004
 3.165625e+001  2.669828e-004
 3.227500e+001  2.910140e-004
 3.289375e+001  2.625986e-004
 3.351250e+001  2.485552e-004
 3.413125e+001  2.622077e-004
 3.475000e+001  2.606971e-004
 3.536875e+001  3.323754e-004
 3.598750e+001  3.553273e-004
 3.660625e+001  2.603877e-004
 3.722500e+001  2.526876e-004
 3.784375e+001  2.324467e-004
 3.846250e+001  2.481563e-004
 3.908125e+001  2.415842e-004
 3.970000e+001  2.317818e-004
 4.031875e+001  2.314589e-004
 4.093750e+001  2.372946e-004
 4.155625e+001  2.248645e-004
 4.217500e+001  2.198244e-004
 4.279375e+001  2.303413e-004
 4.341250e+001  2.195298e-004
 4.403125e+001  2.126774e-004
 4.465000e+001  2.061526e-004
 4.526875e+001  2.212771e-004
 4.588750e+001  2.240179e-004
 4.650625e+001  2.185072e-004
 4.712500e+001  2.168786e-004
 4.774375e+001  2.497216e-004
 4.836250e+001  2.264288e-004
 4.898125e+001  5.378076e-004
 4.960000e+001  3.368651e-003
 5.021875e+001  3.993564e-003
 5.083750e+001  1.064074e-003
 5.145625e+001  2.515534e-004
 5.207500e+001  2.222421e-004
 5.269375e+001  1.962237e-004
 5.331250e+001  2.120284e-004
 5.393125e+001  2.237359e-004
 5.455000e+001  1.917418e-004
 5.516875e+001  2.014407e-004
 5.578750e+001  1.894377e-004
 5.640625e+001  2.032442e-004
 5.702500e+001  2.226049e-004
 5.764375e+001  1.876726e-004
 5.826250e+001  2.002198e-004
 5.888125e+001  1.897229e-004
 5.950000e+001  1.805805e-004
 6.011875e+001  1.896335e-004
 6.073750e+001  1.810151e-004
 6.135625e+001  1.862408e-004
 6.197500e+001  1.868600e-004
 6.259375e+001  1.773180e-004
 6.321250e+001  1.813569e-004
 6.383125e+001  1.872488e-004
 6.445000e+001  1.701996e-004
 6.506875e+001  1.627839e-004
 6.568750e+001  1.812024e-004
 6.630625e+001  1.752929e-004
 6.692500e+001  1.902099e-004
 6.754375e+001  1.846082e-004
 6.816250e+001  1.828826e-004
 6.878125e+001  1.616078e-004
 6.940000e+001  1.851154e-004
 7.001875e+001  1.785724e-004
 7.063750e+001  1.825905e-004
 7.125625e+001  1.811479e-004
 7.187500e+001  1.671954e-004
 7.249375e+001  1.566003e-004
 7.311250e+001  1.672773e-004
 7.373125e+001  1.733749e-004
 7.435000e+001  1.735468e-004
 7.496875e+001  1.772331e-004
 7.558750e+001  1.782841e-004
 7.620625e+001  1.724630e-004
 7.682500e+001  1.680268e-004
 7.744375e+001  1.634460e-004
 7.806250e+001  1.501198e-004
 7.868125e+001  1.514652e-004
 7.930000e+001  1.643977e-004
 7.991875e+001  1.695922e-004
 8.053750e+001  1.646231e-004
 8.115625e+001  1.668326e-004
 8.177500e+001  1.599878e-004
 8.239375e+001  1.751944e-004
 8.301250e+001  1.724176e-004
 8.363125e+001  1.523025e-004
 8.425000e+001  1.439777e-004
 8.486875e+001  1.536114e-004
 8.548750e+001  1.612738e-004
 8.610625e+001  1.626105e-004
 8.672500e+001  1.474704e-004
 8.734375e+001  1.478986e-004
 8.796250e+001  1.708925e-004
 8.858125e+001  1.580358e-004
 8.920000e+001  2.179117e-004
 8.981875e+001  1.875614e-004
 9.043750e+001  1.622856e-004
 9.105625e+001  1.601532e-004
 9.167500e+001  1.499810e-004
 9.229375e+001  1.566108e-004
 9.291250e+001  1.748228e-004
 9.353125e+001  1.874276e-004
 9.415000e+001  1.627652e-004
 9.476875e+001  1.545936e-004
 9.538750e+001  1.699213e-004
 9.600625e+001  1.693689e-004
 9.662500e+001  1.606941e-004
 9.724375e+001  1.712952e-004
 9.786250e+001  1.691919e-004
 9.848125e+001  1.548703e-004
 9.910000e+001  1.776592e-004
 9.971875e+001  3.614669e-004
 1.003375e+002  3.188636e-004
 1.009563e+002  1.636296e-004
 1.015750e+002  1.674130e-004
 1.021938e+002  1.754213e-004
 1.028125e+002  1.764951e-004
 1.034313e+002  1.610825e-004
 1.040500e+002  1.586449e-004
 1.046688e+002  1.589132e-004
 1.052875e+002  1.683869e-004
 1.059063e+002  1.755506e-004
 1.065250e+002  1.871921e-004
 1.071438e+002  1.864104e-004
 1.077625e+002  1.701648e-004
 1.083813e+002  1.467061e-004
 1.090000e+002  1.694366e-004
 1.096188e+002  1.772655e-004
 1.102375e+002  1.707221e-004
 1.108563e+002  1.581178e-004
 1.114750e+002  1.516925e-004
 1.120938e+002  1.668171e-004
 1.127125e+002  1.690535e-004
 1.133313e+002  1.825740e-004
 1.139500e+002  1.623259e-004
 1.145688e+002  1.529974e-004
 1.151875e+002  1.854125e-004
 1.158063e+002  1.845983e-004
 1.164250e+002  1.718758e-004
 1.170438e+002  1.636157e-004
 1.176625e+002  1.750628e-004
 1.182813e+002  1.717224e-004
 1.189000e+002  1.597789e-004
 1.195188e+002  1.602287e-004
 1.201375e+002  1.749322e-004
 1.207563e+002  1.664738e-004
 1.213750e+002  1.679214e-004
 1.219938e+002  1.581415e-004
 1.226125e+002  1.892023e-004
 1.232313e+002  1.903509e-004
 1.238500e+002  1.832781e-004
 1.244688e+002  1.928235e-004
 1.250875e+002  1.839128e-004
 1.257063e+002  1.707810e-004
 1.263250e+002  1.648164e-004
 1.269438e+002  1.670527e-004
 1.275625e+002  1.735869e-004
 1.281813e+002  1.761354e-004
 1.288000e+002  1.882994e-004
 1.294188e+002  1.816370e-004
 1.300375e+002  1.842831e-004
 1.306563e+002  1.977198e-004
 1.312750e+002  1.889914e-004
 1.318938e+002  1.596902e-004
 1.325125e+002  1.588549e-004
 1.331313e+002  1.753059e-004
 1.337500e+002  1.597246e-004
 1.343688e+002  1.639472e-004
 1.349875e+002  1.816471e-004
 1.356063e+002  1.713885e-004
 1.362250e+002  1.692106e-004
 1.368438e+002  1.730081e-004
 1.374625e+002  1.642029e-004
 1.380813e+002  1.627488e-004
 1.387000e+002  1.706414e-004
 1.393188e+002  1.683771e-004
 1.399375e+002  1.713141e-004
 1.405563e+002  1.667371e-004
 1.411750e+002  1.703912e-004
 1.417938e+002  1.795574e-004
 1.424125e+002  1.840220e-004
 1.430313e+002  1.892156e-004
 1.436500e+002  1.777074e-004
 1.442688e+002  1.793721e-004
 1.448875e+002  1.915688e-004
 1.455063e+002  1.848409e-004
 1.461250e+002  1.809170e-004
 1.467438e+002  1.768636e-004
 1.473625e+002  1.801745e-004
 1.479813e+002  1.791550e-004
 1.486000e+002  1.725868e-004
 1.492188e+002  1.028366e-003
 1.498375e+002  2.772166e-003
 1.504563e+002  1.888967e-003
 1.510750e+002  2.344199e-004
 1.516938e+002  1.520574e-004
 1.523125e+002  1.580337e-004
 1.529313e+002  1.730963e-004
 1.535500e+002  1.710220e-004
 1.541688e+002  1.846164e-004
 1.547875e+002  1.976777e-004
 1.554063e+002  1.753826e-004
 1.560250e+002  1.785955e-004
 1.566438e+002  1.952449e-004
 1.572625e+002  1.895055e-004
 1.578813e+002  1.930743e-004
 1.585000e+002  1.939594e-004
 1.591188e+002  2.018439e-004
 1.597375e+002  1.940966e-004
 1.603563e+002  1.737227e-004
 1.609750e+002  1.833259e-004
 1.615938e+002  1.748300e-004
 1.622125e+002  1.699784e-004
 1.628313e+002  1.929601e-004
 1.634500e+002  1.893259e-004
 1.640688e+002  1.915038e-004
 1.646875e+002  1.922645e-004
 1.653063e+002  1.851556e-004
 1.659250e+002  1.873407e-004
 1.665438e+002  1.816683e-004
 1.671625e+002  2.102212e-004
 1.677813e+002  2.100651e-004
 1.684000e+002  1.949668e-004
 1.690188e+002  1.897516e-004
 1.696375e+002  1.866529e-004
 1.702563e+002  1.950874e-004
 1.708750e+002  1.997070e-004
 1.714938e+002  2.060489e-004
 1.721125e+002  1.982790e-004
 1.727313e+002  1.878203e-004
 1.733500e+002  1.900013e-004
 1.739688e+002  1.882737e-004
 1.745875e+002  1.892235e-004
 1.752063e+002  2.062809e-004
 1.758250e+002  1.976023e-004
 1.764438e+002  1.892038e-004
 1.770625e+002  1.876314e-004
 1.776813e+002  2.103598e-004
 1.783000e+002  2.002348e-004
 1.789188e+002  1.872064e-004
 1.795375e+002  1.880359e-004
 1.801563e+002  2.128578e-004
 1.807750e+002  1.911628e-004
 1.813938e+002  1.869340e-004
 1.820125e+002  1.943302e-004
 1.826313e+002  2.055414e-004
 1.832500e+002  1.972734e-004
 1.838688e+002  1.911835e-004
 1.844875e+002  2.174488e-004
 1.851063e+002  2.179481e-004
 1.857250e+002  2.108292e-004
 1.863438e+002  2.125989e-004
 1.869625e+002  2.000343e-004
 1.875813e+002  1.876701e-004
 1.882000e+002  1.966541e-004
 1.888188e+002  1.934538e-004
 1.894375e+002  1.941887e-004
 1.900563e+002  2.086255e-004
 1.906750e+002  1.926678e-004
 1.912938e+002  1.920873e-004
 1.919125e+002  1.825429e-004
 1.925313e+002  2.108732e-004
 1.931500e+002  2.095493e-004
 1.937688e+002  2.088039e-004
 1.943875e+002  2.085792e-004
 1.950063e+002  1.915949e-004
 1.956250e+002  2.038026e-004
 1.962438e+002  2.007637e-004
 1.968625e+002  2.102924e-004
 1.974813e+002  1.821006e-004
 1.981000e+002  1.942062e-004
 1.987188e+002  1.955356e-004
 1.993375e+002  3.983658e-004
 1.999563e+002  6.965641e-004
 2.005750e+002  3.819793e-004
 2.011938e+002  2.055643e-004
 2.018125e+002  2.062340e-004
 2.024313e+002  2.072322e-004
 2.030500e+002  2.190980e-004
 2.036688e+002  2.023783e-004
 2.042875e+002  2.011304e-004
 2.049063e+002  2.071423e-004
 2.055250e+002  2.010055e-004
 2.061438e+002  2.360790e-004
 2.067625e+002  2.185265e-004
 2.073813e+002  1.940898e-004
 2.080000e+002  2.026537e-004
 2.086188e+002  2.138230e-004
 2.092375e+002  2.006102e-004
 2.098563e+002  2.032762e-004
 2.104750e+002  1.987852e-004
 2.110938e+002  2.038002e-004
 2.117125e+002  1.982087e-004
 2.123313e+002  1.995140e-004
 2.129500e+002  2.094509e-004
 2.135688e+002  2.042230e-004
 2.141875e+002  2.110951e-004
 2.148063e+002  2.175781e-004
 2.154250e+002  2.243395e-004
 2.160438e+002  2.181874e-004
 2.166625e+002  2.060481e-004
 2.172813e+002  1.886792e-004
 2.179000e+002  2.034163e-004
 2.185188e+002  2.035928e-004
 2.191375e+002  2.022704e-004
 2.197563e+002  2.081503e-004
 2.203750e+002  2.292111e-004
 2.209938e+002  2.224936e-004
 2.216125e+002  2.287505e-004
 2.222313e+002  2.059048e-004
 2.228500e+002  2.099970e-004
 2.234688e+002  2.110020e-004
 2.240875e+002  1.981440e-004
 2.247063e+002  1.927247e-004
 2.253250e+002  1.875387e-004
 2.259438e+002  2.087158e-004
 2.265625e+002  2.237723e-004
 2.271813e+002  2.199102e-004
 2.278000e+002  2.123915e-004
 2.284188e+002  2.195280e-004
 2.290375e+002  2.204626e-004
 2.296563e+002  2.034373e-004
 2.302750e+002  1.965622e-004
 2.308938e+002  1.997721e-004
 2.315125e+002  2.152132e-004
 2.321313e+002  2.282729e-004
 2.327500e+002  2.204685e-004
 2.333688e+002  2.185431e-004
 2.339875e+002  2.262865e-004
 2.346063e+002  2.052282e-004
 2.352250e+002  2.102973e-004
 2.358438e+002  2.217635e-004
 2.364625e+002  2.140790e-004
 2.370813e+002  2.216298e-004
 2.377000e+002  2.145097e-004
 2.383188e+002  2.046346e-004
 2.389375e+002  2.152122e-004
 2.395563e+002  2.057412e-004
 2.401750e+002  2.130388e-004
 2.407938e+002  1.990412e-004
 2.414125e+002  2.137062e-004
 2.420313e+002  2.144485e-004
 2.426500e+002  2.236366e-004
 2.432688e+002  2.148033e-004
 2.438875e+002  2.062655e-004
 2.445063e+002  2.214101e-004
 2.451250e+002  2.473491e-004
 2.457438e+002  2.355838e-004
 2.463625e+002  2.195995e-004
 2.469813e+002  2.199124e-004
 2.476000e+002  2.295053e-004
 2.482188e+002  2.243135e-004
 2.488375e+002  2.259056e-004
 2.494563e+002  5.043086e-004
 2.500750e+002  6.969779e-004
 2.506938e+002  3.266203e-004
 2.513125e+002  2.086158e-004
 2.519313e+002  2.239261e-004
 2.525500e+002  2.374051e-004
 2.531688e+002  2.125342e-004
 2.537875e+002  2.184769e-004
 2.544063e+002  2.113771e-004
 2.550250e+002  2.259455e-004
 2.556438e+002  2.250072e-004
 2.562625e+002  2.050064e-004
 2.568813e+002  2.047588e-004
 2.575000e+002  2.074258e-004
 2.581188e+002  2.150229e-004
 2.587375e+002  2.190864e-004
 2.593563e+002  2.152963e-004
 2.599750e+002  2.148497e-004
 2.605938e+002  2.055039e-004
 2.612125e+002  2.121564e-004
 2.618313e+002  2.179054e-004
 2.624500e+002  2.119872e-004
 2.630688e+002  2.226976e-004
 2.636875e+002  2.181158e-004
 2.643063e+002  2.285151e-004
 2.649250e+002  2.106421e-004
 2.655438e+002  2.193377e-004
 2.661625e+002  2.271573e-004
 2.667813e+002  1.999662e-004
 2.674000e+002  2.253762e-004
 2.680188e+002  2.237929e-004
 2.686375e+002  2.070402e-004
 2.692563e+002  2.014714e-004
 2.698750e+002  1.945622e-004
 2.704938e+002  2.158452e-004
 2.711125e+002  2.158837e-004
 2.717313e+002  2.032846e-004
 2.723500e+002  2.232043e-004
 2.729688e+002  2.163772e-004
 2.735875e+002  2.199616e-004
 2.742063e+002  2.217429e-004
 2.748250e+002  2.192556e-004
 2.754438e+002  2.440512e-004
 2.760625e+002  2.262875e-004
 2.766813e+002  2.188581e-004
 2.773000e+002  2.247588e-004
 2.779188e+002  2.220181e-004
 2.785375e+002  2.254538e-004
 2.791563e+002  2.254846e-004
 2.797750e+002  2.210235e-004
 2.803938e+002  2.247348e-004
 2.810125e+002  2.241797e-004
 2.816313e+002  2.001895e-004
 2.822500e+002  2.050803e-004
 2.828688e+002  2.245023e-004
 2.834875e+002  2.154192e-004
 2.841063e+002  2.177706e-004
 2.847250e+002  2.440269e-004
 2.853438e+002  2.522434e-004
 2.859625e+002  2.284891e-004
 2.865813e+002  2.183791e-004
 2.872000e+002  2.114571e-004
 2.878188e+002  2.108464e-004
 2.884375e+002  2.097824e-004
 2.890563e+002  2.187098e-004
 2.896750e+002  2.136666e-004
 2.902938e+002  2.099869e-004
 2.909125e+002  2.173060e-004
 2.915313e+002  2.251862e-004
 2.921500e+002  2.025675e-004
 2.927688e+002  1.934665e-004
 2.933875e+002  2.055136e-004
 2.940063e+002  2.080936e-004
 2.946250e+002  2.088716e-004
 2.952438e+002  2.155982e-004
 2.958625e+002  2.170897e-004
 2.964813e+002  2.176950e-004
 2.971000e+002  2.191586e-004
 2.977188e+002  2.184467e-004
 2.983375e+002  2.278406e-004
 2.989563e+002  2.344577e-004
 2.995750e+002  3.382854e-004
 3.001938e+002  3.793011e-004
 3.008125e+002  2.533834e-004
 3.014313e+002  2.257745e-004
 3.020500e+002  3.466191e-004
 3.026688e+002  2.726108e-003
 3.032875e+002  3.660812e-003
 3.039063e+002  1.192611e-003
 3.045250e+002  2.861192e-004
 3.051438e+002  2.315379e-004
 3.057625e+002  2.108736e-004
 3.063813e+002  2.289650e-004
 3.070000e+002  2.427155e-004
 3.076188e+002  2.245991e-004
 3.082375e+002  2.164088e-004
 3.088563e+002  2.178393e-004
 3.094750e+002  2.337731e-004
 3.100938e+002  2.384279e-004
 3.107125e+002  2.403313e-004
 3.113313e+002  2.268978e-004
 3.119500e+002  2.347712e-004
 3.125688e+002  2.376007e-004
 3.131875e+002  2.294495e-004
 3.138063e+002  2.498514e-004
 3.144250e+002  2.362248e-004
 3.150437e+002  2.333574e-004
 3.156625e+002  2.441335e-004
 3.162812e+002  2.282033e-004
 3.169000e+002  2.186903e-004
 3.175187e+002  2.175124e-004
 3.181375e+002  2.139705e-004
 3.187562e+002  2.263585e-004
 3.193750e+002  2.125374e-004
 3.199937e+002  2.254629e-004
 3.206125e+002  2.270510e-004
 3.212312e+002  2.333452e-004
 3.218500e+002  2.369486e-004
 3.224687e+002  2.427207e-004
 3.230875e+002  2.325848e-004
 3.237062e+002  2.001671e-004
 3.243250e+002  2.178773e-004
 3.249437e+002  2.309198e-004
 3.255625e+002  2.516217e-004
 3.261812e+002  2.580943e-004
 3.268000e+002  2.274338e-004
 3.274187e+002  2.168551e-004
 3.280375e+002  2.139242e-004
 3.286562e+002  2.296538e-004
 3.292750e+002  2.299739e-004
 3.298937e+002  2.254479e-004
 3.305125e+002  2.307173e-004
 3.311312e+002  2.269671e-004
 3.317500e+002  2.220741e-004
 3.323687e+002  2.531134e-004
 3.329875e+002  2.262155e-004
 3.336062e+002  2.160178e-004
 3.342250e+002  2.249875e-004
 3.348437e+002  2.310266e-004
 3.354625e+002  2.273733e-004
 3.360812e+002  2.081282e-004
 3.367000e+002  2.324094e-004
 3.373187e+002  2.105920e-004
 3.379375e+002  2.241196e-004
 3.385562e+002  2.391263e-004
 3.391750e+002  2.082988e-004
 3.397937e+002  2.107293e-004
 3.404125e+002  2.177063e-004
 3.410312e+002  2.198024e-004
 3.416500e+002  2.238884e-004
 3.422687e+002  2.354979e-004
 3.428875e+002  2.296730e-004
 3.435062e+002  2.247247e-004
 3.441250e+002  2.355916e-004
 3.447437e+002  2.369151e-004
 3.453625e+002  2.219711e-004
 3.459812e+002  2.292490e-004
 3.466000e+002  2.264973e-004
 3.472187e+002  2.195685e-004
 3.478375e+002  2.153823e-004
 3.484562e+002  2.237889e-004
 3.490750e+002  3.457231e-004
 3.496937e+002  9.686230e-004
 3.503125e+002  8.592239e-004
 3.509312e+002  2.773150e-004
 3.515500e+002  2.178653e-004
 3.521687e+002  2.392552e-004
 3.527875e+002  2.403005e-004
 3.534062e+002  2.424081e-004
 3.540250e+002  2.322848e-004
 3.546437e+002  2.206204e-004
 3.552625e+002  2.356527e-004
 3.558812e+002  2.610975e-004
 3.565000e+002  2.508036e-004
 3.571187e+002  2.397729e-004
 3.577375e+002  2.321146e-004
 3.583562e+002  2.512705e-004
 3.589750e+002  2.450582e-004
 3.595937e+002  2.405556e-004
 3.602125e+002  2.339648e-004
 3.608312e+002  2.232334e-004
 3.614500e+002  2.267407e-004
 3.620687e+002  2.327909e-004
 3.626875e+002  2.352923e-004
 3.633062e+002  2.469315e-004
 3.639250e+002  2.549884e-004
 3.645437e+002  2.294258e-004
 3.651625e+002  2.196874e-004
 3.657812e+002  2.163464e-004
 3.664000e+002  2.172903e-004
 3.670187e+002  2.301617e-004
 3.676375e+002  2.376536e-004
 3.682562e+002  2.463261e-004
 3.688750e+002  2.574965e-004
 3.694937e+002  2.358939e-004
 3.701125e+002  2.293917e-004
 3.707312e+002  2.335218e-004
 3.713500e+002  2.331147e-004
 3.719687e+002  2.621289e-004
 3.725875e+002  2.346868e-004
 3.732062e+002  2.233521e-004
 3.738250e+002  2.395718e-004
 3.744437e+002  2.270926e-004
 3.750625e+002  2.430921e-004
 3.756812e+002  2.480666e-004
 3.763000e+002  2.554587e-004
 3.769187e+002  2.451613e-004
 3.775375e+002  2.250281e-004
 3.781562e+002  2.129602e-004
 3.787750e+002  2.440569e-004
 3.793937e+002  2.526294e-004
 3.800125e+002  2.256838e-004
 3.806312e+002  2.211578e-004
 3.812500e+002  2.163969e-004
 3.818687e+002  2.269260e-004
 3.824875e+002  2.430952e-004
 3.831062e+002  2.537685e-004
 3.837250e+002  2.667144e-004
 3.843437e+002  2.455912e-004
 3.849625e+002  2.256403e-004
 3.855812e+002  2.290060e-004
 3.862000e+002  2.385161e-004
 3.868187e+002  2.177690e-004
 3.874375e+002  2.270134e-004
 3.880562e+002  2.225051e-004
 3.886750e+002  2.285543e-004
 3.892937e+002  2.335856e-004
 3.899125e+002  2.228762e-004
 3.905312e+002  2.445176e-004
 3.911500e+002  2.431639e-004
 3.917687e+002  2.371747e-004
 3.923875e+002  2.604299e-004
 3.930062e+002  2.504082e-004
 3.936250e+002  2.359633e-004
 3.942437e+002  2.440385e-004
 3.948625e+002  2.405188e-004
 3.954812e+002  2.313526e-004
 3.961000e+002  2.177202e-004
 3.967187e+002  2.362298e-004
 3.973375e+002  2.435625e-004
 3.979562e+002  2.340976e-004
 3.985750e+002  2.436276e-004
 3.991937e+002  3.073440e-004
 3.998125e+002  4.556092e-004
 4.004312e+002  3.364605e-004
 4.010500e+002  2.428026e-004
 4.016687e+002  2.534424e-004
 4.022875e+002  2.549262e-004
 4.029062e+002  2.445182e-004
 4.035250e+002  2.318378e-004
 4.041437e+002  2.265858e-004
 4.047625e+002  2.278766e-004
 4.053812e+002  2.424933e-004
 4.060000e+002  2.101807e-004
 4.066187e+002  2.254629e-004
 4.072375e+002  2.438398e-004
 4.078562e+002  2.339062e-004
 4.084750e+002  2.543301e-004
 4.090937e+002  2.535915e-004
 4.097125e+002  2.281071e-004
 4.103312e+002  2.281905e-004
 4.109500e+002  2.363340e-004
 4.115687e+002  2.290021e-004
 4.121875e+002  2.426139e-004
 4.128062e+002  2.303896e-004
 4.134250e+002  2.420610e-004
 4.140437e+002  2.412441e-004
 4.146625e+002  2.544812e-004
 4.152812e+002  2.410324e-004
 4.159000e+002  2.285816e-004
 4.165187e+002  2.381193e-004
 4.171375e+002  2.202532e-004
 4.177562e+002  2.334928e-004
 4.183750e+002  2.154616e-004
 4.189937e+002  2.137459e-004
 4.196125e+002  2.323707e-004
 4.202312e+002  2.498336e-004
 4.208500e+002  2.550433e-004
 4.214687e+002  2.559225e-004
 4.220875e+002  2.617592e-004
 4.227062e+002  2.308093e-004
 4.233250e+002  2.441996e-004
 4.239437e+002  2.522245e-004
 4.245625e+002  2.480070e-004
 4.251812e+002  2.520632e-004
 4.258000e+002  2.655298e-004
 4.264187e+002  2.588231e-004
 4.270375e+002  2.455657e-004
 4.276562e+002  2.502630e-004
 4.282750e+002  2.407796e-004
 4.288937e+002  2.285427e-004
 4.295125e+002  2.347112e-004
 4.301312e+002  2.515695e-004
 4.307500e+002  2.574670e-004
 4.313687e+002  2.580063e-004
 4.319875e+002  2.663937e-004
 4.326062e+002  2.509461e-004
 4.332250e+002  2.353116e-004
 4.338437e+002  2.386754e-004
 4.344625e+002  2.224007e-004
 4.350812e+002  2.496670e-004
 4.357000e+002  2.359017e-004
 4.363187e+002  2.432935e-004
 4.369375e+002  2.633195e-004
 4.375562e+002  2.505510e-004
 4.381750e+002  2.441507e-004
 4.387937e+002  2.419960e-004
 4.394125e+002  2.275636e-004
 4.400312e+002  2.455538e-004
 4.406500e+002  2.412195e-004
 4.412687e+002  2.277878e-004
 4.418875e+002  2.314482e-004
 4.425062e+002  2.459984e-004
 4.431250e+002  2.471802e-004
 4.437437e+002  2.459901e-004
 4.443625e+002  2.386739e-004
 4.449812e+002  2.323898e-004
 4.456000e+002  2.445931e-004
 4.462187e+002  2.654237e-004
 4.468375e+002  2.425760e-004
 4.474562e+002  2.444193e-004
 4.480750e+002  2.478399e-004
 4.486937e+002  2.349280e-004
 4.493125e+002  6.645853e-004
 4.499312e+002  1.174602e-003
 4.505500e+002  6.343579e-004
 4.511687e+002  2.632343e-004
 4.517875e+002  2.690280e-004
 4.524062e+002  2.685466e-004
 4.530250e+002  2.592724e-004
 4.536437e+002  2.502964e-004
 4.542625e+002  2.715864e-004
 4.548812e+002  2.642745e-004
 4.555000e+002  2.528017e-004
 4.561187e+002  2.636367e-004
 4.567375e+002  2.332077e-004
 4.573562e+002  2.385819e-004
 4.579750e+002  2.368452e-004
 4.585937e+002  2.468263e-004
 4.592125e+002  2.601054e-004
 4.598312e+002  2.691996e-004
 4.604500e+002  2.771046e-004
 4.610687e+002  2.465067e-004
 4.616875e+002  2.474122e-004
 4.623062e+002  2.468584e-004
 4.629250e+002  2.196926e-004
 4.635437e+002  2.514996e-004
 4.641625e+002  2.706972e-004
 4.647812e+002  2.509148e-004
 4.654000e+002  2.539269e-004
 4.660187e+002  2.377997e-004
 4.666375e+002  2.343053e-004
 4.672562e+002  2.436287e-004
 4.678750e+002  2.668732e-004
 4.684937e+002  2.532625e-004
 4.691125e+002  2.300646e-004
 4.697312e+002  2.375575e-004
 4.703500e+002  2.395320e-004
 4.709687e+002  2.581827e-004
 4.715875e+002  2.537654e-004
 4.722062e+002  2.469768e-004
 4.728250e+002  2.620183e-004
 4.734437e+002  2.484390e-004
 4.740625e+002  2.218487e-004
 4.746812e+002  2.405349e-004
 4.753000e+002  2.410688e-004
 4.759187e+002  2.545974e-004
 4.765375e+002  2.746760e-004
 4.771562e+002  2.635861e-004
 4.777750e+002  2.520219e-004
 4.783937e+002  2.580609e-004
 4.790125e+002  2.426224e-004
 4.796312e+002  2.399243e-004
 4.802500e+002  2.482268e-004
 4.808687e+002  2.546680e-004
 4.814875e+002  2.321410e-004
 4.821062e+002  2.387786e-004
 4.827250e+002  2.313809e-004
 4.833437e+002  2.389466e-004
 4.839625e+002  2.441247e-004
 4.845812e+002  2.578352e-004
 4.852000e+002  2.343447e-004
 4.858187e+002  2.316894e-004
 4.864375e+002  2.445969e-004
 4.870562e+002  2.426393e-004
 4.876750e+002  2.521055e-004
 4.882937e+002  2.369651e-004
 4.889125e+002  2.363220e-004
 4.895312e+002  2.352877e-004
 4.901500e+002  2.436996e-004
 4.907687e+002  2.497455e-004
 4.913875e+002  2.823120e-004
 4.920062e+002  3.031880e-004
 4.926250e+002  2.430281e-004
 4.932437e+002  2.436695e-004
 4.938625e+002  2.560324e-004
 4.944812e+002  2.379891e-004
 4.951000e+002  2.301596e-004
 4.957187e+002  2.342704e-004
 4.963375e+002  2.300175e-004
 4.969562e+002  2.391306e-004
 4.975750e+002  2.637895e-004
 4.981937e+002  2.611617e-004
 4.988125e+002  2.670821e-004
 4.994312e+002  3.112690e-004
 5.000500e+002  3.560273e-004
 5.006687e+002  2.645348e-004
 5.012875e+002  2.420368e-004
 5.019062e+002  2.514485e-004
 5.025250e+002  2.363557e-004
 5.031437e+002  2.489277e-004
 5.037625e+002  2.319792e-004
 5.043812e+002  2.495834e-004
 5.050000e+002  2.541893e-004
 5.056187e+002  2.345579e-004
 5.062375e+002  2.388699e-004
 5.068562e+002  2.519841e-004
 5.074750e+002  2.440763e-004
 5.080937e+002  2.346804e-004
 5.087125e+002  2.241582e-004
 5.093312e+002  2.463408e-004
 5.099500e+002  2.430175e-004
 5.105687e+002  2.313703e-004
 5.111875e+002  2.269348e-004
 5.118062e+002  2.591117e-004
 5.124250e+002  2.572451e-004
 5.130437e+002  2.519886e-004
 5.136625e+002  2.677284e-004
 5.142812e+002  2.662507e-004
 5.149000e+002  2.424019e-004
 5.155187e+002  2.282749e-004
 5.161375e+002  2.334834e-004
 5.167562e+002  2.366348e-004
 5.173750e+002  2.449538e-004
 5.179937e+002  2.416877e-004
 5.186125e+002  2.458090e-004
 5.192312e+002  2.649029e-004
 5.198500e+002  2.600927e-004
 5.204687e+002  2.471200e-004
 5.210875e+002  2.333794e-004
 5.217062e+002  2.377175e-004
 5.223250e+002  2.436783e-004
 5.229437e+002  2.757306e-004
 5.235625e+002  2.629070e-004
 5.241812e+002  2.423840e-004
 5.248000e+002  2.428211e-004
 5.254187e+002  2.392738e-004
 5.260375e+002  2.363794e-004
 5.266562e+002  2.489127e-004
 5.272750e+002  2.301007e-004
 5.278937e+002  2.115252e-004
 5.285125e+002  2.450136e-004
 5.291312e+002  2.551515e-004
 5.297500e+002  2.560606e-004
 5.303687e+002  2.381247e-004
 5.309875e+002  2.415321e-004
 5.316062e+002  2.508899e-004
 5.322250e+002  2.430377e-004
 5.328437e+002  2.653145e-004
 5.334625e+002  2.536553e-004
 5.340812e+002  2.606072e-004
 5.347000e+002  2.466981e-004
 5.353187e+002  2.567931e-004
 5.359375e+002  2.712646e-004
 5.365562e+002  2.577885e-004
 5.371750e+002  2.699074e-004
 5.377937e+002  2.617605e-004
 5.384125e+002  2.539392e-004
 5.390312e+002  2.685807e-004
 5.396500e+002  2.807526e-004
 5.402687e+002  2.650161e-004
 5.408875e+002  2.512779e-004
 5.415062e+002  2.485188e-004
 5.421250e+002  2.489573e-004
 5.427437e+002  2.495799e-004
 5.433625e+002  2.761196e-004
 5.439812e+002  2.809404e-004
 5.446000e+002  2.698736e-004
 5.452187e+002  2.394238e-004
 5.458375e+002  2.553176e-004
 5.464562e+002  2.548010e-004
 5.470750e+002  2.450519e-004
 5.476937e+002  2.483036e-004
 5.483125e+002  2.507890e-004
 5.489312e+002  2.560503e-004
 5.495500e+002  5.419454e-004
 5.501687e+002  5.893853e-004
 5.507875e+002  2.855765e-004
 5.514062e+002  2.626183e-004
 5.520250e+002  2.899444e-004
 5.526437e+002  2.724106e-004
 5.532625e+002  2.780504e-004
 5.538812e+002  2.623008e-004
 5.545000e+002  2.396169e-004
 5.551187e+002  2.613114e-004
 5.557375e+002  2.549850e-004
 5.563562e+002  2.554909e-004
 5.569750e+002  2.474434e-004
 5.575937e+002  2.122389e-004
 5.582125e+002  2.468511e-004
 5.588312e+002  2.531024e-004
 5.594500e+002  2.545411e-004
 5.600687e+002  2.448664e-004
 5.606875e+002  2.615619e-004
 5.613062e+002  2.659938e-004
 5.619250e+002  2.536800e-004
 5.625437e+002  2.455185e-004
 5.631625e+002  2.518624e-004
 5.637812e+002  2.603569e-004
 5.644000e+002  2.364610e-004
 5.650187e+002  2.464479e-004
 5.656375e+002  2.626119e-004
 5.662562e+002  2.455103e-004
 5.668750e+002  2.374137e-004
 5.674937e+002  2.388177e-004
 5.681125e+002  2.392530e-004
 5.687312e+002  2.372729e-004
 5.693500e+002  2.292428e-004
 5.699687e+002  2.327886e-004
 5.705875e+002  2.384056e-004
 5.712062e+002  2.443615e-004
 5.718250e+002  2.380974e-004
 5.724437e+002  2.388282e-004
 5.730625e+002  2.514037e-004
 5.736812e+002  2.657581e-004
 5.743000e+002  2.566664e-004
 5.749187e+002  2.346125e-004
 5.755375e+002  2.437972e-004
 5.761562e+002  2.540570e-004
 5.767750e+002  2.498279e-004
 5.773937e+002  2.405732e-004
 5.780125e+002  2.363466e-004
 5.786312e+002  2.521782e-004
 5.792500e+002  2.413664e-004
 5.798687e+002  2.319631e-004
 5.804875e+002  2.252807e-004
 5.811062e+002  2.478986e-004
 5.817250e+002  2.453394e-004
 5.823437e+002  2.441337e-004
 5.829625e+002  2.534335e-004
 5.835812e+002  2.386159e-004
 5.842000e+002  2.550250e-004
 5.848187e+002  2.476704e-004
 5.854375e+002  2.300131e-004
 5.860562e+002  2.489899e-004
 5.866750e+002  2.565888e-004
 5.872937e+002  2.624827e-004
 5.879125e+002  2.678860e-004
 5.885312e+002  2.531780e-004
 5.891500e+002  2.415925e-004
 5.897687e+002  2.484007e-004
 5.903875e+002  2.379063e-004
 5.910062e+002  2.517051e-004
 5.916250e+002  2.487068e-004
 5.922437e+002  2.630704e-004
 5.928625e+002  2.582690e-004
 5.934812e+002  2.327907e-004
 5.941000e+002  2.330438e-004
 5.947187e+002  2.604728e-004
 5.953375e+002  2.650570e-004
 5.959562e+002  2.599586e-004
 5.965750e+002  2.522254e-004
 5.971937e+002  2.589653e-004
 5.978125e+002  2.554333e-004
 5.984312e+002  2.579451e-004
 5.990500e+002  2.550191e-004
 5.996687e+002  2.996256e-004
 6.002875e+002  2.903958e-004
 6.009062e+002  2.557488e-004
 6.015250e+002  2.442978e-004
 6.021437e+002  2.450526e-004
 6.027625e+002  2.542954e-004
 6.033812e+002  2.434544e-004
 6.040000e+002  2.572029e-004
 6.046187e+002  2.598836e-004
 6.052375e+002  4.144639e-004
 6.058562e+002  2.028950e-003
 6.064750e+002  2.317251e-003
 6.070937e+002  6.428753e-004
 6.077125e+002  2.616537e-004
 6.083312e+002  2.540092e-004
 6.089500e+002  2.661952e-004
 6.095687e+002  2.589062e-004
 6.101875e+002  2.409867e-004
 6.108062e+002  2.349537e-004
 6.114250e+002  2.415916e-004
 6.120437e+002  2.545705e-004
 6.126625e+002  2.378791e-004
 6.132812e+002  2.363444e-004
 6.139000e+002  2.483812e-004
 6.145187e+002  3.183198e-004
 6.151375e+002  3.329481e-004
 6.157562e+002  2.482376e-004
 6.163750e+002  2.615756e-004
 6.169937e+002  2.902886e-004
 6.176125e+002  2.819683e-004
 6.182312e+002  2.566589e-004
 6.188500e+002  2.614179e-004
 6.194687e+002  2.376804e-004
 6.200875e+002  2.419926e-004
 6.207062e+002  2.485494e-004
 6.213250e+002  2.508956e-004
 6.219437e+002  2.815579e-004
 6.225625e+002  2.913688e-004
 6.231812e+002  2.674481e-004
 6.238000e+002  2.529236e-004
 6.244187e+002  2.639707e-004
 6.250375e+002  2.540866e-004
 6.256562e+002  2.610927e-004
 6.262750e+002  2.500907e-004
 6.268937e+002  2.433231e-004
 6.275125e+002  2.674639e-004
 6.281312e+002  2.423058e-004
 6.287500e+002  2.457358e-004
 6.293687e+002  2.517767e-004
 6.299875e+002  2.496680e-004
 6.306062e+002  2.653110e-004
 6.312250e+002  2.830664e-004
 6.318437e+002  2.626401e-004
 6.324625e+002  2.518373e-004
 6.330812e+002  2.568022e-004
 6.337000e+002  2.650079e-004
 6.343187e+002  2.487356e-004
 6.349375e+002  2.398869e-004
 6.355562e+002  2.261633e-004
 6.361750e+002  2.536611e-004
 6.367937e+002  2.538983e-004
 6.374125e+002  2.403899e-004
 6.380312e+002  2.655210e-004
 6.386500e+002  2.791031e-004
 6.392687e+002  2.694470e-004
 6.398875e+002  2.577082e-004
 6.405062e+002  2.552347e-004
 6.411250e+002  2.459098e-004
 6.417437e+002  2.293006e-004
 6.423625e+002  2.437649e-004
 6.429812e+002  2.546676e-004
 6.436000e+002  2.681408e-004
 6.442187e+002  2.599012e-004
 6.448375e+002  2.483880e-004
 6.454562e+002  2.413493e-004
 6.460750e+002  2.558883e-004
 6.466937e+002  2.526940e-004
 6.473125e+002  2.562026e-004
 6.479312e+002  2.668779e-004
 6.485500e+002  2.825543e-004
 6.491687e+002  3.277951e-004
 6.497875e+002  5.043777e-004
 6.504062e+002  3.833751e-004
 6.510250e+002  2.682618e-004
 6.516437e+002  2.735929e-004
 6.522625e+002  2.737898e-004
 6.528812e+002  2.722541e-004
 6.535000e+002  2.539877e-004
 6.541187e+002  2.400533e-004
 6.547375e+002  2.401812e-004
 6.553562e+002  2.473933e-004
 6.559750e+002  2.388017e-004
 6.565937e+002  2.515975e-004
 6.572125e+002  2.665733e-004
 6.578312e+002  2.592252e-004
 6.584500e+002  2.742188e-004
 6.590687e+002  2.526771e-004
 6.596875e+002  2.305309e-004
 6.603062e+002  2.639335e-004
 6.609250e+002  2.579630e-004
 6.615437e+002  2.464376e-004
 6.621625e+002  2.407195e-004
 6.627812e+002  2.606074e-004
 6.634000e+002  2.508439e-004
 6.640187e+002  2.423714e-004
 6.646375e+002  2.590858e-004
 6.652562e+002  2.755558e-004
 6.658750e+002  2.492618e-004
 6.664937e+002  2.518282e-004
 6.671125e+002  2.643070e-004
 6.677312e+002  2.483434e-004
 6.683500e+002  2.539617e-004
 6.689687e+002  2.599241e-004
 6.695875e+002  2.523045e-004
 6.702062e+002  2.458274e-004
 6.708250e+002  2.485973e-004
 6.714437e+002  2.388085e-004
 6.720625e+002  2.464885e-004
 6.726812e+002  2.493124e-004
 6.733000e+002  2.457184e-004
 6.739187e+002  2.652988e-004
 6.745375e+002  2.521390e-004
 6.751562e+002  2.523007e-004
 6.757750e+002  2.615547e-004
 6.763937e+002  2.771256e-004
 6.770125e+002  2.466265e-004
 6.776312e+002  2.434778e-004
 6.782500e+002  2.637363e-004
 6.788687e+002  2.382852e-004
 6.794875e+002  2.672633e-004
 6.801062e+002  2.693675e-004
 6.807250e+002  2.711095e-004
 6.813437e+002  2.945597e-004
 6.819625e+002  2.649289e-004
 6.825812e+002  2.636675e-004
 6.832000e+002  2.784089e-004
 6.838187e+002  2.556117e-004
 6.844375e+002  2.636875e-004
 6.850562e+002  2.740406e-004
 6.856750e+002  2.739731e-004
 6.862937e+002  2.611670e-004
 6.869125e+002  2.544129e-004
 6.875312e+002  2.769804e-004
 6.881500e+002  2.479351e-004
 6.887687e+002  2.394552e-004
 6.893875e+002  2.347441e-004
 6.900062e+002  2.624491e-004
 6.906250e+002  2.539488e-004
 6.912437e+002  2.273173e-004
 6.918625e+002  2.265906e-004
 6.924812e+002  2.454729e-004
 6.931000e+002  2.403370e-004
 6.937187e+002  2.604164e-004
 6.943375e+002  2.626474e-004
 6.949562e+002  2.700265e-004
 6.955750e+002  2.765503e-004
 6.961937e+002  2.735629e-004
 6.968125e+002  2.427100e-004
 6.974312e+002  2.468073e-004
 6.980500e+002  2.359415e-004
 6.986687e+002  2.269286e-004
 6.992875e+002  2.369151e-004
 6.999062e+002  2.522287e-004
 7.005250e+002  2.503179e-004
 7.011437e+002  2.595300e-004
 7.017625e+002  2.708522e-004
 7.023812e+002  2.711616e-004
 7.030000e+002  2.768641e-004
 7.036187e+002  2.414634e-004
 7.042375e+002  2.613719e-004
 7.048562e+002  2.785948e-004
 7.054750e+002  2.679047e-004
 7.060937e+002  2.481375e-004
 7.067125e+002  2.442095e-004
 7.073312e+002  2.611694e-004
 7.079500e+002  2.457308e-004
 7.085687e+002  2.848310e-004
 7.091875e+002  2.728430e-004
 7.098062e+002  2.317277e-004
 7.104250e+002  2.452307e-004
 7.110437e+002  2.568149e-004
 7.116625e+002  2.445808e-004
 7.122812e+002  2.498681e-004
 7.129000e+002  2.464607e-004
 7.135187e+002  2.410095e-004
 7.141375e+002  2.489177e-004
 7.147562e+002  2.390614e-004
 7.153750e+002  2.431135e-004
 7.159937e+002  2.559162e-004
 7.166125e+002  2.636483e-004
 7.172312e+002  2.724319e-004
 7.178500e+002  2.681049e-004
 7.184687e+002  2.608633e-004
 7.190875e+002  2.665445e-004
 7.197062e+002  2.639208e-004
 7.203250e+002  2.560709e-004
 7.209437e+002  2.506711e-004
 7.215625e+002  2.801735e-004
 7.221812e+002  2.589809e-004
 7.228000e+002  2.657124e-004
 7.234187e+002  2.450232e-004
 7.240375e+002  2.413756e-004
 7.246562e+002  2.512684e-004
 7.252750e+002  2.424191e-004
 7.258937e+002  2.341527e-004
 7.265125e+002  2.593846e-004
 7.271312e+002  2.786466e-004
 7.277500e+002  2.749671e-004
 7.283687e+002  2.812117e-004
 7.289875e+002  2.857970e-004
 7.296062e+002  2.703408e-004
 7.302250e+002  2.526099e-004
 7.308437e+002  2.520090e-004
 7.314625e+002  2.632772e-004
 7.320812e+002  2.589250e-004
 7.327000e+002  2.523820e-004
 7.333187e+002  2.394341e-004
 7.339375e+002  2.396317e-004
 7.345562e+002  2.317545e-004
 7.351750e+002  2.495053e-004
 7.357937e+002  2.595383e-004
 7.364125e+002  2.520272e-004
 7.370312e+002  2.617073e-004
 7.376500e+002  2.859969e-004
 7.382687e+002  2.491147e-004
 7.388875e+002  2.456087e-004
 7.395062e+002  2.591114e-004
 7.401250e+002  2.493919e-004
 7.407437e+002  2.491143e-004
 7.413625e+002  2.624368e-004
 7.419812e+002  2.580046e-004
 7.426000e+002  2.474986e-004
 7.432187e+002  2.716883e-004
 7.438375e+002  2.599992e-004
 7.444562e+002  2.558214e-004
 7.450750e+002  2.764348e-004
 7.456937e+002  2.803331e-004
 7.463125e+002  2.680706e-004
 7.469312e+002  2.576627e-004
 7.475500e+002  2.517646e-004
 7.481687e+002  2.433898e-004
 7.487875e+002  2.805923e-004
 7.494062e+002  7.230161e-004
 7.500250e+002  9.381582e-004
 7.506437e+002  4.520604e-004
 7.512625e+002  2.811013e-004
 7.518812e+002  2.651064e-004
 7.525000e+002  2.743292e-004
 7.531187e+002  2.635377e-004
 7.537375e+002  2.493139e-004
 7.543562e+002  2.468950e-004
 7.549750e+002  2.507931e-004
 7.555937e+002  2.518795e-004
 7.562125e+002  2.427434e-004
 7.568312e+002  2.593574e-004
 7.574500e+002  2.591229e-004
 7.580687e+002  2.484156e-004
 7.586875e+002  2.580951e-004
 7.593062e+002  2.504077e-004
 7.599250e+002  2.472798e-004
 7.605437e+002  2.604960e-004
 7.611625e+002  2.673141e-004
 7.617812e+002  2.579597e-004
 7.624000e+002  2.525574e-004
 7.630187e+002  2.500376e-004
 7.636375e+002  2.439961e-004
 7.642562e+002  2.753008e-004
 7.648750e+002  2.760954e-004
 7.654937e+002  2.601835e-004
 7.661125e+002  2.676735e-004
 7.667312e+002  2.547212e-004
 7.673500e+002  2.306147e-004
 7.679687e+002  2.622355e-004
 7.685875e+002  2.614708e-004
 7.692062e+002  2.655616e-004
 7.698250e+002  2.636158e-004
 7.704437e+002  2.589037e-004
 7.710625e+002  2.734192e-004
 7.716812e+002  2.703554e-004
 7.723000e+002  2.546758e-004
 7.729187e+002  2.585065e-004
 7.735375e+002  2.589161e-004
 7.741562e+002  2.566766e-004
 7.747750e+002  2.572195e-004
 7.753937e+002  2.443367e-004
 7.760125e+002  2.403319e-004
 7.766312e+002  2.368178e-004
 7.772500e+002  2.510476e-004
 7.778687e+002  2.420685e-004
 7.784875e+002  2.792189e-004
 7.791062e+002  2.587332e-004
 7.797250e+002  2.538826e-004
 7.803437e+002  2.509031e-004
 7.809625e+002  2.424353e-004
 7.815812e+002  2.678405e-004
 7.822000e+002  2.414746e-004
 7.828187e+002  2.429011e-004
 7.834375e+002  2.243847e-004
 7.840562e+002  2.468120e-004
 7.846750e+002  2.765229e-004
 7.852937e+002  2.496846e-004
 7.859125e+002  2.307867e-004
 7.865312e+002  2.283775e-004
 7.871500e+002  2.357458e-004
 7.877687e+002  2.525358e-004
 7.883875e+002  2.393574e-004
 7.890062e+002  2.441059e-004
 7.896250e+002  2.522100e-004
 7.902437e+002  2.550344e-004
 7.908625e+002  2.381784e-004
 7.914812e+002  2.641193e-004
 7.921000e+002  2.720604e-004
 7.927187e+002  2.638557e-004
 7.933375e+002  2.786631e-004
 7.939562e+002  2.758864e-004
 7.945750e+002  2.745500e-004
 7.951937e+002  2.575740e-004
 7.958125e+002  2.317689e-004
 7.964312e+002  2.363775e-004
 7.970500e+002  2.542099e-004
 7.976687e+002  2.310974e-004
 7.982875e+002  2.245612e-004
 7.989062e+002  2.683426e-004
 7.995250e+002  2.934410e-004
 8.001437e+002  2.746495e-004
 8.007625e+002  2.611982e-004
 8.013812e+002  2.698409e-004
 8.020000e+002  2.608829e-004
 8.026187e+002  2.802613e-004
 8.032375e+002  2.802317e-004
 8.038562e+002  2.837008e-004
 8.044750e+002  2.729971e-004
 8.050937e+002  2.470544e-004
 8.057125e+002  2.509689e-004
 8.063312e+002  2.598907e-004
 8.069500e+002  2.663067e-004
 8.075687e+002  2.851222e-004
 8.081875e+002  2.696926e-004
 8.088062e+002  2.338875e-004
 8.094250e+002  2.368061e-004
 8.100437e+002  2.432343e-004
 8.106625e+002  2.536326e-004
 8.112812e+002  2.776076e-004
 8.119000e+002  2.758671e-004
 8.125187e+002  2.748761e-004
 8.131375e+002  2.544126e-004
 8.137562e+002  2.623299e-004
 8.143750e+002  2.617661e-004
 8.149937e+002  2.417008e-004
 8.156125e+002  2.432361e-004
 8.162312e+002  2.397815e-004
 8.168500e+002  2.550920e-004
 8.174687e+002  2.448674e-004
 8.180875e+002  2.480657e-004
 8.187062e+002  2.444983e-004
 8.193250e+002  2.375674e-004
 8.199437e+002  2.648843e-004
 8.205625e+002  2.598269e-004
 8.211812e+002  2.571405e-004
 8.218000e+002  2.782285e-004
 8.224187e+002  2.729674e-004
 8.230375e+002  2.765269e-004
 8.236562e+002  2.431532e-004
 8.242750e+002  2.644731e-004
 8.248937e+002  2.657020e-004
 8.255125e+002  2.330361e-004
 8.261312e+002  2.235020e-004
 8.267500e+002  2.677112e-004
 8.273687e+002  2.817640e-004
 8.279875e+002  2.416609e-004
 8.286062e+002  2.478108e-004
 8.292250e+002  2.535844e-004
 8.298437e+002  2.491025e-004
 8.304625e+002  2.495056e-004
 8.310812e+002  2.694721e-004
 8.317000e+002  2.734427e-004
 8.323187e+002  2.698902e-004
 8.329375e+002  2.670537e-004
 8.335562e+002  2.522889e-004
 8.341750e+002  2.407223e-004
 8.347937e+002  2.462032e-004
 8.354125e+002  2.805323e-004
 8.360312e+002  2.640026e-004
 8.366500e+002  2.481303e-004
 8.372687e+002  2.600094e-004
 8.378875e+002  2.556941e-004
 8.385062e+002  2.543401e-004
 8.391250e+002  2.586578e-004
 8.397437e+002  2.487953e-004
 8.403625e+002  2.479017e-004
 8.409812e+002  2.507630e-004
 8.416000e+002  2.586371e-004
 8.422187e+002  2.686739e-004
 8.428375e+002  2.701168e-004
 8.434562e+002  2.449258e-004
 8.440750e+002  2.598145e-004
 8.446937e+002  2.659795e-004
 8.453125e+002  2.369995e-004
 8.459312e+002  2.086014e-004
 8.465500e+002  2.376576e-004
 8.471687e+002  2.471869e-004
 8.477875e+002  2.655376e-004
 8.484062e+002  2.437505e-004
 8.490250e+002  2.929728e-004
 8.496437e+002  5.167858e-004
 8.502625e+002  4.470724e-004
 8.508812e+002  2.645551e-004
 8.515000e+002  2.551670e-004
 8.521187e+002  2.378824e-004
 8.527375e+002  2.461623e-004
 8.533562e+002  2.740245e-004
 8.539750e+002  2.718325e-004
 8.545937e+002  2.548743e-004
 8.552125e+002  2.500230e-004
 8.558312e+002  2.519635e-004
 8.564500e+002  2.718500e-004
 8.570687e+002  2.762607e-004
 8.576875e+002  2.597701e-004
 8.583062e+002  2.938455e-004
 8.589250e+002  3.006057e-004
 8.595437e+002  2.712758e-004
 8.601625e+002  2.687865e-004
 8.607812e+002  2.564099e-004
 8.614000e+002  2.498756e-004
 8.620187e+002  2.671251e-004
 8.626375e+002  2.663619e-004
 8.632562e+002  2.627859e-004
 8.638750e+002  2.556258e-004
 8.644937e+002  2.699170e-004
 8.651125e+002  2.693704e-004
 8.657312e+002  2.500252e-004
 8.663500e+002  2.472977e-004
 8.669687e+002  2.444196e-004
 8.675875e+002  2.389492e-004
 8.682062e+002  2.521063e-004
 8.688250e+002  2.657575e-004
 8.694437e+002  2.697770e-004
 8.700625e+002  2.472245e-004
 8.706812e+002  2.397741e-004
 8.713000e+002  2.713300e-004
 8.719187e+002  2.659244e-004
 8.725375e+002  2.551039e-004
 8.731562e+002  2.530561e-004
 8.737750e+002  2.460100e-004
 8.743937e+002  2.553092e-004
 8.750125e+002  2.357870e-004
 8.756312e+002  2.509732e-004
 8.762500e+002  2.518801e-004
 8.768687e+002  2.502227e-004
 8.774875e+002  2.597720e-004
 8.781062e+002  2.644597e-004
 8.787250e+002  2.707274e-004
 8.793437e+002  2.633729e-004
 8.799625e+002  2.644601e-004
 8.805812e+002  2.645800e-004
 8.812000e+002  2.590634e-004
 8.818187e+002  2.503786e-004
 8.824375e+002  2.332642e-004
 8.830562e+002  2.615376e-004
 8.836750e+002  2.584487e-004
 8.842937e+002  2.515170e-004
 8.849125e+002  2.510892e-004
 8.855312e+002  2.589823e-004
 8.861500e+002  2.660514e-004
 8.867687e+002  2.590663e-004
 8.873875e+002  2.437025e-004
 8.880062e+002  2.680078e-004
 8.886250e+002  2.581223e-004
 8.892437e+002  2.717981e-004
 8.898625e+002  2.678354e-004
 8.904812e+002  2.789945e-004
 8.911000e+002  2.679112e-004
 8.917187e+002  2.694304e-004
 8.923375e+002  2.904639e-004
 8.929562e+002  2.981852e-004
 8.935750e+002  2.538122e-004
 8.941937e+002  2.539821e-004
 8.948125e+002  2.704898e-004
 8.954312e+002  2.582971e-004
 8.960500e+002  2.501853e-004
 8.966687e+002  2.357428e-004
 8.972875e+002  2.362888e-004
 8.979062e+002  2.558374e-004
 8.985250e+002  2.653724e-004
 8.991437e+002  2.611091e-004
 8.997625e+002  2.754801e-004
 9.003812e+002  2.752377e-004
 9.010000e+002  2.679421e-004
 9.016187e+002  2.651431e-004
 9.022375e+002  2.673960e-004
 9.028562e+002  2.580044e-004
 9.034750e+002  2.696836e-004
 9.040937e+002  2.590628e-004
 9.047125e+002  2.535085e-004
 9.053312e+002  2.586541e-004
 9.059500e+002  2.594445e-004
 9.065687e+002  2.570402e-004
 9.071875e+002  2.603399e-004
 9.078062e+002  2.670337e-004
 9.084250e+002  3.679405e-004
 9.090437e+002  1.292839e-003
 9.096625e+002  1.323286e-003
 9.102812e+002  3.894393e-004
 9.109000e+002  2.700157e-004
 9.115187e+002  2.758619e-004
 9.121375e+002  2.361751e-004
 9.127562e+002  2.380377e-004
 9.133750e+002  2.422351e-004
 9.139937e+002  2.477184e-004
 9.146125e+002  2.516097e-004
 9.152312e+002  2.579164e-004
 9.158500e+002  2.318253e-004
 9.164687e+002  2.472902e-004
 9.170875e+002  2.615939e-004
 9.177062e+002  2.643202e-004
 9.183250e+002  2.612772e-004
 9.189437e+002  2.730486e-004
 9.195625e+002  2.655552e-004
 9.201812e+002  2.528651e-004
 9.208000e+002  2.680802e-004
 9.214187e+002  2.669271e-004
 9.220375e+002  2.978036e-004
 9.226562e+002  2.773643e-004
 9.232750e+002  2.809291e-004
 9.238937e+002  2.774662e-004
 9.245125e+002  2.690253e-004
 9.251312e+002  2.664988e-004
 9.257500e+002  2.905651e-004
 9.263687e+002  2.626299e-004
 9.269875e+002  2.506852e-004
 9.276062e+002  2.488488e-004
 9.282250e+002  2.258587e-004
 9.288437e+002  2.478566e-004
 9.294625e+002  2.677686e-004
 9.300812e+002  2.781861e-004
 9.307000e+002  2.693869e-004
 9.313187e+002  2.759235e-004
 9.319375e+002  2.611573e-004
 9.325562e+002  2.700010e-004
 9.331750e+002  2.632427e-004
 9.337937e+002  2.580461e-004
 9.344125e+002  2.658563e-004
 9.350312e+002  2.568631e-004
 9.356500e+002  2.653257e-004
 9.362687e+002  2.843146e-004
 9.368875e+002  2.533004e-004
 9.375062e+002  2.340381e-004
 9.381250e+002  2.528319e-004
 9.387437e+002  2.678421e-004
 9.393625e+002  2.692082e-004
 9.399812e+002  2.543595e-004
 9.406000e+002  2.314477e-004
 9.412187e+002  2.417462e-004
 9.418375e+002  2.610277e-004
 9.424562e+002  2.463639e-004
 9.430750e+002  2.361043e-004
 9.436937e+002  2.396338e-004
 9.443125e+002  2.573826e-004
 9.449312e+002  2.623031e-004
 9.455500e+002  2.583597e-004
 9.461687e+002  2.420374e-004
 9.467875e+002  2.451456e-004
 9.474062e+002  2.512304e-004
 9.480250e+002  2.386868e-004
 9.486437e+002  2.553178e-004
 9.492625e+002  3.073006e-004
 9.498812e+002  3.767118e-004
 9.505000e+002  3.090947e-004
 9.511187e+002  2.632319e-004
 9.517375e+002  2.727206e-004
 9.523562e+002  2.775015e-004
 9.529750e+002  2.774828e-004
 9.535937e+002  2.570229e-004
 9.542125e+002  2.508878e-004
 9.548312e+002  2.616213e-004
 9.554500e+002  2.608068e-004
 9.560687e+002  2.538377e-004
 9.566875e+002  2.441964e-004
 9.573062e+002  2.564818e-004
 9.579250e+002  2.774692e-004
 9.585437e+002  2.773686e-004
 9.591625e+002  2.515925e-004
 9.597812e+002  2.504782e-004
 9.604000e+002  2.760853e-004
 9.610187e+002  2.641760e-004
 9.616375e+002  2.499672e-004
 9.622562e+002  2.582787e-004
 9.628750e+002  2.562800e-004
 9.634937e+002  2.596308e-004
 9.641125e+002  2.531044e-004
 9.647312e+002  2.449500e-004
 9.653500e+002  2.434200e-004
 9.659687e+002  2.420092e-004
 9.665875e+002  2.525780e-004
 9.672062e+002  2.832986e-004
 9.678250e+002  2.604040e-004
 9.684437e+002  2.522117e-004
 9.690625e+002  2.442384e-004
 9.696812e+002  2.389067e-004
 9.703000e+002  2.502429e-004
 9.709187e+002  2.442321e-004
 9.715375e+002  2.444195e-004
 9.721562e+002  2.502486e-004
 9.727750e+002  2.488778e-004
 9.733937e+002  2.500132e-004
 9.740125e+002  2.607875e-004
 9.746312e+002  2.832333e-004
 9.752500e+002  2.737925e-004
 9.758687e+002  2.618602e-004
 9.764875e+002  2.473592e-004
 9.771062e+002  2.458984e-004
 9.777250e+002  2.523343e-004
 9.783437e+002  2.621064e-004
 9.789625e+002  2.567403e-004
 9.795812e+002  2.473664e-004
 9.802000e+002  2.592856e-004
 9.808187e+002  2.487100e-004
 9.814375e+002  2.268117e-004
 9.820562e+002  2.485458e-004
 9.826750e+002  2.702660e-004
 9.832937e+002  2.473573e-004
 9.839125e+002  2.429658e-004
 9.845312e+002  2.647682e-004
 9.851500e+002  2.667477e-004
 9.857687e+002  2.543466e-004
 9.863875e+002  2.655085e-004
 9.870062e+002  2.830881e-004
 9.876250e+002  2.900055e-004
 9.882437e+002  2.767785e-004
 9.888625e+002  2.548373e-004
 9.894812e+002  2.571453e-004
 9.901000e+002  2.735008e-004
 9.907187e+002  2.644160e-004
 9.913375e+002  2.687379e-004
 9.919562e+002  2.616701e-004
 9.925750e+002  2.703265e-004
 9.931937e+002  2.755953e-004
 9.938125e+002  2.703184e-004
 9.944312e+002  2.434544e-004
 9.950500e+002  2.490942e-004
 9.956687e+002  2.609627e-004
 9.962875e+002  2.689056e-004
 9.969062e+002  2.552806e-004
 9.975250e+002  2.548348e-004
 9.981437e+002  2.582067e-004
 9.987625e+002  2.550414e-004
 9.993812e+002  2.723781e-004
 1.000000e+003  2.658541e-004
