 1.000000e+000  1.992860e-003
 1.247500e+000  1.566393e-003
 1.495000e+000  1.337192e-003
 1.742500e+000  1.126765e-003
 1.990000e+000  1.009491e-003
 2.237500e+000  1.026082e-003
 2.485000e+000  1.018530e-003
 2.732500e+000  9.467946e-004
 2.980000e+000  1.239994e-003
 3.227500e+000  1.190879e-003
 3.475000e+000  1.069353e-003
 3.722500e+000  8.966934e-004
 3.970000e+000  7.621111e-004
 4.217500e+000  8.160088e-004
 4.465000e+000  8.077575e-004
 4.712500e+000  6.290743e-004
 4.960000e+000  8.015211e-004
 5.207500e+000  7.875469e-004
 5.455000e+000  8.696676e-004
 5.702500e+000  8.105616e-004
 5.950000e+000  8.840564e-004
 6.197500e+000  8.131613e-004
 6.445000e+000  7.441899e-004
 6.692500e+000  8.182413e-004
 6.940000e+000  9.054314e-004
 7.187500e+000  7.039359e-004
 7.435000e+000  6.580696e-004
 7.682500e+000  1.024536e-003
 7.930000e+000  1.081795e-003
 8.177500e+000  8.410024e-004
 8.425000e+000  8.333407e-004
 8.672500e+000  7.070885e-004
 8.920000e+000  8.994585e-004
 9.167500e+000  1.071352e-003
 9.415000e+000  8.515707e-004
 9.662500e+000  8.175394e-004
 9.910000e+000  7.445265e-004
 1.015750e+001  7.562124e-004
 1.040500e+001  9.119905e-004
 1.065250e+001  8.014310e-004
 1.090000e+001  8.665314e-004
 1.114750e+001  8.127060e-004
 1.139500e+001  7.739449e-004
 1.164250e+001  7.230516e-004
 1.189000e+001  7.238966e-004
 1.213750e+001  1.046159e-003
 1.238500e+001  1.037135e-003
 1.263250e+001  8.269901e-004
 1.288000e+001  6.928677e-004
 1.312750e+001  6.308806e-004
 1.337500e+001  7.256699e-004
 1.362250e+001  7.950470e-004
 1.387000e+001  7.365761e-004
 1.411750e+001  7.033784e-004
 1.436500e+001  7.456813e-004
 1.461250e+001  7.595193e-004
 1.486000e+001  8.531886e-004
 1.510750e+001  7.578764e-004
 1.535500e+001  8.720919e-004
 1.560250e+001  9.509862e-004
 1.585000e+001  9.128945e-004
 1.609750e+001  8.092219e-004
 1.634500e+001  7.435136e-004
 1.659250e+001  7.265857e-004
 1.684000e+001  7.495200e-004
 1.708750e+001  8.581984e-004
 1.733500e+001  9.440606e-004
 1.758250e+001  9.400665e-004
 1.783000e+001  1.090089e-003
 1.807750e+001  9.367610e-004
 1.832500e+001  7.955970e-004
 1.857250e+001  7.784606e-004
 1.882000e+001  6.982820e-004
 1.906750e+001  6.232694e-004
 1.931500e+001  7.301059e-004
 1.956250e+001  6.419732e-004
 1.981000e+001  6.790629e-004
 2.005750e+001  8.177407e-004
 2.030500e+001  7.308675e-004
 2.055250e+001  6.774014e-004
 2.080000e+001  5.823872e-004
 2.104750e+001  5.443136e-004
 2.129500e+001  4.932481e-004
 2.154250e+001  6.962417e-004
 2.179000e+001  7.225553e-004
 2.203750e+001  6.228957e-004
 2.228500e+001  5.883514e-004
 2.253250e+001  5.997213e-004
 2.278000e+001  5.918876e-004
 2.302750e+001  6.568351e-004
 2.327500e+001  6.570779e-004
 2.352250e+001  6.147639e-004
 2.377000e+001  5.747340e-004
 2.401750e+001  6.157864e-004
 2.426500e+001  7.163197e-004
 2.451250e+001  7.415926e-004
 2.476000e+001  7.078730e-004
 2.500750e+001  5.819809e-004
 2.525500e+001  5.840975e-004
 2.550250e+001  6.221092e-004
 2.575000e+001  6.319500e-004
 2.599750e+001  6.196201e-004
 2.624500e+001  5.023646e-004
 2.649250e+001  6.741388e-004
 2.674000e+001  5.987753e-004
 2.698750e+001  5.431235e-004
 2.723500e+001  5.723370e-004
 2.748250e+001  5.294195e-004
 2.773000e+001  8.446530e-004
 2.797750e+001  9.423050e-004
 2.822500e+001  6.796282e-004
 2.847250e+001  5.207843e-004
 2.872000e+001  6.137866e-004
 2.896750e+001  6.066556e-004
 2.921500e+001  7.638527e-004
 2.946250e+001  7.042075e-004
 2.971000e+001  5.061125e-004
 2.995750e+001  4.287941e-004
 3.020500e+001  5.625939e-004
 3.045250e+001  6.376621e-004
 3.070000e+001  7.179822e-004
 3.094750e+001  6.206622e-004
 3.119500e+001  5.892863e-004
 3.144250e+001  5.609342e-004
 3.169000e+001  6.073197e-004
 3.193750e+001  6.171382e-004
 3.218500e+001  6.764516e-004
 3.243250e+001  6.087799e-004
 3.268000e+001  5.176252e-004
 3.292750e+001  4.761459e-004
 3.317500e+001  5.628261e-004
 3.342250e+001  5.790165e-004
 3.367000e+001  5.250936e-004
 3.391750e+001  5.006025e-004
 3.416500e+001  4.950218e-004
 3.441250e+001  4.836905e-004
 3.466000e+001  4.386825e-004
 3.490750e+001  4.660792e-004
 3.515500e+001  4.536721e-004
 3.540250e+001  5.021103e-004
 3.565000e+001  9.244856e-004
 3.589750e+001  8.542198e-004
 3.614500e+001  5.284453e-004
 3.639250e+001  4.856099e-004
 3.664000e+001  4.523198e-004
 3.688750e+001  4.882949e-004
 3.713500e+001  6.693624e-004
 3.738250e+001  5.252655e-004
 3.763000e+001  4.586365e-004
 3.787750e+001  5.448600e-004
 3.812500e+001  5.688045e-004
 3.837250e+001  5.063760e-004
 3.862000e+001  4.334162e-004
 3.886750e+001  4.453216e-004
 3.911500e+001  5.127336e-004
 3.936250e+001  4.809522e-004
 3.961000e+001  4.785018e-004
 3.985750e+001  5.420570e-004
 4.010500e+001  4.763049e-004
 4.035250e+001  4.673995e-004
 4.060000e+001  5.538978e-004
 4.084750e+001  5.236322e-004
 4.109500e+001  5.035496e-004
 4.134250e+001  4.762725e-004
 4.159000e+001  4.521893e-004
 4.183750e+001  3.936491e-004
 4.208500e+001  4.049781e-004
 4.233250e+001  4.499754e-004
 4.258000e+001  5.222930e-004
 4.282750e+001  4.583054e-004
 4.307500e+001  3.876513e-004
 4.332250e+001  4.121001e-004
 4.357000e+001  5.101773e-004
 4.381750e+001  4.994836e-004
 4.406500e+001  4.608855e-004
 4.431250e+001  4.290678e-004
 4.456000e+001  3.848362e-004
 4.480750e+001  3.553632e-004
 4.505500e+001  4.328052e-004
 4.530250e+001  3.746448e-004
 4.555000e+001  4.344990e-004
 4.579750e+001  4.526687e-004
 4.604500e+001  4.358607e-004
 4.629250e+001  3.939004e-004
 4.654000e+001  3.810328e-004
 4.678750e+001  3.903354e-004
 4.703500e+001  3.277163e-004
 4.728250e+001  3.327653e-004
 4.753000e+001  4.381637e-004
 4.777750e+001  5.803130e-004
 4.802500e+001  5.370604e-004
 4.827250e+001  4.908253e-004
 4.852000e+001  4.622416e-004
 4.876750e+001  3.749772e-004
 4.901500e+001  4.823808e-004
 4.926250e+001  6.140503e-004
 4.951000e+001  5.824289e-004
 4.975750e+001  5.853336e-003
 5.000500e+001  1.338079e-002
 5.025250e+001  7.596235e-003
 5.050000e+001  5.552792e-004
 5.074750e+001  4.358876e-004
 5.099500e+001  3.435010e-004
 5.124250e+001  4.090081e-004
 5.149000e+001  3.614536e-004
 5.173750e+001  3.498701e-004
 5.198500e+001  3.767755e-004
 5.223250e+001  3.746077e-004
 5.248000e+001  3.772096e-004
 5.272750e+001  3.526487e-004
 5.297500e+001  3.950465e-004
 5.322250e+001  4.498021e-004
 5.347000e+001  5.604990e-004
 5.371750e+001  5.335026e-004
 5.396500e+001  4.166608e-004
 5.421250e+001  4.135646e-004
 5.446000e+001  4.006137e-004
 5.470750e+001  3.511103e-004
 5.495500e+001  3.104891e-004
 5.520250e+001  3.592570e-004
 5.545000e+001  4.030388e-004
 5.569750e+001  4.063798e-004
 5.594500e+001  4.118680e-004
 5.619250e+001  3.860185e-004
 5.644000e+001  3.824372e-004
 5.668750e+001  3.544352e-004
 5.693500e+001  3.566441e-004
 5.718250e+001  4.068274e-004
 5.743000e+001  3.723822e-004
 5.767750e+001  3.398816e-004
 5.792500e+001  3.647854e-004
 5.817250e+001  3.795931e-004
 5.842000e+001  4.063925e-004
 5.866750e+001  3.950095e-004
 5.891500e+001  3.579139e-004
 5.916250e+001  3.783776e-004
 5.941000e+001  3.700772e-004
 5.965750e+001  3.455339e-004
 5.990500e+001  3.739814e-004
 6.015250e+001  3.791401e-004
 6.040000e+001  4.222639e-004
 6.064750e+001  3.877682e-004
 6.089500e+001  3.365410e-004
 6.114250e+001  3.081667e-004
 6.139000e+001  3.139420e-004
 6.163750e+001  3.373802e-004
 6.188500e+001  2.973228e-004
 6.213250e+001  3.382550e-004
 6.238000e+001  4.105441e-004
 6.262750e+001  3.882686e-004
 6.287500e+001  3.093506e-004
 6.312250e+001  3.286339e-004
 6.337000e+001  3.419257e-004
 6.361750e+001  3.382804e-004
 6.386500e+001  3.597700e-004
 6.411250e+001  3.563937e-004
 6.436000e+001  3.890463e-004
 6.460750e+001  3.732513e-004
 6.485500e+001  3.118798e-004
 6.510250e+001  3.033945e-004
 6.535000e+001  3.583834e-004
 6.559750e+001  3.871922e-004
 6.584500e+001  3.476726e-004
 6.609250e+001  2.985961e-004
 6.634000e+001  3.110117e-004
 6.658750e+001  3.417673e-004
 6.683500e+001  3.178718e-004
 6.708250e+001  2.786003e-004
 6.733000e+001  2.921874e-004
 6.757750e+001  2.891860e-004
 6.782500e+001  3.778461e-004
 6.807250e+001  4.086702e-004
 6.832000e+001  3.839025e-004
 6.856750e+001  3.626239e-004
 6.881500e+001  3.642552e-004
 6.906250e+001  3.511884e-004
 6.931000e+001  3.823026e-004
 6.955750e+001  3.497701e-004
 6.980500e+001  3.000651e-004
 7.005250e+001  3.324322e-004
 7.030000e+001  3.389564e-004
 7.054750e+001  3.009505e-004
 7.079500e+001  3.591908e-004
 7.104250e+001  3.715529e-004
 7.129000e+001  3.452057e-004
 7.153750e+001  3.616555e-004
 7.178500e+001  3.644148e-004
 7.203250e+001  3.336669e-004
 7.228000e+001  3.259203e-004
 7.252750e+001  2.610699e-004
 7.277500e+001  3.110213e-004
 7.302250e+001  3.568580e-004
 7.327000e+001  2.692901e-004
 7.351750e+001  3.011701e-004
 7.376500e+001  3.066697e-004
 7.401250e+001  3.448382e-004
 7.426000e+001  3.416927e-004
 7.450750e+001  3.654751e-004
 7.475500e+001  3.136640e-004
 7.500250e+001  3.092557e-004
 7.525000e+001  3.810317e-004
 7.549750e+001  3.972272e-004
 7.574500e+001  3.105635e-004
 7.599250e+001  3.287993e-004
 7.624000e+001  3.089188e-004
 7.648750e+001  2.780535e-004
 7.673500e+001  3.154928e-004
 7.698250e+001  3.747222e-004
 7.723000e+001  3.835345e-004
 7.747750e+001  3.394785e-004
 7.772500e+001  2.747238e-004
 7.797250e+001  2.674619e-004
 7.822000e+001  2.619301e-004
 7.846750e+001  2.989672e-004
 7.871500e+001  2.770031e-004
 7.896250e+001  2.824606e-004
 7.921000e+001  3.015826e-004
 7.945750e+001  2.869469e-004
 7.970500e+001  3.116598e-004
 7.995250e+001  3.514556e-004
 8.020000e+001  3.161053e-004
 8.044750e+001  4.043172e-004
 8.069500e+001  3.475984e-004
 8.094250e+001  3.391967e-004
 8.119000e+001  3.463516e-004
 8.143750e+001  3.337341e-004
 8.168500e+001  3.412689e-004
 8.193250e+001  3.092814e-004
 8.218000e+001  2.815696e-004
 8.242750e+001  2.633595e-004
 8.267500e+001  2.980207e-004
 8.292250e+001  2.737378e-004
 8.317000e+001  3.046473e-004
 8.341750e+001  3.309086e-004
 8.366500e+001  3.156401e-004
 8.391250e+001  3.585316e-004
 8.416000e+001  3.373067e-004
 8.440750e+001  3.541949e-004
 8.465500e+001  3.350987e-004
 8.490250e+001  2.301469e-004
 8.515000e+001  2.949253e-004
 8.539750e+001  3.533809e-004
 8.564500e+001  3.548711e-004
 8.589250e+001  3.204599e-004
 8.614000e+001  3.263799e-004
 8.638750e+001  2.892385e-004
 8.663500e+001  2.793630e-004
 8.688250e+001  3.339921e-004
 8.713000e+001  3.123660e-004
 8.737750e+001  3.465312e-004
 8.762500e+001  3.455741e-004
 8.787250e+001  3.421565e-004
 8.812000e+001  3.801532e-004
 8.836750e+001  2.894503e-004
 8.861500e+001  3.198096e-004
 8.886250e+001  3.746407e-004
 8.911000e+001  4.229505e-004
 8.935750e+001  5.283970e-004
 8.960500e+001  3.877991e-004
 8.985250e+001  3.085834e-004
 9.010000e+001  3.255437e-004
 9.034750e+001  3.357362e-004
 9.059500e+001  2.824544e-004
 9.084250e+001  2.147959e-004
 9.109000e+001  2.480703e-004
 9.133750e+001  3.098763e-004
 9.158500e+001  2.725398e-004
 9.183250e+001  2.698805e-004
 9.208000e+001  3.326555e-004
 9.232750e+001  3.354638e-004
 9.257500e+001  3.369152e-004
 9.282250e+001  3.444318e-004
 9.307000e+001  3.419830e-004
 9.331750e+001  2.772958e-004
 9.356500e+001  2.674812e-004
 9.381250e+001  2.980751e-004
 9.406000e+001  3.110813e-004
 9.430750e+001  3.542947e-004
 9.455500e+001  3.482729e-004
 9.480250e+001  3.449623e-004
 9.505000e+001  3.206622e-004
 9.529750e+001  2.908417e-004
 9.554500e+001  3.532724e-004
 9.579250e+001  4.056187e-004
 9.604000e+001  4.056653e-004
 9.628750e+001  2.913956e-004
 9.653500e+001  3.037924e-004
 9.678250e+001  2.957553e-004
 9.703000e+001  2.637729e-004
 9.727750e+001  3.086366e-004
 9.752500e+001  3.559618e-004
 9.777250e+001  3.262474e-004
 9.802000e+001  2.824805e-004
 9.826750e+001  3.269799e-004
 9.851500e+001  3.091396e-004
 9.876250e+001  2.943431e-004
 9.901000e+001  2.610397e-004
 9.925750e+001  3.091255e-004
 9.950500e+001  3.493934e-004
 9.975250e+001  4.631324e-004
 1.000000e+002  1.037394e-003
