 1.000000e-001  5.707031e-003
 1.247500e-001  5.409425e-003
 1.495000e-001  2.806045e-003
 1.742500e-001  2.732913e-003
 1.990000e-001  3.000323e-003
 2.237500e-001  4.349272e-003
 2.485000e-001  3.207526e-003
 2.732500e-001  2.320037e-003
 2.980000e-001  3.437501e-003
 3.227500e-001  2.867044e-003
 3.475000e-001  3.055070e-003
 3.722500e-001  2.849551e-003
 3.970000e-001  1.920321e-003
 4.217500e-001  1.644635e-003
 4.465000e-001  2.008474e-003
 4.712500e-001  2.180599e-003
 4.960000e-001  1.375398e-003
 5.207500e-001  1.809823e-003
 5.455000e-001  2.182014e-003
 5.702500e-001  1.696009e-003
 5.950000e-001  2.456565e-003
 6.197500e-001  2.635098e-003
 6.445000e-001  1.729556e-003
 6.692500e-001  1.647640e-003
 6.940000e-001  1.821815e-003
 7.187500e-001  2.560329e-003
 7.435000e-001  2.398023e-003
 7.682500e-001  1.627983e-003
 7.930000e-001  1.353117e-003
 8.177500e-001  9.613710e-004
 8.425000e-001  1.428822e-003
 8.672500e-001  2.024231e-003
 8.920000e-001  1.989985e-003
 9.167500e-001  1.461669e-003
 9.415000e-001  1.735872e-003
 9.662500e-001  2.047209e-003
 9.910000e-001  1.751044e-003
 1.015750e+000  1.574838e-003
 1.040500e+000  1.124526e-003
 1.065250e+000  1.543719e-003
 1.090000e+000  1.447312e-003
 1.114750e+000  1.286500e-003
 1.139500e+000  7.728473e-004
 1.164250e+000  1.397584e-003
 1.189000e+000  1.035150e-003
 1.213750e+000  7.217282e-004
 1.238500e+000  9.148457e-004
 1.263250e+000  6.907542e-004
 1.288000e+000  8.350972e-004
 1.312750e+000  1.362330e-003
 1.337500e+000  1.565550e-003
 1.362250e+000  1.198975e-003
 1.387000e+000  1.620634e-003
 1.411750e+000  1.406685e-003
 1.436500e+000  1.457200e-003
 1.461250e+000  1.214730e-003
 1.486000e+000  1.333993e-003
 1.510750e+000  1.222259e-003
 1.535500e+000  8.777010e-004
 1.560250e+000  6.961875e-004
 1.585000e+000  6.107853e-004
 1.609750e+000  7.620505e-004
 1.634500e+000  7.564394e-004
 1.659250e+000  1.076616e-003
 1.684000e+000  1.468033e-003
 1.708750e+000  1.435528e-003
 1.733500e+000  1.160768e-003
 1.758250e+000  7.518532e-004
 1.783000e+000  1.245074e-003
 1.807750e+000  1.479750e-003
 1.832500e+000  9.848237e-004
 1.857250e+000  9.100702e-004
 1.882000e+000  1.328609e-003
 1.906750e+000  1.457758e-003
 1.931500e+000  1.646772e-003
 1.956250e+000  1.277061e-003
 1.981000e+000  1.088645e-003
 2.005750e+000  7.564749e-004
 2.030500e+000  6.258233e-004
 2.055250e+000  1.207832e-003
 2.080000e+000  1.355853e-003
 2.104750e+000  9.233242e-004
 2.129500e+000  1.135931e-003
 2.154250e+000  1.637508e-003
 2.179000e+000  1.500570e-003
 2.203750e+000  1.376589e-003
 2.228500e+000  8.317246e-004
 2.253250e+000  5.241203e-004
 2.278000e+000  8.372744e-004
 2.302750e+000  9.239781e-004
 2.327500e+000  9.629113e-004
 2.352250e+000  8.929844e-004
 2.377000e+000  1.297898e-003
 2.401750e+000  1.435797e-003
 2.426500e+000  1.342103e-003
 2.451250e+000  9.343909e-004
 2.476000e+000  1.119620e-003
 2.500750e+000  7.791166e-004
 2.525500e+000  8.604432e-004
 2.550250e+000  1.345759e-003
 2.575000e+000  1.407766e-003
 2.599750e+000  1.051825e-003
 2.624500e+000  1.213996e-003
 2.649250e+000  1.371274e-003
 2.674000e+000  8.469263e-004
 2.698750e+000  7.984273e-004
 2.723500e+000  7.034324e-004
 2.748250e+000  6.145850e-004
 2.773000e+000  8.718060e-004
 2.797750e+000  1.018147e-003
 2.822500e+000  1.139303e-003
 2.847250e+000  9.671472e-004
 2.872000e+000  9.262263e-004
 2.896750e+000  1.130113e-003
 2.921500e+000  8.555956e-004
 2.946250e+000  1.694868e-003
 2.971000e+000  1.319348e-003
 2.995750e+000  1.041252e-003
 3.020500e+000  1.136055e-003
 3.045250e+000  9.011235e-004
 3.070000e+000  9.457052e-004
 3.094750e+000  1.063133e-003
 3.119500e+000  1.134869e-003
 3.144250e+000  1.331895e-003
 3.169000e+000  8.619424e-004
 3.193750e+000  6.765622e-004
 3.218500e+000  6.627746e-004
 3.243250e+000  9.268480e-004
 3.268000e+000  1.199236e-003
 3.292750e+000  7.425463e-004
 3.317500e+000  6.009718e-004
 3.342250e+000  6.952932e-004
 3.367000e+000  9.518692e-004
 3.391750e+000  7.674533e-004
 3.416500e+000  9.767000e-004
 3.441250e+000  6.797499e-004
 3.466000e+000  6.464039e-004
 3.490750e+000  5.523206e-004
 3.515500e+000  9.051299e-004
 3.540250e+000  7.839317e-004
 3.565000e+000  1.106075e-003
 3.589750e+000  1.056546e-003
 3.614500e+000  1.017803e-003
 3.639250e+000  7.721223e-004
 3.664000e+000  7.085836e-004
 3.688750e+000  9.865255e-004
 3.713500e+000  1.353573e-003
 3.738250e+000  1.434162e-003
 3.763000e+000  1.066660e-003
 3.787750e+000  7.970049e-004
 3.812500e+000  8.628367e-004
 3.837250e+000  4.460325e-004
 3.862000e+000  7.236493e-004
 3.886750e+000  7.534084e-004
 3.911500e+000  8.117968e-004
 3.936250e+000  1.216103e-003
 3.961000e+000  1.337682e-003
 3.985750e+000  9.328438e-004
 4.010500e+000  4.244917e-004
 4.035250e+000  8.214835e-004
 4.060000e+000  1.033632e-003
 4.084750e+000  9.114843e-004
 4.109500e+000  8.809661e-004
 4.134250e+000  8.299462e-004
 4.159000e+000  8.825508e-004
 4.183750e+000  5.005937e-004
 4.208500e+000  7.446982e-004
 4.233250e+000  9.316139e-004
 4.258000e+000  1.089312e-003
 4.282750e+000  9.882506e-004
 4.307500e+000  1.855759e-003
 4.332250e+000  1.893281e-003
 4.357000e+000  6.894405e-004
 4.381750e+000  4.555297e-004
 4.406500e+000  5.331355e-004
 4.431250e+000  7.887575e-004
 4.456000e+000  8.591341e-004
 4.480750e+000  1.094715e-003
 4.505500e+000  1.121424e-003
 4.530250e+000  8.666743e-004
 4.555000e+000  9.314313e-004
 4.579750e+000  8.857026e-004
 4.604500e+000  8.459900e-004
 4.629250e+000  8.719159e-004
 4.654000e+000  8.483978e-004
 4.678750e+000  9.494935e-004
 4.703500e+000  1.118016e-003
 4.728250e+000  8.523637e-004
 4.753000e+000  6.576442e-004
 4.777750e+000  4.909466e-004
 4.802500e+000  4.323334e-004
 4.827250e+000  6.635844e-004
 4.852000e+000  1.024231e-003
 4.876750e+000  1.044739e-003
 4.901500e+000  8.704686e-004
 4.926250e+000  7.862987e-004
 4.951000e+000  4.443506e-004
 4.975750e+000  5.234045e-004
 5.000500e+000  6.982188e-004
 5.025250e+000  7.507928e-004
 5.050000e+000  7.239434e-004
 5.074750e+000  4.173764e-004
 5.099500e+000  1.083546e-003
 5.124250e+000  1.171517e-003
 5.149000e+000  9.682737e-004
 5.173750e+000  6.388564e-004
 5.198500e+000  8.035693e-004
 5.223250e+000  9.253998e-004
 5.248000e+000  7.705498e-004
 5.272750e+000  4.544979e-004
 5.297500e+000  6.142458e-004
 5.322250e+000  6.965419e-004
 5.347000e+000  8.450383e-004
 5.371750e+000  6.381010e-004
 5.396500e+000  9.252405e-004
 5.421250e+000  1.138265e-003
 5.446000e+000  1.054450e-003
 5.470750e+000  1.008999e-003
 5.495500e+000  9.685898e-004
 5.520250e+000  6.187762e-004
 5.545000e+000  7.448876e-004
 5.569750e+000  7.099444e-004
 5.594500e+000  7.725941e-004
 5.619250e+000  5.338872e-004
 5.644000e+000  8.434801e-004
 5.668750e+000  8.152597e-004
 5.693500e+000  8.452479e-004
 5.718250e+000  7.581803e-004
 5.743000e+000  1.085204e-003
 5.767750e+000  8.214628e-004
 5.792500e+000  6.436686e-004
 5.817250e+000  5.617707e-004
 5.842000e+000  7.236461e-004
 5.866750e+000  6.363650e-004
 5.891500e+000  1.253194e-003
 5.916250e+000  1.089735e-003
 5.941000e+000  9.050625e-004
 5.965750e+000  7.836361e-004
 5.990500e+000  6.829671e-004
 6.015250e+000  7.859572e-004
 6.040000e+000  7.935943e-004
 6.064750e+000  5.828185e-004
 6.089500e+000  7.684291e-004
 6.114250e+000  7.731889e-004
 6.139000e+000  9.999513e-004
 6.163750e+000  8.766035e-004
 6.188500e+000  8.817452e-004
 6.213250e+000  1.182162e-003
 6.238000e+000  7.142379e-004
 6.262750e+000  7.603395e-004
 6.287500e+000  1.184476e-003
 6.312250e+000  8.580135e-004
 6.337000e+000  7.462664e-004
 6.361750e+000  9.415106e-004
 6.386500e+000  8.602745e-004
 6.411250e+000  1.081242e-003
 6.436000e+000  7.893398e-004
 6.460750e+000  9.410772e-004
 6.485500e+000  1.071637e-003
 6.510250e+000  5.785946e-004
 6.535000e+000  5.949684e-004
 6.559750e+000  9.376912e-004
 6.584500e+000  8.376208e-004
 6.609250e+000  9.076732e-004
 6.634000e+000  8.711619e-004
 6.658750e+000  8.915057e-004
 6.683500e+000  1.458608e-003
 6.708250e+000  1.043933e-003
 6.733000e+000  5.528332e-004
 6.757750e+000  5.008539e-004
 6.782500e+000  6.517537e-004
 6.807250e+000  8.123367e-004
 6.832000e+000  8.591126e-004
 6.856750e+000  8.966555e-004
 6.881500e+000  7.694501e-004
 6.906250e+000  6.292921e-004
 6.931000e+000  7.261328e-004
 6.955750e+000  7.057304e-004
 6.980500e+000  6.090855e-004
 7.005250e+000  1.196308e-003
 7.030000e+000  9.008952e-004
 7.054750e+000  1.184163e-003
 7.079500e+000  8.938206e-004
 7.104250e+000  6.517429e-004
 7.129000e+000  9.675384e-004
 7.153750e+000  8.126586e-004
 7.178500e+000  5.582302e-004
 7.203250e+000  6.804595e-004
 7.228000e+000  6.346695e-004
 7.252750e+000  6.756962e-004
 7.277500e+000  8.390778e-004
 7.302250e+000  5.627461e-004
 7.327000e+000  7.163663e-004
 7.351750e+000  5.627172e-004
 7.376500e+000  6.091103e-004
 7.401250e+000  7.199024e-004
 7.426000e+000  6.654218e-004
 7.450750e+000  6.724462e-004
 7.475500e+000  1.006989e-003
 7.500250e+000  1.079101e-003
 7.525000e+000  7.344836e-004
 7.549750e+000  6.709091e-004
 7.574500e+000  1.024943e-003
 7.599250e+000  8.775562e-004
 7.624000e+000  5.548776e-004
 7.648750e+000  6.334088e-004
 7.673500e+000  9.181708e-004
 7.698250e+000  9.871147e-004
 7.723000e+000  8.153966e-004
 7.747750e+000  7.655730e-004
 7.772500e+000  5.878191e-004
 7.797250e+000  6.012868e-004
 7.822000e+000  9.566765e-004
 7.846750e+000  2.243680e-003
 7.871500e+000  2.255674e-003
 7.896250e+000  9.721834e-004
 7.921000e+000  8.578899e-004
 7.945750e+000  1.013702e-003
 7.970500e+000  1.252872e-003
 7.995250e+000  1.356138e-003
 8.020000e+000  1.117296e-003
 8.044750e+000  1.159374e-003
 8.069500e+000  6.551347e-004
 8.094250e+000  8.486673e-004
 8.119000e+000  9.599561e-004
 8.143750e+000  6.757155e-004
 8.168500e+000  8.545808e-004
 8.193250e+000  1.005080e-003
 8.218000e+000  7.455138e-004
 8.242750e+000  7.724925e-004
 8.267500e+000  8.772173e-004
 8.292250e+000  8.129375e-004
 8.317000e+000  6.427972e-004
 8.341750e+000  9.039420e-004
 8.366500e+000  9.299452e-004
 8.391250e+000  8.636210e-004
 8.416000e+000  8.596516e-004
 8.440750e+000  8.000559e-004
 8.465500e+000  7.542575e-004
 8.490250e+000  5.429169e-004
 8.515000e+000  6.411132e-004
 8.539750e+000  6.206419e-004
 8.564500e+000  5.052257e-004
 8.589250e+000  6.423101e-004
 8.614000e+000  9.340337e-004
 8.638750e+000  1.032423e-003
 8.663500e+000  7.081293e-004
 8.688250e+000  4.730499e-004
 8.713000e+000  7.206323e-004
 8.737750e+000  9.242902e-004
 8.762500e+000  6.952698e-004
 8.787250e+000  4.389864e-004
 8.812000e+000  4.120085e-004
 8.836750e+000  6.362266e-004
 8.861500e+000  7.277009e-004
 8.886250e+000  6.074488e-004
 8.911000e+000  4.150969e-004
 8.935750e+000  1.078381e-003
 8.960500e+000  9.968013e-004
 8.985250e+000  7.319141e-004
 9.010000e+000  5.488962e-004
 9.034750e+000  5.854194e-004
 9.059500e+000  4.744725e-004
 9.084250e+000  9.900358e-004
 9.109000e+000  8.867630e-004
 9.133750e+000  6.604531e-004
 9.158500e+000  6.681053e-004
 9.183250e+000  1.164369e-003
 9.208000e+000  1.737715e-003
 9.232750e+000  2.094387e-003
 9.257500e+000  9.313589e-004
 9.282250e+000  8.521516e-004
 9.307000e+000  7.361137e-004
 9.331750e+000  1.125782e-003
 9.356500e+000  9.345841e-004
 9.381250e+000  5.866894e-004
 9.406000e+000  7.731733e-004
 9.430750e+000  6.962963e-004
 9.455500e+000  7.020961e-004
 9.480250e+000  6.864403e-004
 9.505000e+000  6.798598e-004
 9.529750e+000  7.101216e-004
 9.554500e+000  9.123762e-004
 9.579250e+000  6.244149e-004
 9.604000e+000  6.745538e-004
 9.628750e+000  8.246347e-004
 9.653500e+000  7.641100e-004
 9.678250e+000  8.485335e-004
 9.703000e+000  8.142172e-004
 9.727750e+000  1.112832e-003
 9.752500e+000  7.836885e-004
 9.777250e+000  6.112254e-004
 9.802000e+000  1.024005e-003
 9.826750e+000  8.661220e-004
 9.851500e+000  1.292639e-003
 9.876250e+000  1.173375e-003
 9.901000e+000  1.221346e-003
 9.925750e+000  1.040792e-003
 9.950500e+000  7.266080e-004
 9.975250e+000  8.050897e-004
 1.000000e+001  6.628429e-004
