 1.000000e+001  3.419197e-004
 1.061875e+001  3.154998e-004
 1.123750e+001  2.874324e-004
 1.185625e+001  3.085746e-004
 1.247500e+001  2.955402e-004
 1.309375e+001  2.678208e-004
 1.371250e+001  2.747123e-004
 1.433125e+001  2.811390e-004
 1.495000e+001  2.878068e-004
 1.556875e+001  2.810268e-004
 1.618750e+001  2.814518e-004
 1.680625e+001  2.910453e-004
 1.742500e+001  2.665037e-004
 1.804375e+001  2.537136e-004
 1.866250e+001  2.424335e-004
 1.928125e+001  2.919091e-004
 1.990000e+001  3.058828e-004
 2.051875e+001  2.534440e-004
 2.113750e+001  2.189088e-004
 2.175625e+001  2.506827e-004
 2.237500e+001  2.474829e-004
 2.299375e+001  2.825306e-004
 2.361250e+001  2.427576e-004
 2.423125e+001  2.341143e-004
 2.485000e+001  2.362280e-004
 2.546875e+001  2.144245e-004
 2.608750e+001  2.271289e-004
 2.670625e+001  2.509968e-004
 2.732500e+001  2.950843e-004
 2.794375e+001  2.327543e-004
 2.856250e+001  2.299384e-004
 2.918125e+001  2.309517e-004
 2.980000e+001  1.935075e-004
 3.041875e+001  2.131989e-004
 3.103750e+001  2.167574e-004
 3.165625e+001  2.218130e-004
 3.227500e+001  2.137276e-004
 3.289375e+001  1.877367e-004
 3.351250e+001  2.065716e-004
 3.413125e+001  1.949304e-004
 3.475000e+001  1.967662e-004
 3.536875e+001  2.177175e-004
 3.598750e+001  2.010340e-004
 3.660625e+001  2.189354e-004
 3.722500e+001  1.993469e-004
 3.784375e+001  2.065907e-004
 3.846250e+001  2.196570e-004
 3.908125e+001  2.197830e-004
 3.970000e+001  2.127507e-004
 4.031875e+001  2.141166e-004
 4.093750e+001  2.243194e-004
 4.155625e+001  2.375469e-004
 4.217500e+001  1.857274e-004
 4.279375e+001  1.537318e-004
 4.341250e+001  1.756700e-004
 4.403125e+001  1.864547e-004
 4.465000e+001  2.011350e-004
 4.526875e+001  1.952318e-004
 4.588750e+001  1.645934e-004
 4.650625e+001  1.882631e-004
 4.712500e+001  1.947900e-004
 4.774375e+001  2.008421e-004
 4.836250e+001  2.007500e-004
 4.898125e+001  2.066638e-004
 4.960000e+001  6.242997e-004
 5.021875e+001  6.810110e-004
 5.083750e+001  2.448746e-004
 5.145625e+001  1.986766e-004
 5.207500e+001  1.740891e-004
 5.269375e+001  1.875943e-004
 5.331250e+001  1.889035e-004
 5.393125e+001  1.705114e-004
 5.455000e+001  2.003169e-004
 5.516875e+001  1.858085e-004
 5.578750e+001  1.649002e-004
 5.640625e+001  1.613998e-004
 5.702500e+001  1.725512e-004
 5.764375e+001  1.746564e-004
 5.826250e+001  1.681205e-004
 5.888125e+001  1.703089e-004
 5.950000e+001  1.914602e-004
 6.011875e+001  2.461315e-004
 6.073750e+001  1.783611e-004
 6.135625e+001  1.604875e-004
 6.197500e+001  1.542214e-004
 6.259375e+001  1.545124e-004
 6.321250e+001  1.499499e-004
 6.383125e+001  1.727804e-004
 6.445000e+001  1.708407e-004
 6.506875e+001  1.577426e-004
 6.568750e+001  1.834449e-004
 6.630625e+001  1.649452e-004
 6.692500e+001  1.599875e-004
 6.754375e+001  1.650006e-004
 6.816250e+001  1.325985e-004
 6.878125e+001  1.388039e-004
 6.940000e+001  1.266941e-004
 7.001875e+001  1.409026e-004
 7.063750e+001  1.672512e-004
 7.125625e+001  1.407918e-004
 7.187500e+001  1.404536e-004
 7.249375e+001  1.381658e-004
 7.311250e+001  1.635657e-004
 7.373125e+001  1.512310e-004
 7.435000e+001  1.457554e-004
 7.496875e+001  1.711717e-004
 7.558750e+001  1.465708e-004
 7.620625e+001  1.222681e-004
 7.682500e+001  1.497518e-004
 7.744375e+001  1.626475e-004
 7.806250e+001  1.452306e-004
 7.868125e+001  1.300238e-004
 7.930000e+001  1.648579e-004
 7.991875e+001  1.681461e-004
 8.053750e+001  1.507284e-004
 8.115625e+001  1.393215e-004
 8.177500e+001  1.394919e-004
 8.239375e+001  1.622689e-004
 8.301250e+001  1.401709e-004
 8.363125e+001  1.246070e-004
 8.425000e+001  1.235958e-004
 8.486875e+001  1.415821e-004
 8.548750e+001  1.452883e-004
 8.610625e+001  1.384216e-004
 8.672500e+001  1.156398e-004
 8.734375e+001  1.372956e-004
 8.796250e+001  1.300753e-004
 8.858125e+001  1.319402e-004
 8.920000e+001  1.447094e-004
 8.981875e+001  1.430177e-004
 9.043750e+001  1.360915e-004
 9.105625e+001  1.251758e-004
 9.167500e+001  1.249620e-004
 9.229375e+001  1.121475e-004
 9.291250e+001  1.044380e-004
 9.353125e+001  9.837616e-005
 9.415000e+001  1.155024e-004
 9.476875e+001  1.263339e-004
 9.538750e+001  1.173328e-004
 9.600625e+001  1.085824e-004
 9.662500e+001  1.013662e-004
 9.724375e+001  1.099658e-004
 9.786250e+001  1.282472e-004
 9.848125e+001  1.446029e-004
 9.910000e+001  1.372360e-004
 9.971875e+001  1.376637e-004
 1.003375e+002  1.431664e-004
 1.009563e+002  1.417050e-004
 1.015750e+002  1.260392e-004
 1.021938e+002  1.066856e-004
 1.028125e+002  1.054880e-004
 1.034313e+002  1.287465e-004
 1.040500e+002  1.178265e-004
 1.046688e+002  1.116315e-004
 1.052875e+002  1.108211e-004
 1.059063e+002  1.177313e-004
 1.065250e+002  1.217176e-004
 1.071438e+002  1.111635e-004
 1.077625e+002  1.115087e-004
 1.083813e+002  1.027710e-004
 1.090000e+002  1.108140e-004
 1.096188e+002  1.227861e-004
 1.102375e+002  1.020921e-004
 1.108563e+002  9.810835e-005
 1.114750e+002  1.055841e-004
 1.120938e+002  9.472941e-005
 1.127125e+002  1.027054e-004
 1.133313e+002  1.068570e-004
 1.139500e+002  1.181824e-004
 1.145688e+002  1.146539e-004
 1.151875e+002  9.873786e-005
 1.158063e+002  1.106571e-004
 1.164250e+002  9.906686e-005
 1.170438e+002  9.966684e-005
 1.176625e+002  1.136349e-004
 1.182813e+002  9.757139e-005
 1.189000e+002  9.300985e-005
 1.195188e+002  1.183883e-004
 1.201375e+002  1.332471e-004
 1.207563e+002  1.046508e-004
 1.213750e+002  9.554445e-005
 1.219938e+002  1.084042e-004
 1.226125e+002  9.499262e-005
 1.232313e+002  9.090625e-005
 1.238500e+002  9.186670e-005
 1.244688e+002  8.844512e-005
 1.250875e+002  9.071598e-005
 1.257063e+002  9.769596e-005
 1.263250e+002  1.050975e-004
 1.269438e+002  7.884268e-005
 1.275625e+002  7.641279e-005
 1.281813e+002  9.819548e-005
 1.288000e+002  9.453914e-005
 1.294188e+002  9.460866e-005
 1.300375e+002  1.015051e-004
 1.306563e+002  9.186138e-005
 1.312750e+002  9.831000e-005
 1.318938e+002  1.054963e-004
 1.325125e+002  1.067509e-004
 1.331313e+002  8.902722e-005
 1.337500e+002  7.066566e-005
 1.343688e+002  8.692108e-005
 1.349875e+002  1.015308e-004
 1.356063e+002  9.017721e-005
 1.362250e+002  9.390626e-005
 1.368438e+002  9.742758e-005
 1.374625e+002  8.480140e-005
 1.380813e+002  7.530698e-005
 1.387000e+002  7.557196e-005
 1.393188e+002  9.708430e-005
 1.399375e+002  8.796523e-005
 1.405563e+002  8.615612e-005
 1.411750e+002  8.658081e-005
 1.417938e+002  8.356694e-005
 1.424125e+002  7.711465e-005
 1.430313e+002  7.571952e-005
 1.436500e+002  7.608948e-005
 1.442688e+002  6.911347e-005
 1.448875e+002  8.362458e-005
 1.455063e+002  8.576528e-005
 1.461250e+002  7.947131e-005
 1.467438e+002  7.742126e-005
 1.473625e+002  7.930382e-005
 1.479813e+002  8.044325e-005
 1.486000e+002  7.974884e-005
 1.492188e+002  2.010243e-004
 1.498375e+002  5.317341e-004
 1.504563e+002  3.822721e-004
 1.510750e+002  7.894573e-005
 1.516938e+002  6.908770e-005
 1.523125e+002  7.476251e-005
 1.529313e+002  7.899982e-005
 1.535500e+002  7.899582e-005
 1.541688e+002  6.888654e-005
 1.547875e+002  7.541240e-005
 1.554063e+002  7.464160e-005
 1.560250e+002  7.820747e-005
 1.566438e+002  7.109450e-005
 1.572625e+002  7.304641e-005
 1.578813e+002  7.197282e-005
 1.585000e+002  7.651044e-005
 1.591188e+002  7.832618e-005
 1.597375e+002  7.529718e-005
 1.603563e+002  6.921940e-005
 1.609750e+002  8.237203e-005
 1.615938e+002  7.230971e-005
 1.622125e+002  7.328520e-005
 1.628313e+002  7.293328e-005
 1.634500e+002  7.457569e-005
 1.640688e+002  8.058546e-005
 1.646875e+002  7.469789e-005
 1.653063e+002  6.767717e-005
 1.659250e+002  7.518172e-005
 1.665438e+002  7.924434e-005
 1.671625e+002  7.764023e-005
 1.677813e+002  7.677870e-005
 1.684000e+002  8.177775e-005
 1.690188e+002  7.324646e-005
 1.696375e+002  6.667315e-005
 1.702563e+002  6.474624e-005
 1.708750e+002  6.693943e-005
 1.714938e+002  7.276045e-005
 1.721125e+002  9.033777e-005
 1.727313e+002  9.568772e-005
 1.733500e+002  8.348897e-005
 1.739688e+002  7.354242e-005
 1.745875e+002  7.019921e-005
 1.752063e+002  6.475755e-005
 1.758250e+002  6.382614e-005
 1.764438e+002  6.410413e-005
 1.770625e+002  6.709129e-005
 1.776813e+002  6.708165e-005
 1.783000e+002  6.859637e-005
 1.789188e+002  6.506614e-005
 1.795375e+002  8.933928e-005
 1.801563e+002  1.230844e-004
 1.807750e+002  7.581438e-005
 1.813938e+002  6.136218e-005
 1.820125e+002  6.446763e-005
 1.826313e+002  6.756159e-005
 1.832500e+002  6.607191e-005
 1.838688e+002  6.995570e-005
 1.844875e+002  7.060319e-005
 1.851063e+002  6.260475e-005
 1.857250e+002  5.422476e-005
 1.863438e+002  6.865845e-005
 1.869625e+002  7.417078e-005
 1.875813e+002  5.989046e-005
 1.882000e+002  5.306554e-005
 1.888188e+002  5.495029e-005
 1.894375e+002  6.494253e-005
 1.900563e+002  7.311876e-005
 1.906750e+002  6.374951e-005
 1.912938e+002  6.284369e-005
 1.919125e+002  5.591819e-005
 1.925313e+002  6.521348e-005
 1.931500e+002  7.580856e-005
 1.937688e+002  7.000958e-005
 1.943875e+002  5.801185e-005
 1.950063e+002  5.781371e-005
 1.956250e+002  5.528988e-005
 1.962438e+002  6.516384e-005
 1.968625e+002  6.956739e-005
 1.974813e+002  5.773929e-005
 1.981000e+002  6.167917e-005
 1.987188e+002  6.621129e-005
 1.993375e+002  6.154557e-005
 1.999563e+002  7.470879e-005
 2.005750e+002  5.858404e-005
 2.011938e+002  6.023440e-005
 2.018125e+002  5.305529e-005
 2.024313e+002  6.224529e-005
 2.030500e+002  6.999077e-005
 2.036688e+002  7.300664e-005
 2.042875e+002  5.873227e-005
 2.049063e+002  5.652798e-005
 2.055250e+002  6.037232e-005
 2.061438e+002  5.736173e-005
 2.067625e+002  5.465390e-005
 2.073813e+002  6.066415e-005
 2.080000e+002  6.584918e-005
 2.086188e+002  5.903942e-005
 2.092375e+002  5.173458e-005
 2.098563e+002  5.958021e-005
 2.104750e+002  5.100783e-005
 2.110938e+002  5.627278e-005
 2.117125e+002  5.739872e-005
 2.123313e+002  5.336377e-005
 2.129500e+002  5.919104e-005
 2.135688e+002  5.515455e-005
 2.141875e+002  6.197120e-005
 2.148063e+002  6.454653e-005
 2.154250e+002  6.195742e-005
 2.160438e+002  5.796741e-005
 2.166625e+002  5.523642e-005
 2.172813e+002  4.696631e-005
 2.179000e+002  5.593941e-005
 2.185188e+002  5.860096e-005
 2.191375e+002  5.052200e-005
 2.197563e+002  5.399102e-005
 2.203750e+002  5.793150e-005
 2.209938e+002  6.218273e-005
 2.216125e+002  6.143757e-005
 2.222313e+002  5.916079e-005
 2.228500e+002  5.620980e-005
 2.234688e+002  5.576136e-005
 2.240875e+002  5.722224e-005
 2.247063e+002  5.758950e-005
 2.253250e+002  5.615733e-005
 2.259438e+002  4.966304e-005
 2.265625e+002  5.298795e-005
 2.271813e+002  4.900482e-005
 2.278000e+002  4.820331e-005
 2.284188e+002  4.829374e-005
 2.290375e+002  4.624270e-005
 2.296563e+002  5.149497e-005
 2.302750e+002  5.121383e-005
 2.308938e+002  4.988683e-005
 2.315125e+002  4.268309e-005
 2.321313e+002  4.477446e-005
 2.327500e+002  4.350614e-005
 2.333688e+002  4.694817e-005
 2.339875e+002  4.792122e-005
 2.346063e+002  4.668845e-005
 2.352250e+002  4.750560e-005
 2.358438e+002  5.125369e-005
 2.364625e+002  5.002964e-005
 2.370813e+002  4.925626e-005
 2.377000e+002  4.893689e-005
 2.383188e+002  5.255308e-005
 2.389375e+002  4.375532e-005
 2.395563e+002  7.966138e-005
 2.401750e+002  1.162563e-004
 2.407938e+002  6.312042e-005
 2.414125e+002  4.784282e-005
 2.420313e+002  5.299677e-005
 2.426500e+002  4.711393e-005
 2.432688e+002  4.535152e-005
 2.438875e+002  4.169541e-005
 2.445063e+002  4.898072e-005
 2.451250e+002  4.443145e-005
 2.457438e+002  4.472678e-005
 2.463625e+002  4.098930e-005
 2.469813e+002  4.561183e-005
 2.476000e+002  5.023089e-005
 2.482188e+002  4.768878e-005
 2.488375e+002  4.087606e-005
 2.494563e+002  9.942584e-005
 2.500750e+002  1.483084e-004
 2.506938e+002  7.248845e-005
 2.513125e+002  4.395736e-005
 2.519313e+002  4.655669e-005
 2.525500e+002  4.527533e-005
 2.531688e+002  4.445652e-005
 2.537875e+002  4.884561e-005
 2.544063e+002  5.599270e-005
 2.550250e+002  5.122614e-005
 2.556438e+002  4.222746e-005
 2.562625e+002  5.347570e-005
 2.568813e+002  4.588747e-005
 2.575000e+002  4.378804e-005
 2.581188e+002  4.645023e-005
 2.587375e+002  4.159783e-005
 2.593563e+002  4.502806e-005
 2.599750e+002  4.866883e-005
 2.605938e+002  4.568775e-005
 2.612125e+002  4.719179e-005
 2.618313e+002  4.367324e-005
 2.624500e+002  4.916790e-005
 2.630688e+002  4.994205e-005
 2.636875e+002  3.996982e-005
 2.643063e+002  4.294512e-005
 2.649250e+002  4.467808e-005
 2.655438e+002  4.263183e-005
 2.661625e+002  4.020451e-005
 2.667813e+002  4.415208e-005
 2.674000e+002  4.684160e-005
 2.680188e+002  4.483764e-005
 2.686375e+002  4.183361e-005
 2.692563e+002  4.247515e-005
 2.698750e+002  4.646545e-005
 2.704938e+002  4.457973e-005
 2.711125e+002  4.136925e-005
 2.717313e+002  4.300979e-005
 2.723500e+002  4.692018e-005
 2.729688e+002  4.071136e-005
 2.735875e+002  4.255080e-005
 2.742063e+002  4.626814e-005
 2.748250e+002  4.225840e-005
 2.754438e+002  4.385619e-005
 2.760625e+002  3.858813e-005
 2.766813e+002  4.423754e-005
 2.773000e+002  4.616213e-005
 2.779188e+002  4.361160e-005
 2.785375e+002  3.886225e-005
 2.791563e+002  3.646326e-005
 2.797750e+002  4.487982e-005
 2.803938e+002  3.875731e-005
 2.810125e+002  3.695626e-005
 2.816313e+002  3.904892e-005
 2.822500e+002  3.839958e-005
 2.828688e+002  4.099269e-005
 2.834875e+002  3.749280e-005
 2.841063e+002  4.107510e-005
 2.847250e+002  3.950142e-005
 2.853438e+002  3.638874e-005
 2.859625e+002  3.607462e-005
 2.865813e+002  3.997894e-005
 2.872000e+002  4.337762e-005
 2.878188e+002  4.109504e-005
 2.884375e+002  4.399149e-005
 2.890563e+002  4.097554e-005
 2.896750e+002  3.707727e-005
 2.902938e+002  3.927378e-005
 2.909125e+002  4.278429e-005
 2.915313e+002  4.441385e-005
 2.921500e+002  3.931192e-005
 2.927688e+002  3.613020e-005
 2.933875e+002  4.827183e-005
 2.940063e+002  4.565060e-005
 2.946250e+002  4.219948e-005
 2.952438e+002  3.595731e-005
 2.958625e+002  4.117215e-005
 2.964813e+002  4.644400e-005
 2.971000e+002  4.378237e-005
 2.977188e+002  4.285191e-005
 2.983375e+002  4.062712e-005
 2.989563e+002  4.264027e-005
 2.995750e+002  1.206619e-004
 3.001938e+002  1.530155e-004
 3.008125e+002  6.148450e-005
 3.014313e+002  3.802961e-005
 3.020500e+002  3.783755e-005
 3.026688e+002  4.054049e-005
 3.032875e+002  4.069340e-005
 3.039063e+002  3.910133e-005
 3.045250e+002  3.766634e-005
 3.051438e+002  4.302231e-005
 3.057625e+002  4.645754e-005
 3.063813e+002  4.311729e-005
 3.070000e+002  4.196191e-005
 3.076188e+002  4.107722e-005
 3.082375e+002  4.498580e-005
 3.088563e+002  3.885152e-005
 3.094750e+002  3.507752e-005
 3.100938e+002  3.712812e-005
 3.107125e+002  3.705792e-005
 3.113313e+002  3.800370e-005
 3.119500e+002  3.944157e-005
 3.125688e+002  3.831127e-005
 3.131875e+002  4.092065e-005
 3.138063e+002  3.436550e-005
 3.144250e+002  2.914156e-005
 3.150437e+002  3.734187e-005
 3.156625e+002  4.120346e-005
 3.162812e+002  3.428908e-005
 3.169000e+002  3.039368e-005
 3.175187e+002  3.140315e-005
 3.181375e+002  3.294940e-005
 3.187562e+002  3.233941e-005
 3.193750e+002  3.974920e-005
 3.199937e+002  3.752062e-005
 3.206125e+002  3.858232e-005
 3.212312e+002  3.663620e-005
 3.218500e+002  3.761626e-005
 3.224687e+002  3.813762e-005
 3.230875e+002  3.543930e-005
 3.237062e+002  3.504715e-005
 3.243250e+002  3.531725e-005
 3.249437e+002  3.765182e-005
 3.255625e+002  3.153190e-005
 3.261812e+002  3.166388e-005
 3.268000e+002  3.440935e-005
 3.274187e+002  3.610764e-005
 3.280375e+002  2.991070e-005
 3.286562e+002  3.845057e-005
 3.292750e+002  4.164175e-005
 3.298937e+002  3.792832e-005
 3.305125e+002  3.778733e-005
 3.311312e+002  2.963841e-005
 3.317500e+002  3.520600e-005
 3.323687e+002  3.816198e-005
 3.329875e+002  3.332092e-005
 3.336062e+002  3.603106e-005
 3.342250e+002  3.818879e-005
 3.348437e+002  3.697067e-005
 3.354625e+002  3.604066e-005
 3.360812e+002  2.780914e-005
 3.367000e+002  2.775340e-005
 3.373187e+002  3.497408e-005
 3.379375e+002  3.961788e-005
 3.385562e+002  3.832270e-005
 3.391750e+002  3.666961e-005
 3.397937e+002  3.643296e-005
 3.404125e+002  3.604114e-005
 3.410312e+002  3.407771e-005
 3.416500e+002  3.987769e-005
 3.422687e+002  3.820795e-005
 3.428875e+002  3.975141e-005
 3.435062e+002  3.466403e-005
 3.441250e+002  3.498161e-005
 3.447437e+002  3.453331e-005
 3.453625e+002  3.395662e-005
 3.459812e+002  3.102114e-005
 3.466000e+002  2.810893e-005
 3.472187e+002  3.226387e-005
 3.478375e+002  3.184822e-005
 3.484562e+002  2.868296e-005
 3.490750e+002  4.065587e-005
 3.496937e+002  1.089577e-004
 3.503125e+002  1.009925e-004
 3.509312e+002  3.604797e-005
 3.515500e+002  3.031073e-005
 3.521687e+002  3.644829e-005
 3.527875e+002  3.440090e-005
 3.534062e+002  2.726020e-005
 3.540250e+002  3.024083e-005
 3.546437e+002  4.126101e-005
 3.552625e+002  3.806928e-005
 3.558812e+002  2.801282e-005
 3.565000e+002  2.761454e-005
 3.571187e+002  3.163723e-005
 3.577375e+002  3.543392e-005
 3.583562e+002  3.575558e-005
 3.589750e+002  3.569963e-005
 3.595937e+002  7.989325e-005
 3.602125e+002  1.271785e-004
 3.608312e+002  6.386952e-005
 3.614500e+002  3.376679e-005
 3.620687e+002  2.739831e-005
 3.626875e+002  2.908408e-005
 3.633062e+002  3.132222e-005
 3.639250e+002  3.052924e-005
 3.645437e+002  3.250863e-005
 3.651625e+002  3.313211e-005
 3.657812e+002  3.096614e-005
 3.664000e+002  3.103692e-005
 3.670187e+002  3.053515e-005
 3.676375e+002  2.941833e-005
 3.682562e+002  3.342409e-005
 3.688750e+002  3.290517e-005
 3.694937e+002  3.361477e-005
 3.701125e+002  3.310868e-005
 3.707312e+002  3.192410e-005
 3.713500e+002  3.128875e-005
 3.719687e+002  3.352302e-005
 3.725875e+002  2.786997e-005
 3.732062e+002  2.736981e-005
 3.738250e+002  2.726050e-005
 3.744437e+002  3.034843e-005
 3.750625e+002  3.352384e-005
 3.756812e+002  3.336859e-005
 3.763000e+002  3.450700e-005
 3.769187e+002  3.559384e-005
 3.775375e+002  2.905144e-005
 3.781562e+002  3.085031e-005
 3.787750e+002  3.831386e-005
 3.793937e+002  3.391178e-005
 3.800125e+002  3.171856e-005
 3.806312e+002  2.735783e-005
 3.812500e+002  2.595782e-005
 3.818687e+002  3.202866e-005
 3.824875e+002  3.690021e-005
 3.831062e+002  3.043283e-005
 3.837250e+002  2.928574e-005
 3.843437e+002  3.318265e-005
 3.849625e+002  3.485799e-005
 3.855812e+002  3.129189e-005
 3.862000e+002  2.775159e-005
 3.868187e+002  3.213239e-005
 3.874375e+002  2.988519e-005
 3.880562e+002  2.549411e-005
 3.886750e+002  2.913861e-005
 3.892937e+002  3.115784e-005
 3.899125e+002  2.522026e-005
 3.905312e+002  3.234174e-005
 3.911500e+002  3.324964e-005
 3.917687e+002  3.126717e-005
 3.923875e+002  2.947835e-005
 3.930062e+002  2.780802e-005
 3.936250e+002  2.638774e-005
 3.942437e+002  2.436170e-005
 3.948625e+002  3.299377e-005
 3.954812e+002  3.349197e-005
 3.961000e+002  2.715374e-005
 3.967187e+002  3.027841e-005
 3.973375e+002  2.965107e-005
 3.979562e+002  2.508072e-005
 3.985750e+002  2.904893e-005
 3.991937e+002  4.324836e-005
 3.998125e+002  8.902594e-005
 4.004312e+002  6.175590e-005
 4.010500e+002  3.006891e-005
 4.016687e+002  3.525701e-005
 4.022875e+002  3.004147e-005
 4.029062e+002  3.156586e-005
 4.035250e+002  2.839062e-005
 4.041437e+002  3.199154e-005
 4.047625e+002  3.589883e-005
 4.053812e+002  3.866775e-005
 4.060000e+002  3.261591e-005
 4.066187e+002  2.719046e-005
 4.072375e+002  2.863847e-005
 4.078562e+002  3.365704e-005
 4.084750e+002  3.338181e-005
 4.090937e+002  2.801352e-005
 4.097125e+002  2.916055e-005
 4.103312e+002  3.055238e-005
 4.109500e+002  2.942876e-005
 4.115687e+002  2.753795e-005
 4.121875e+002  2.666799e-005
 4.128062e+002  3.036155e-005
 4.134250e+002  2.972968e-005
 4.140437e+002  2.895567e-005
 4.146625e+002  3.032921e-005
 4.152812e+002  2.807511e-005
 4.159000e+002  2.719702e-005
 4.165187e+002  2.830563e-005
 4.171375e+002  2.757143e-005
 4.177562e+002  2.959630e-005
 4.183750e+002  3.154891e-005
 4.189937e+002  2.987689e-005
 4.196125e+002  7.633026e-005
 4.202312e+002  1.232700e-004
 4.208500e+002  5.589967e-005
 4.214687e+002  3.033425e-005
 4.220875e+002  3.092630e-005
 4.227062e+002  3.039719e-005
 4.233250e+002  3.142214e-005
 4.239437e+002  2.940447e-005
 4.245625e+002  2.893117e-005
 4.251812e+002  2.879150e-005
 4.258000e+002  3.082009e-005
 4.264187e+002  3.495714e-005
 4.270375e+002  3.265304e-005
 4.276562e+002  2.967430e-005
 4.282750e+002  2.386458e-005
 4.288937e+002  2.945274e-005
 4.295125e+002  3.018260e-005
 4.301312e+002  2.878099e-005
 4.307500e+002  3.051405e-005
 4.313687e+002  3.073076e-005
 4.319875e+002  2.864817e-005
 4.326062e+002  2.504763e-005
 4.332250e+002  2.754327e-005
 4.338437e+002  3.199315e-005
 4.344625e+002  2.921319e-005
 4.350812e+002  2.820250e-005
 4.357000e+002  2.708232e-005
 4.363187e+002  2.718840e-005
 4.369375e+002  2.634148e-005
 4.375562e+002  3.159554e-005
 4.381750e+002  2.934961e-005
 4.387937e+002  2.677405e-005
 4.394125e+002  2.868294e-005
 4.400312e+002  3.125053e-005
 4.406500e+002  3.416524e-005
 4.412687e+002  3.098012e-005
 4.418875e+002  2.814723e-005
 4.425062e+002  2.709365e-005
 4.431250e+002  2.756171e-005
 4.437437e+002  2.952687e-005
 4.443625e+002  2.752862e-005
 4.449812e+002  2.543388e-005
 4.456000e+002  2.324762e-005
 4.462187e+002  2.647111e-005
 4.468375e+002  2.525489e-005
 4.474562e+002  2.972307e-005
 4.480750e+002  2.658649e-005
 4.486937e+002  2.597223e-005
 4.493125e+002  1.274861e-004
 4.499312e+002  2.504590e-004
 4.505500e+002  1.243332e-004
 4.511687e+002  2.545338e-005
 4.517875e+002  2.491295e-005
 4.524062e+002  2.288394e-005
 4.530250e+002  2.632160e-005
 4.536437e+002  2.429989e-005
 4.542625e+002  2.505711e-005
 4.548812e+002  2.900462e-005
 4.555000e+002  2.689955e-005
 4.561187e+002  2.271946e-005
 4.567375e+002  2.646355e-005
 4.573562e+002  2.711000e-005
 4.579750e+002  2.385533e-005
 4.585937e+002  2.534381e-005
 4.592125e+002  2.366637e-005
 4.598312e+002  2.878182e-005
 4.604500e+002  2.926202e-005
 4.610687e+002  2.724846e-005
 4.616875e+002  2.579833e-005
 4.623062e+002  2.426343e-005
 4.629250e+002  2.841925e-005
 4.635437e+002  2.694236e-005
 4.641625e+002  2.912666e-005
 4.647812e+002  2.756311e-005
 4.654000e+002  2.586137e-005
 4.660187e+002  3.218441e-005
 4.666375e+002  3.197318e-005
 4.672562e+002  2.989681e-005
 4.678750e+002  2.551239e-005
 4.684937e+002  2.719498e-005
 4.691125e+002  2.688971e-005
 4.697312e+002  2.624369e-005
 4.703500e+002  2.428909e-005
 4.709687e+002  2.539132e-005
 4.715875e+002  2.692730e-005
 4.722062e+002  2.501664e-005
 4.728250e+002  2.122712e-005
 4.734437e+002  2.404534e-005
 4.740625e+002  2.457899e-005
 4.746812e+002  2.720419e-005
 4.753000e+002  3.002325e-005
 4.759187e+002  2.958174e-005
 4.765375e+002  2.890638e-005
 4.771562e+002  2.602096e-005
 4.777750e+002  2.484128e-005
 4.783937e+002  2.274134e-005
 4.790125e+002  2.108024e-005
 4.796312e+002  7.549640e-005
 4.802500e+002  1.238415e-004
 4.808687e+002  5.782180e-005
 4.814875e+002  2.565636e-005
 4.821062e+002  2.378466e-005
 4.827250e+002  2.741249e-005
 4.833437e+002  2.797767e-005
 4.839625e+002  2.670907e-005
 4.845812e+002  2.839910e-005
 4.852000e+002  2.936586e-005
 4.858187e+002  2.802902e-005
 4.864375e+002  2.564384e-005
 4.870562e+002  2.722332e-005
 4.876750e+002  2.442060e-005
 4.882937e+002  2.277096e-005
 4.889125e+002  2.366035e-005
 4.895312e+002  2.335657e-005
 4.901500e+002  2.052202e-005
 4.907687e+002  2.400088e-005
 4.913875e+002  2.238022e-005
 4.920062e+002  2.708451e-005
 4.926250e+002  2.431622e-005
 4.932437e+002  2.078968e-005
 4.938625e+002  2.471120e-005
 4.944812e+002  2.340685e-005
 4.951000e+002  2.022183e-005
 4.957187e+002  2.633783e-005
 4.963375e+002  2.628094e-005
 4.969562e+002  2.526417e-005
 4.975750e+002  2.342148e-005
 4.981937e+002  2.325020e-005
 4.988125e+002  2.438792e-005
 4.994312e+002  4.653008e-005
 5.000500e+002  6.200564e-005
 5.006687e+002  3.090534e-005
 5.012875e+002  2.033949e-005
 5.019062e+002  2.323280e-005
 5.025250e+002  2.580600e-005
 5.031437e+002  2.448512e-005
 5.037625e+002  2.751115e-005
 5.043812e+002  2.703009e-005
 5.050000e+002  2.716821e-005
 5.056187e+002  2.753712e-005
 5.062375e+002  2.893820e-005
 5.068562e+002  2.389798e-005
 5.074750e+002  2.220205e-005
 5.080937e+002  2.103353e-005
 5.087125e+002  2.014814e-005
 5.093312e+002  2.494448e-005
 5.099500e+002  2.318897e-005
 5.105687e+002  2.445506e-005
 5.111875e+002  2.467528e-005
 5.118062e+002  2.437289e-005
 5.124250e+002  2.428223e-005
 5.130437e+002  2.526943e-005
 5.136625e+002  2.739556e-005
 5.142812e+002  2.681357e-005
 5.149000e+002  2.567749e-005
 5.155187e+002  2.554873e-005
 5.161375e+002  2.404525e-005
 5.167562e+002  2.298297e-005
 5.173750e+002  2.333165e-005
 5.179937e+002  2.777835e-005
 5.186125e+002  2.541028e-005
 5.192312e+002  2.346423e-005
 5.198500e+002  2.315648e-005
 5.204687e+002  2.319598e-005
 5.210875e+002  2.136764e-005
 5.217062e+002  2.116789e-005
 5.223250e+002  2.379214e-005
 5.229437e+002  2.499357e-005
 5.235625e+002  2.414381e-005
 5.241812e+002  2.495565e-005
 5.248000e+002  2.215543e-005
 5.254187e+002  2.095511e-005
 5.260375e+002  2.239508e-005
 5.266562e+002  2.527091e-005
 5.272750e+002  2.501921e-005
 5.278937e+002  2.180716e-005
 5.285125e+002  2.327618e-005
 5.291312e+002  2.277215e-005
 5.297500e+002  2.510196e-005
 5.303687e+002  2.532392e-005
 5.309875e+002  2.324632e-005
 5.316062e+002  2.292042e-005
 5.322250e+002  2.377515e-005
 5.328437e+002  2.529783e-005
 5.334625e+002  2.537919e-005
 5.340812e+002  2.330944e-005
 5.347000e+002  2.309192e-005
 5.353187e+002  2.333682e-005
 5.359375e+002  2.303029e-005
 5.365562e+002  2.161592e-005
 5.371750e+002  2.149016e-005
 5.377937e+002  2.434051e-005
 5.384125e+002  2.287863e-005
 5.390312e+002  2.097065e-005
 5.396500e+002  7.030754e-005
 5.402687e+002  1.179814e-004
 5.408875e+002  5.642731e-005
 5.415062e+002  2.292249e-005
 5.421250e+002  2.368305e-005
 5.427437e+002  2.617244e-005
 5.433625e+002  2.339222e-005
 5.439812e+002  2.477302e-005
 5.446000e+002  2.184867e-005
 5.452187e+002  2.445331e-005
 5.458375e+002  2.355012e-005
 5.464562e+002  2.396805e-005
 5.470750e+002  2.578963e-005
 5.476937e+002  2.441064e-005
 5.483125e+002  2.360250e-005
 5.489312e+002  2.306678e-005
 5.495500e+002  4.172222e-005
 5.501687e+002  4.949060e-005
 5.507875e+002  2.595239e-005
 5.514062e+002  2.413862e-005
 5.520250e+002  1.992377e-005
 5.526437e+002  1.958594e-005
 5.532625e+002  2.345879e-005
 5.538812e+002  2.269857e-005
 5.545000e+002  2.306312e-005
 5.551187e+002  2.450039e-005
 5.557375e+002  2.167995e-005
 5.563562e+002  2.237260e-005
 5.569750e+002  2.006526e-005
 5.575937e+002  1.999151e-005
 5.582125e+002  2.385431e-005
 5.588312e+002  2.431571e-005
 5.594500e+002  2.096490e-005
 5.600687e+002  2.518961e-005
 5.606875e+002  2.592095e-005
 5.613062e+002  2.734108e-005
 5.619250e+002  2.560694e-005
 5.625437e+002  2.486531e-005
 5.631625e+002  2.229319e-005
 5.637812e+002  2.421935e-005
 5.644000e+002  2.546236e-005
 5.650187e+002  2.189811e-005
 5.656375e+002  2.260427e-005
 5.662562e+002  2.563584e-005
 5.668750e+002  2.230708e-005
 5.674937e+002  2.431770e-005
 5.681125e+002  1.910973e-005
 5.687312e+002  2.170501e-005
 5.693500e+002  2.535294e-005
 5.699687e+002  2.391407e-005
 5.705875e+002  2.004424e-005
 5.712062e+002  2.162309e-005
 5.718250e+002  2.561086e-005
 5.724437e+002  2.460464e-005
 5.730625e+002  2.295396e-005
 5.736812e+002  2.474132e-005
 5.743000e+002  2.597028e-005
 5.749187e+002  2.202000e-005
 5.755375e+002  2.626498e-005
 5.761562e+002  2.197976e-005
 5.767750e+002  2.014538e-005
 5.773937e+002  2.230289e-005
 5.780125e+002  2.284301e-005
 5.786312e+002  2.074267e-005
 5.792500e+002  2.286244e-005
 5.798687e+002  2.536559e-005
 5.804875e+002  2.366522e-005
 5.811062e+002  2.175019e-005
 5.817250e+002  2.255266e-005
 5.823437e+002  2.381996e-005
 5.829625e+002  2.287412e-005
 5.835812e+002  2.385439e-005
 5.842000e+002  2.388551e-005
 5.848187e+002  2.653210e-005
 5.854375e+002  2.043715e-005
 5.860562e+002  2.069768e-005
 5.866750e+002  2.207051e-005
 5.872937e+002  1.790700e-005
 5.879125e+002  2.091701e-005
 5.885312e+002  2.146085e-005
 5.891500e+002  2.229764e-005
 5.897687e+002  2.126336e-005
 5.903875e+002  1.886360e-005
 5.910062e+002  2.194821e-005
 5.916250e+002  2.279861e-005
 5.922437e+002  1.924338e-005
 5.928625e+002  1.717497e-005
 5.934812e+002  2.123930e-005
 5.941000e+002  2.175213e-005
 5.947187e+002  2.148562e-005
 5.953375e+002  2.118089e-005
 5.959562e+002  1.980856e-005
 5.965750e+002  1.737537e-005
 5.971937e+002  2.140076e-005
 5.978125e+002  2.510382e-005
 5.984312e+002  2.283458e-005
 5.990500e+002  2.580093e-005
 5.996687e+002  8.340446e-005
 6.002875e+002  1.206324e-004
 6.009062e+002  5.635047e-005
 6.015250e+002  2.222278e-005
 6.021437e+002  2.235016e-005
 6.027625e+002  2.519823e-005
 6.033812e+002  2.172658e-005
 6.040000e+002  1.885995e-005
 6.046187e+002  1.866673e-005
 6.052375e+002  2.026330e-005
 6.058562e+002  1.842476e-005
 6.064750e+002  2.312610e-005
 6.070937e+002  2.419803e-005
 6.077125e+002  2.104839e-005
 6.083312e+002  2.016877e-005
 6.089500e+002  2.047165e-005
 6.095687e+002  1.934499e-005
 6.101875e+002  2.013898e-005
 6.108062e+002  1.885832e-005
 6.114250e+002  2.000671e-005
 6.120437e+002  1.916548e-005
 6.126625e+002  1.836555e-005
 6.132812e+002  2.186413e-005
 6.139000e+002  2.005578e-005
 6.145187e+002  1.946486e-005
 6.151375e+002  2.307352e-005
 6.157562e+002  2.099361e-005
 6.163750e+002  1.869930e-005
 6.169937e+002  1.698485e-005
 6.176125e+002  2.133028e-005
 6.182312e+002  2.543133e-005
 6.188500e+002  2.447431e-005
 6.194687e+002  2.085260e-005
 6.200875e+002  1.684218e-005
 6.207062e+002  1.738251e-005
 6.213250e+002  2.113423e-005
 6.219437e+002  2.135051e-005
 6.225625e+002  1.914297e-005
 6.231812e+002  2.103496e-005
 6.238000e+002  2.165935e-005
 6.244187e+002  2.389151e-005
 6.250375e+002  2.488743e-005
 6.256562e+002  2.048053e-005
 6.262750e+002  1.743693e-005
 6.268937e+002  2.002204e-005
 6.275125e+002  1.975447e-005
 6.281312e+002  2.116903e-005
 6.287500e+002  2.251389e-005
 6.293687e+002  2.483797e-005
 6.299875e+002  2.495049e-005
 6.306062e+002  1.807249e-005
 6.312250e+002  1.863925e-005
 6.318437e+002  1.979185e-005
 6.324625e+002  2.190549e-005
 6.330812e+002  1.973312e-005
 6.337000e+002  1.864174e-005
 6.343187e+002  1.625716e-005
 6.349375e+002  2.047336e-005
 6.355562e+002  2.096651e-005
 6.361750e+002  1.800585e-005
 6.367937e+002  1.674131e-005
 6.374125e+002  1.867539e-005
 6.380312e+002  2.267485e-005
 6.386500e+002  2.211011e-005
 6.392687e+002  2.343132e-005
 6.398875e+002  2.174943e-005
 6.405062e+002  2.183212e-005
 6.411250e+002  2.307469e-005
 6.417437e+002  2.084898e-005
 6.423625e+002  1.984028e-005
 6.429812e+002  2.417922e-005
 6.436000e+002  2.497582e-005
 6.442187e+002  1.883314e-005
 6.448375e+002  1.757795e-005
 6.454562e+002  2.128355e-005
 6.460750e+002  2.017145e-005
 6.466937e+002  2.009924e-005
 6.473125e+002  2.013272e-005
 6.479312e+002  1.725770e-005
 6.485500e+002  2.008132e-005
 6.491687e+002  3.840221e-005
 6.497875e+002  7.733192e-005
 6.504062e+002  5.417435e-005
 6.510250e+002  2.633482e-005
 6.516437e+002  2.353538e-005
 6.522625e+002  1.915973e-005
 6.528812e+002  1.753632e-005
 6.535000e+002  1.819480e-005
 6.541187e+002  1.772761e-005
 6.547375e+002  1.784213e-005
 6.553562e+002  1.900085e-005
 6.559750e+002  1.733778e-005
 6.565937e+002  2.000166e-005
 6.572125e+002  2.159608e-005
 6.578312e+002  2.047839e-005
 6.584500e+002  1.757395e-005
 6.590687e+002  1.701446e-005
 6.596875e+002  6.214217e-005
 6.603062e+002  1.108436e-004
 6.609250e+002  5.420148e-005
 6.615437e+002  1.700028e-005
 6.621625e+002  1.772300e-005
 6.627812e+002  1.896170e-005
 6.634000e+002  2.010764e-005
 6.640187e+002  2.243580e-005
 6.646375e+002  2.204719e-005
 6.652562e+002  2.035626e-005
 6.658750e+002  1.726761e-005
 6.664937e+002  1.960656e-005
 6.671125e+002  2.147118e-005
 6.677312e+002  2.086530e-005
 6.683500e+002  2.137519e-005
 6.689687e+002  1.940062e-005
 6.695875e+002  2.200536e-005
 6.702062e+002  2.245027e-005
 6.708250e+002  1.697442e-005
 6.714437e+002  1.801867e-005
 6.720625e+002  1.787736e-005
 6.726812e+002  1.943639e-005
 6.733000e+002  1.780861e-005
 6.739187e+002  1.797554e-005
 6.745375e+002  2.064861e-005
 6.751562e+002  2.088912e-005
 6.757750e+002  2.122987e-005
 6.763937e+002  1.938897e-005
 6.770125e+002  2.264483e-005
 6.776312e+002  2.168104e-005
 6.782500e+002  2.265258e-005
 6.788687e+002  2.055554e-005
 6.794875e+002  2.031066e-005
 6.801062e+002  1.978041e-005
 6.807250e+002  2.090942e-005
 6.813437e+002  2.052554e-005
 6.819625e+002  1.968504e-005
 6.825812e+002  1.863437e-005
 6.832000e+002  1.968370e-005
 6.838187e+002  1.858855e-005
 6.844375e+002  1.608679e-005
 6.850562e+002  1.509435e-005
 6.856750e+002  1.895084e-005
 6.862937e+002  1.832473e-005
 6.869125e+002  2.072296e-005
 6.875312e+002  1.913861e-005
 6.881500e+002  2.110362e-005
 6.887687e+002  2.070434e-005
 6.893875e+002  1.852258e-005
 6.900062e+002  1.709515e-005
 6.906250e+002  1.804397e-005
 6.912437e+002  2.030728e-005
 6.918625e+002  1.916175e-005
 6.924812e+002  1.888369e-005
 6.931000e+002  1.678629e-005
 6.937187e+002  1.916270e-005
 6.943375e+002  2.188145e-005
 6.949562e+002  1.707939e-005
 6.955750e+002  1.623469e-005
 6.961937e+002  1.749541e-005
 6.968125e+002  1.709744e-005
 6.974312e+002  1.844748e-005
 6.980500e+002  1.793924e-005
 6.986687e+002  1.498725e-005
 6.992875e+002  3.087137e-005
 6.999062e+002  4.995115e-005
 7.005250e+002  2.987637e-005
 7.011437e+002  1.752805e-005
 7.017625e+002  1.818566e-005
 7.023812e+002  1.927561e-005
 7.030000e+002  1.972374e-005
 7.036187e+002  1.887264e-005
 7.042375e+002  1.908667e-005
 7.048562e+002  1.996369e-005
 7.054750e+002  1.718805e-005
 7.060937e+002  1.801205e-005
 7.067125e+002  2.101044e-005
 7.073312e+002  1.832118e-005
 7.079500e+002  1.830019e-005
 7.085687e+002  2.284258e-005
 7.091875e+002  2.060599e-005
 7.098062e+002  2.065094e-005
 7.104250e+002  2.269426e-005
 7.110437e+002  2.351279e-005
 7.116625e+002  2.171146e-005
 7.122812e+002  1.848986e-005
 7.129000e+002  2.157640e-005
 7.135187e+002  1.871724e-005
 7.141375e+002  1.873533e-005
 7.147562e+002  1.489565e-005
 7.153750e+002  1.965943e-005
 7.159937e+002  1.946330e-005
 7.166125e+002  1.733719e-005
 7.172312e+002  1.791779e-005
 7.178500e+002  1.995411e-005
 7.184687e+002  2.349560e-005
 7.190875e+002  1.944626e-005
 7.197062e+002  6.425404e-005
 7.203250e+002  1.155311e-004
 7.209437e+002  5.268694e-005
 7.215625e+002  1.815753e-005
 7.221812e+002  1.943536e-005
 7.228000e+002  2.142739e-005
 7.234187e+002  2.250999e-005
 7.240375e+002  2.400627e-005
 7.246562e+002  2.191381e-005
 7.252750e+002  1.757779e-005
 7.258937e+002  1.737640e-005
 7.265125e+002  2.214273e-005
 7.271312e+002  2.316061e-005
 7.277500e+002  2.023554e-005
 7.283687e+002  1.881101e-005
 7.289875e+002  1.674799e-005
 7.296062e+002  2.142348e-005
 7.302250e+002  2.154037e-005
 7.308437e+002  1.847428e-005
 7.314625e+002  1.697221e-005
 7.320812e+002  1.868461e-005
 7.327000e+002  1.905362e-005
 7.333187e+002  1.895479e-005
 7.339375e+002  1.891308e-005
 7.345562e+002  1.718399e-005
 7.351750e+002  2.011499e-005
 7.357937e+002  1.829331e-005
 7.364125e+002  1.821128e-005
 7.370312e+002  1.604258e-005
 7.376500e+002  1.902177e-005
 7.382687e+002  2.086625e-005
 7.388875e+002  1.767566e-005
 7.395062e+002  1.443975e-005
 7.401250e+002  1.699502e-005
 7.407437e+002  2.096216e-005
 7.413625e+002  2.062611e-005
 7.419812e+002  1.785078e-005
 7.426000e+002  1.980754e-005
 7.432187e+002  2.095392e-005
 7.438375e+002  1.666783e-005
 7.444562e+002  1.755618e-005
 7.450750e+002  2.085368e-005
 7.456937e+002  2.086052e-005
 7.463125e+002  2.045664e-005
 7.469312e+002  2.010582e-005
 7.475500e+002  2.137981e-005
 7.481687e+002  2.000284e-005
 7.487875e+002  2.041987e-005
 7.494062e+002  8.520909e-005
 7.500250e+002  1.174731e-004
 7.506437e+002  4.669633e-005
 7.512625e+002  1.827936e-005
 7.518812e+002  1.545375e-005
 7.525000e+002  1.708382e-005
 7.531187e+002  2.005292e-005
 7.537375e+002  2.218499e-005
 7.543562e+002  2.203048e-005
 7.549750e+002  1.891093e-005
 7.555937e+002  1.873261e-005
 7.562125e+002  1.949650e-005
 7.568312e+002  1.909953e-005
 7.574500e+002  2.020647e-005
 7.580687e+002  1.928160e-005
 7.586875e+002  2.009655e-005
 7.593062e+002  2.151475e-005
 7.599250e+002  1.942292e-005
 7.605437e+002  1.449282e-005
 7.611625e+002  1.703122e-005
 7.617812e+002  2.141869e-005
 7.624000e+002  2.101612e-005
 7.630187e+002  1.731613e-005
 7.636375e+002  1.686104e-005
 7.642562e+002  1.981751e-005
 7.648750e+002  1.840213e-005
 7.654937e+002  1.782807e-005
 7.661125e+002  1.894372e-005
 7.667312e+002  1.900034e-005
 7.673500e+002  1.881663e-005
 7.679687e+002  1.638606e-005
 7.685875e+002  1.626839e-005
 7.692062e+002  1.949290e-005
 7.698250e+002  2.043699e-005
 7.704437e+002  1.975330e-005
 7.710625e+002  1.894780e-005
 7.716812e+002  1.912211e-005
 7.723000e+002  1.894207e-005
 7.729187e+002  1.958964e-005
 7.735375e+002  1.737544e-005
 7.741562e+002  1.781368e-005
 7.747750e+002  1.881392e-005
 7.753937e+002  2.020639e-005
 7.760125e+002  1.740571e-005
 7.766312e+002  1.835969e-005
 7.772500e+002  1.695694e-005
 7.778687e+002  1.721817e-005
 7.784875e+002  1.343725e-005
 7.791062e+002  1.922762e-005
 7.797250e+002  5.774894e-005
 7.803437e+002  1.020906e-004
 7.809625e+002  4.568784e-005
 7.815812e+002  1.827040e-005
 7.822000e+002  1.669628e-005
 7.828187e+002  1.614031e-005
 7.834375e+002  1.750970e-005
 7.840562e+002  2.140558e-005
 7.846750e+002  1.862533e-005
 7.852937e+002  1.595337e-005
 7.859125e+002  1.699094e-005
 7.865312e+002  1.746336e-005
 7.871500e+002  1.630713e-005
 7.877687e+002  1.562509e-005
 7.883875e+002  1.600061e-005
 7.890062e+002  1.651810e-005
 7.896250e+002  1.797206e-005
 7.902437e+002  1.515470e-005
 7.908625e+002  1.419085e-005
 7.914812e+002  1.483956e-005
 7.921000e+002  1.933807e-005
 7.927187e+002  1.969193e-005
 7.933375e+002  1.979166e-005
 7.939562e+002  1.636835e-005
 7.945750e+002  1.509165e-005
 7.951937e+002  1.574419e-005
 7.958125e+002  1.763304e-005
 7.964312e+002  2.030833e-005
 7.970500e+002  1.636400e-005
 7.976687e+002  1.722104e-005
 7.982875e+002  1.661031e-005
 7.989062e+002  1.691957e-005
 7.995250e+002  3.435396e-005
 8.001437e+002  3.785302e-005
 8.007625e+002  2.050940e-005
 8.013812e+002  1.783168e-005
 8.020000e+002  1.897319e-005
 8.026187e+002  2.097104e-005
 8.032375e+002  2.223918e-005
 8.038562e+002  1.991475e-005
 8.044750e+002  2.076976e-005
 8.050937e+002  2.133917e-005
 8.057125e+002  1.855520e-005
 8.063312e+002  1.745358e-005
 8.069500e+002  1.859218e-005
 8.075687e+002  1.927039e-005
 8.081875e+002  1.858346e-005
 8.088062e+002  1.500795e-005
 8.094250e+002  1.747030e-005
 8.100437e+002  1.766862e-005
 8.106625e+002  1.623539e-005
 8.112812e+002  1.800735e-005
 8.119000e+002  2.042906e-005
 8.125187e+002  1.971380e-005
 8.131375e+002  1.967899e-005
 8.137562e+002  1.902390e-005
 8.143750e+002  2.000296e-005
 8.149937e+002  1.944473e-005
 8.156125e+002  1.624132e-005
 8.162312e+002  1.803328e-005
 8.168500e+002  2.203888e-005
 8.174687e+002  2.176102e-005
 8.180875e+002  2.160788e-005
 8.187062e+002  1.821791e-005
 8.193250e+002  1.494585e-005
 8.199437e+002  1.727426e-005
 8.205625e+002  2.110113e-005
 8.211812e+002  2.102718e-005
 8.218000e+002  1.920539e-005
 8.224187e+002  1.817817e-005
 8.230375e+002  1.703484e-005
 8.236562e+002  1.697746e-005
 8.242750e+002  1.594998e-005
 8.248937e+002  1.874043e-005
 8.255125e+002  1.775911e-005
 8.261312e+002  1.831473e-005
 8.267500e+002  1.983275e-005
 8.273687e+002  1.886504e-005
 8.279875e+002  1.824120e-005
 8.286062e+002  1.753337e-005
 8.292250e+002  1.644949e-005
 8.298437e+002  1.615918e-005
 8.304625e+002  1.600720e-005
 8.310812e+002  1.762397e-005
 8.317000e+002  1.659185e-005
 8.323187e+002  1.922769e-005
 8.329375e+002  1.867716e-005
 8.335562e+002  1.845253e-005
 8.341750e+002  1.661764e-005
 8.347937e+002  1.724841e-005
 8.354125e+002  1.507077e-005
 8.360312e+002  1.530771e-005
 8.366500e+002  1.620937e-005
 8.372687e+002  1.758926e-005
 8.378875e+002  1.817255e-005
 8.385062e+002  1.718195e-005
 8.391250e+002  1.472767e-005
 8.397437e+002  5.363359e-005
 8.403625e+002  9.729811e-005
 8.409812e+002  4.715145e-005
 8.416000e+002  1.770355e-005
 8.422187e+002  1.925409e-005
 8.428375e+002  1.584465e-005
 8.434562e+002  1.649140e-005
 8.440750e+002  1.499117e-005
 8.446937e+002  1.825643e-005
 8.453125e+002  1.876049e-005
 8.459312e+002  1.676859e-005
 8.465500e+002  1.578789e-005
 8.471687e+002  1.801047e-005
 8.477875e+002  1.889990e-005
 8.484062e+002  1.874364e-005
 8.490250e+002  2.209273e-005
 8.496437e+002  5.650532e-005
 8.502625e+002  5.306202e-005
 8.508812e+002  2.247646e-005
 8.515000e+002  1.500473e-005
 8.521187e+002  1.440828e-005
 8.527375e+002  1.639464e-005
 8.533562e+002  1.569645e-005
 8.539750e+002  1.825097e-005
 8.545937e+002  1.616992e-005
 8.552125e+002  1.717000e-005
 8.558312e+002  1.887602e-005
 8.564500e+002  1.794000e-005
 8.570687e+002  2.075943e-005
 8.576875e+002  2.003675e-005
 8.583062e+002  2.119978e-005
 8.589250e+002  2.045406e-005
 8.595437e+002  1.715928e-005
 8.601625e+002  1.566420e-005
 8.607812e+002  1.482333e-005
 8.614000e+002  1.399575e-005
 8.620187e+002  1.765005e-005
 8.626375e+002  1.899055e-005
 8.632562e+002  1.516126e-005
 8.638750e+002  1.644627e-005
 8.644937e+002  1.589498e-005
 8.651125e+002  1.783465e-005
 8.657312e+002  1.647958e-005
 8.663500e+002  1.915334e-005
 8.669687e+002  1.692994e-005
 8.675875e+002  1.648925e-005
 8.682062e+002  1.865234e-005
 8.688250e+002  2.028611e-005
 8.694437e+002  1.926407e-005
 8.700625e+002  1.532628e-005
 8.706812e+002  1.344949e-005
 8.713000e+002  1.383609e-005
 8.719187e+002  1.531614e-005
 8.725375e+002  1.583221e-005
 8.731562e+002  1.796208e-005
 8.737750e+002  1.658848e-005
 8.743937e+002  1.663392e-005
 8.750125e+002  1.752988e-005
 8.756312e+002  1.897417e-005
 8.762500e+002  1.557351e-005
 8.768687e+002  1.516586e-005
 8.774875e+002  1.510750e-005
 8.781062e+002  1.631300e-005
 8.787250e+002  1.790482e-005
 8.793437e+002  1.702333e-005
 8.799625e+002  1.579172e-005
 8.805812e+002  1.539119e-005
 8.812000e+002  1.856149e-005
 8.818187e+002  1.936065e-005
 8.824375e+002  1.504793e-005
 8.830562e+002  1.570961e-005
 8.836750e+002  1.784770e-005
 8.842937e+002  1.855082e-005
 8.849125e+002  1.887301e-005
 8.855312e+002  1.841256e-005
 8.861500e+002  1.780477e-005
 8.867687e+002  1.739764e-005
 8.873875e+002  1.541879e-005
 8.880062e+002  1.650336e-005
 8.886250e+002  1.751906e-005
 8.892437e+002  1.897327e-005
 8.898625e+002  1.924058e-005
 8.904812e+002  1.576711e-005
 8.911000e+002  1.709036e-005
 8.917187e+002  1.849155e-005
 8.923375e+002  1.523713e-005
 8.929562e+002  1.742943e-005
 8.935750e+002  1.716639e-005
 8.941937e+002  1.676983e-005
 8.948125e+002  1.647752e-005
 8.954312e+002  1.592065e-005
 8.960500e+002  1.504858e-005
 8.966687e+002  1.741608e-005
 8.972875e+002  1.663482e-005
 8.979062e+002  1.577793e-005
 8.985250e+002  1.722431e-005
 8.991437e+002  2.412559e-005
 8.997625e+002  5.801751e-005
 9.003812e+002  9.460905e-005
 9.010000e+002  4.740883e-005
 9.016187e+002  1.939741e-005
 9.022375e+002  1.869851e-005
 9.028562e+002  1.583310e-005
 9.034750e+002  1.566671e-005
 9.040937e+002  1.396934e-005
 9.047125e+002  1.387451e-005
 9.053312e+002  1.429589e-005
 9.059500e+002  1.604739e-005
 9.065687e+002  1.711753e-005
 9.071875e+002  1.842048e-005
 9.078062e+002  1.871465e-005
 9.084250e+002  1.711813e-005
 9.090437e+002  1.635876e-005
 9.096625e+002  1.865626e-005
 9.102812e+002  1.680922e-005
 9.109000e+002  1.519716e-005
 9.115187e+002  1.523339e-005
 9.121375e+002  1.495064e-005
 9.127562e+002  1.782321e-005
 9.133750e+002  1.865661e-005
 9.139937e+002  1.637514e-005
 9.146125e+002  1.745417e-005
 9.152312e+002  1.699786e-005
 9.158500e+002  1.647440e-005
 9.164687e+002  1.631009e-005
 9.170875e+002  1.683476e-005
 9.177062e+002  1.873789e-005
 9.183250e+002  1.902261e-005
 9.189437e+002  1.567638e-005
 9.195625e+002  1.846696e-005
 9.201812e+002  1.928572e-005
 9.208000e+002  1.756110e-005
 9.214187e+002  1.823336e-005
 9.220375e+002  1.537422e-005
 9.226562e+002  1.474867e-005
 9.232750e+002  1.488445e-005
 9.238937e+002  1.674293e-005
 9.245125e+002  1.764825e-005
 9.251312e+002  1.905566e-005
 9.257500e+002  1.591548e-005
 9.263687e+002  1.545556e-005
 9.269875e+002  1.685471e-005
 9.276062e+002  1.728053e-005
 9.282250e+002  1.598436e-005
 9.288437e+002  1.590656e-005
 9.294625e+002  1.164932e-005
 9.300812e+002  1.562636e-005
 9.307000e+002  1.814540e-005
 9.313187e+002  1.882997e-005
 9.319375e+002  1.722545e-005
 9.325562e+002  1.736930e-005
 9.331750e+002  1.918670e-005
 9.337937e+002  1.825743e-005
 9.344125e+002  1.532399e-005
 9.350312e+002  1.581917e-005
 9.356500e+002  1.755036e-005
 9.362687e+002  1.768151e-005
 9.368875e+002  1.442419e-005
 9.375062e+002  1.356205e-005
 9.381250e+002  1.588725e-005
 9.387437e+002  1.596226e-005
 9.393625e+002  1.370316e-005
 9.399812e+002  1.439902e-005
 9.406000e+002  1.485116e-005
 9.412187e+002  1.751559e-005
 9.418375e+002  1.871038e-005
 9.424562e+002  1.724014e-005
 9.430750e+002  1.702011e-005
 9.436937e+002  1.823663e-005
 9.443125e+002  1.593404e-005
 9.449312e+002  1.553559e-005
 9.455500e+002  1.727679e-005
 9.461687e+002  1.599133e-005
 9.467875e+002  1.569697e-005
 9.474062e+002  1.506615e-005
 9.480250e+002  1.783248e-005
 9.486437e+002  1.828892e-005
 9.492625e+002  2.924286e-005
 9.498812e+002  4.336767e-005
 9.505000e+002  2.727273e-005
 9.511187e+002  1.712230e-005
 9.517375e+002  1.633951e-005
 9.523562e+002  1.583882e-005
 9.529750e+002  1.576684e-005
 9.535937e+002  1.681372e-005
 9.542125e+002  1.774369e-005
 9.548312e+002  1.553454e-005
 9.554500e+002  1.569898e-005
 9.560687e+002  1.585974e-005
 9.566875e+002  1.765422e-005
 9.573062e+002  1.506356e-005
 9.579250e+002  1.329334e-005
 9.585437e+002  1.523173e-005
 9.591625e+002  1.638994e-005
 9.597812e+002  4.756003e-005
 9.604000e+002  8.996863e-005
 9.610187e+002  4.724623e-005
 9.616375e+002  1.748829e-005
 9.622562e+002  1.496171e-005
 9.628750e+002  1.649298e-005
 9.634937e+002  1.461460e-005
 9.641125e+002  1.561317e-005
 9.647312e+002  1.469407e-005
 9.653500e+002  1.707287e-005
 9.659687e+002  1.733220e-005
 9.665875e+002  1.508185e-005
 9.672062e+002  1.675466e-005
 9.678250e+002  1.796766e-005
 9.684437e+002  1.565325e-005
 9.690625e+002  1.479736e-005
 9.696812e+002  1.593675e-005
 9.703000e+002  1.622578e-005
 9.709187e+002  1.678732e-005
 9.715375e+002  1.525748e-005
 9.721562e+002  1.554223e-005
 9.727750e+002  1.603620e-005
 9.733937e+002  1.579812e-005
 9.740125e+002  1.747215e-005
 9.746312e+002  1.799887e-005
 9.752500e+002  1.364156e-005
 9.758687e+002  1.723852e-005
 9.764875e+002  1.646900e-005
 9.771062e+002  1.814258e-005
 9.777250e+002  1.994864e-005
 9.783437e+002  1.848435e-005
 9.789625e+002  1.350671e-005
 9.795812e+002  1.574100e-005
 9.802000e+002  1.806809e-005
 9.808187e+002  1.875823e-005
 9.814375e+002  1.809138e-005
 9.820562e+002  1.725068e-005
 9.826750e+002  1.765465e-005
 9.832937e+002  1.577513e-005
 9.839125e+002  1.629220e-005
 9.845312e+002  1.813156e-005
 9.851500e+002  1.522771e-005
 9.857687e+002  1.488790e-005
 9.863875e+002  1.617156e-005
 9.870062e+002  1.695361e-005
 9.876250e+002  1.741653e-005
 9.882437e+002  1.483497e-005
 9.888625e+002  1.236827e-005
 9.894812e+002  1.495254e-005
 9.901000e+002  1.566453e-005
 9.907187e+002  1.393636e-005
 9.913375e+002  1.386681e-005
 9.919562e+002  1.732377e-005
 9.925750e+002  1.663391e-005
 9.931937e+002  1.698308e-005
 9.938125e+002  1.658968e-005
 9.944312e+002  1.735105e-005
 9.950500e+002  1.763499e-005
 9.956687e+002  1.469115e-005
 9.962875e+002  1.490881e-005
 9.969062e+002  1.430956e-005
 9.975250e+002  1.484258e-005
 9.981437e+002  1.348787e-005
 9.987625e+002  1.390176e-005
 9.993812e+002  2.458068e-005
 1.000000e+003  3.035560e-005
