 1.000000e+001  8.605567e-004
 1.061875e+001  8.334058e-004
 1.123750e+001  8.276385e-004
 1.185625e+001  7.704370e-004
 1.247500e+001  7.030671e-004
 1.309375e+001  7.427030e-004
 1.371250e+001  8.132657e-004
 1.433125e+001  8.342159e-004
 1.495000e+001  8.410629e-004
 1.556875e+001  7.622425e-004
 1.618750e+001  9.351691e-004
 1.680625e+001  8.560586e-004
 1.742500e+001  8.570353e-004
 1.804375e+001  8.915315e-004
 1.866250e+001  6.522736e-004
 1.928125e+001  6.235528e-004
 1.990000e+001  6.186174e-004
 2.051875e+001  5.827687e-004
 2.113750e+001  5.623236e-004
 2.175625e+001  5.887301e-004
 2.237500e+001  6.953202e-004
 2.299375e+001  7.304705e-004
 2.361250e+001  6.118955e-004
 2.423125e+001  6.488756e-004
 2.485000e+001  6.735224e-004
 2.546875e+001  6.651468e-004
 2.608750e+001  6.949224e-004
 2.670625e+001  5.923387e-004
 2.732500e+001  6.344248e-004
 2.794375e+001  7.302977e-004
 2.856250e+001  5.564342e-004
 2.918125e+001  6.217656e-004
 2.980000e+001  6.237373e-004
 3.041875e+001  5.303824e-004
 3.103750e+001  5.806278e-004
 3.165625e+001  6.540820e-004
 3.227500e+001  7.367504e-004
 3.289375e+001  6.389512e-004
 3.351250e+001  5.093735e-004
 3.413125e+001  4.535785e-004
 3.475000e+001  5.869698e-004
 3.536875e+001  7.037994e-004
 3.598750e+001  7.047567e-004
 3.660625e+001  4.582767e-004
 3.722500e+001  4.670565e-004
 3.784375e+001  4.787891e-004
 3.846250e+001  5.358673e-004
 3.908125e+001  4.938714e-004
 3.970000e+001  4.478134e-004
 4.031875e+001  4.718800e-004
 4.093750e+001  5.018541e-004
 4.155625e+001  4.619925e-004
 4.217500e+001  4.648717e-004
 4.279375e+001  4.571181e-004
 4.341250e+001  4.506573e-004
 4.403125e+001  4.364211e-004
 4.465000e+001  3.575902e-004
 4.526875e+001  3.147507e-004
 4.588750e+001  4.078196e-004
 4.650625e+001  3.806511e-004
 4.712500e+001  3.882489e-004
 4.774375e+001  4.727713e-004
 4.836250e+001  4.224804e-004
 4.898125e+001  7.748226e-004
 4.960000e+001  6.204342e-003
 5.021875e+001  8.064532e-003
 5.083750e+001  2.473744e-003
 5.145625e+001  4.515272e-004
 5.207500e+001  4.409334e-004
 5.269375e+001  4.086578e-004
 5.331250e+001  4.750590e-004
 5.393125e+001  4.345261e-004
 5.455000e+001  3.391316e-004
 5.516875e+001  3.637071e-004
 5.578750e+001  3.929560e-004
 5.640625e+001  3.462708e-004
 5.702500e+001  3.549852e-004
 5.764375e+001  3.868810e-004
 5.826250e+001  3.841749e-004
 5.888125e+001  3.886126e-004
 5.950000e+001  4.170837e-004
 6.011875e+001  4.474672e-004
 6.073750e+001  3.463814e-004
 6.135625e+001  3.110973e-004
 6.197500e+001  3.476792e-004
 6.259375e+001  3.369283e-004
 6.321250e+001  3.869475e-004
 6.383125e+001  3.506665e-004
 6.445000e+001  2.755679e-004
 6.506875e+001  2.735457e-004
 6.568750e+001  3.688873e-004
 6.630625e+001  4.137958e-004
 6.692500e+001  3.828524e-004
 6.754375e+001  3.234865e-004
 6.816250e+001  3.292232e-004
 6.878125e+001  3.506122e-004
 6.940000e+001  3.753590e-004
 7.001875e+001  3.400884e-004
 7.063750e+001  3.608962e-004
 7.125625e+001  4.137255e-004
 7.187500e+001  3.093650e-004
 7.249375e+001  2.948437e-004
 7.311250e+001  3.181333e-004
 7.373125e+001  3.284878e-004
 7.435000e+001  3.309301e-004
 7.496875e+001  3.038911e-004
 7.558750e+001  2.827589e-004
 7.620625e+001  2.734790e-004
 7.682500e+001  2.976542e-004
 7.744375e+001  3.247706e-004
 7.806250e+001  3.507256e-004
 7.868125e+001  3.326827e-004
 7.930000e+001  3.138946e-004
 7.991875e+001  3.371111e-004
 8.053750e+001  3.739110e-004
 8.115625e+001  3.716456e-004
 8.177500e+001  3.273201e-004
 8.239375e+001  3.691490e-004
 8.301250e+001  3.297304e-004
 8.363125e+001  3.275223e-004
 8.425000e+001  3.081201e-004
 8.486875e+001  3.264697e-004
 8.548750e+001  3.544103e-004
 8.610625e+001  3.445131e-004
 8.672500e+001  3.637820e-004
 8.734375e+001  2.837869e-004
 8.796250e+001  3.161828e-004
 8.858125e+001  3.530722e-004
 8.920000e+001  3.751295e-004
 8.981875e+001  4.428827e-004
 9.043750e+001  4.016784e-004
 9.105625e+001  3.387810e-004
 9.167500e+001  3.068700e-004
 9.229375e+001  2.955044e-004
 9.291250e+001  2.875113e-004
 9.353125e+001  3.557019e-004
 9.415000e+001  3.592629e-004
 9.476875e+001  3.032934e-004
 9.538750e+001  3.082116e-004
 9.600625e+001  3.125007e-004
 9.662500e+001  3.208138e-004
 9.724375e+001  3.421421e-004
 9.786250e+001  3.456791e-004
 9.848125e+001  2.550450e-004
 9.910000e+001  3.733465e-004
 9.971875e+001  7.043127e-004
 1.003375e+002  6.980528e-004
 1.009563e+002  3.473768e-004
 1.015750e+002  3.399882e-004
 1.021938e+002  2.930850e-004
 1.028125e+002  3.089539e-004
 1.034313e+002  3.091436e-004
 1.040500e+002  3.182353e-004
 1.046688e+002  3.642764e-004
 1.052875e+002  3.476775e-004
 1.059063e+002  3.086045e-004
 1.065250e+002  3.290828e-004
 1.071438e+002  3.383282e-004
 1.077625e+002  3.612662e-004
 1.083813e+002  3.406917e-004
 1.090000e+002  2.820549e-004
 1.096188e+002  2.713849e-004
 1.102375e+002  3.053237e-004
 1.108563e+002  3.189357e-004
 1.114750e+002  3.694345e-004
 1.120938e+002  3.068476e-004
 1.127125e+002  2.983603e-004
 1.133313e+002  3.076013e-004
 1.139500e+002  2.902781e-004
 1.145688e+002  3.306308e-004
 1.151875e+002  3.787198e-004
 1.158063e+002  3.704786e-004
 1.164250e+002  3.045171e-004
 1.170438e+002  3.317404e-004
 1.176625e+002  3.241692e-004
 1.182813e+002  3.513372e-004
 1.189000e+002  3.917850e-004
 1.195188e+002  3.783503e-004
 1.201375e+002  3.422786e-004
 1.207563e+002  3.306642e-004
 1.213750e+002  2.979470e-004
 1.219938e+002  2.635708e-004
 1.226125e+002  3.913836e-004
 1.232313e+002  4.323026e-004
 1.238500e+002  3.721210e-004
 1.244688e+002  3.235869e-004
 1.250875e+002  3.672049e-004
 1.257063e+002  3.954620e-004
 1.263250e+002  3.432928e-004
 1.269438e+002  2.832670e-004
 1.275625e+002  2.933832e-004
 1.281813e+002  3.563140e-004
 1.288000e+002  3.185380e-004
 1.294188e+002  2.704289e-004
 1.300375e+002  3.488891e-004
 1.306563e+002  3.980880e-004
 1.312750e+002  3.584669e-004
 1.318938e+002  3.550329e-004
 1.325125e+002  3.721753e-004
 1.331313e+002  3.381459e-004
 1.337500e+002  3.211255e-004
 1.343688e+002  3.618185e-004
 1.349875e+002  3.466336e-004
 1.356063e+002  3.174068e-004
 1.362250e+002  3.015481e-004
 1.368438e+002  3.327312e-004
 1.374625e+002  3.723718e-004
 1.380813e+002  3.256421e-004
 1.387000e+002  3.545353e-004
 1.393188e+002  3.830017e-004
 1.399375e+002  3.278034e-004
 1.405563e+002  3.691340e-004
 1.411750e+002  3.545910e-004
 1.417938e+002  3.891848e-004
 1.424125e+002  4.001071e-004
 1.430313e+002  3.460652e-004
 1.436500e+002  3.198021e-004
 1.442688e+002  2.857925e-004
 1.448875e+002  3.355807e-004
 1.455063e+002  3.435877e-004
 1.461250e+002  3.891716e-004
 1.467438e+002  3.805306e-004
 1.473625e+002  2.574888e-004
 1.479813e+002  3.209736e-004
 1.486000e+002  3.956086e-004
 1.492188e+002  1.319547e-003
 1.498375e+002  5.171148e-003
 1.504563e+002  4.511447e-003
 1.510750e+002  7.196902e-004
 1.516938e+002  3.521093e-004
 1.523125e+002  3.335336e-004
 1.529313e+002  3.601239e-004
 1.535500e+002  3.263517e-004
 1.541688e+002  3.063003e-004
 1.547875e+002  3.395721e-004
 1.554063e+002  3.493957e-004
 1.560250e+002  3.625009e-004
 1.566438e+002  3.785788e-004
 1.572625e+002  3.936126e-004
 1.578813e+002  4.167738e-004
 1.585000e+002  3.501567e-004
 1.591188e+002  3.366100e-004
 1.597375e+002  3.734295e-004
 1.603563e+002  3.823177e-004
 1.609750e+002  3.174597e-004
 1.615938e+002  3.107321e-004
 1.622125e+002  3.405551e-004
 1.628313e+002  3.513674e-004
 1.634500e+002  3.720849e-004
 1.640688e+002  3.891219e-004
 1.646875e+002  3.572131e-004
 1.653063e+002  3.298483e-004
 1.659250e+002  3.809968e-004
 1.665438e+002  3.856677e-004
 1.671625e+002  3.204684e-004
 1.677813e+002  3.465668e-004
 1.684000e+002  3.974314e-004
 1.690188e+002  4.024719e-004
 1.696375e+002  3.445351e-004
 1.702563e+002  3.572311e-004
 1.708750e+002  3.632425e-004
 1.714938e+002  3.658783e-004
 1.721125e+002  3.081577e-004
 1.727313e+002  3.608935e-004
 1.733500e+002  4.182303e-004
 1.739688e+002  3.837610e-004
 1.745875e+002  3.446503e-004
 1.752063e+002  3.197546e-004
 1.758250e+002  3.824555e-004
 1.764438e+002  3.396023e-004
 1.770625e+002  3.277391e-004
 1.776813e+002  3.502220e-004
 1.783000e+002  3.777341e-004
 1.789188e+002  3.968400e-004
 1.795375e+002  3.748285e-004
 1.801563e+002  3.586835e-004
 1.807750e+002  3.885269e-004
 1.813938e+002  3.827048e-004
 1.820125e+002  3.451489e-004
 1.826313e+002  3.956269e-004
 1.832500e+002  4.437930e-004
 1.838688e+002  4.378633e-004
 1.844875e+002  4.096890e-004
 1.851063e+002  3.546972e-004
 1.857250e+002  3.921873e-004
 1.863438e+002  3.856092e-004
 1.869625e+002  3.500996e-004
 1.875813e+002  3.718678e-004
 1.882000e+002  4.242564e-004
 1.888188e+002  4.642391e-004
 1.894375e+002  4.150715e-004
 1.900563e+002  4.099968e-004
 1.906750e+002  5.031812e-004
 1.912938e+002  4.080165e-004
 1.919125e+002  4.110160e-004
 1.925313e+002  3.968718e-004
 1.931500e+002  3.863476e-004
 1.937688e+002  3.820022e-004
 1.943875e+002  3.672547e-004
 1.950063e+002  4.145504e-004
 1.956250e+002  3.733754e-004
 1.962438e+002  3.351525e-004
 1.968625e+002  3.122372e-004
 1.974813e+002  3.560810e-004
 1.981000e+002  3.282246e-004
 1.987188e+002  3.538830e-004
 1.993375e+002  6.363220e-004
 1.999563e+002  1.435966e-003
 2.005750e+002  1.026636e-003
 2.011938e+002  4.512195e-004
 2.018125e+002  4.235072e-004
 2.024313e+002  3.656619e-004
 2.030500e+002  3.278019e-004
 2.036688e+002  3.818063e-004
 2.042875e+002  3.909242e-004
 2.049063e+002  4.425904e-004
 2.055250e+002  4.637798e-004
 2.061438e+002  4.803636e-004
 2.067625e+002  4.443548e-004
 2.073813e+002  3.873194e-004
 2.080000e+002  3.828423e-004
 2.086188e+002  3.840700e-004
 2.092375e+002  4.092482e-004
 2.098563e+002  4.415705e-004
 2.104750e+002  3.785794e-004
 2.110938e+002  3.782414e-004
 2.117125e+002  4.001602e-004
 2.123313e+002  4.262379e-004
 2.129500e+002  4.033717e-004
 2.135688e+002  3.823144e-004
 2.141875e+002  3.928058e-004
 2.148063e+002  4.011662e-004
 2.154250e+002  4.366603e-004
 2.160438e+002  4.629603e-004
 2.166625e+002  4.881435e-004
 2.172813e+002  5.323405e-004
 2.179000e+002  5.091532e-004
 2.185188e+002  3.859316e-004
 2.191375e+002  3.180232e-004
 2.197563e+002  3.138000e-004
 2.203750e+002  4.382733e-004
 2.209938e+002  4.200528e-004
 2.216125e+002  3.230470e-004
 2.222313e+002  3.730859e-004
 2.228500e+002  3.921587e-004
 2.234688e+002  3.771077e-004
 2.240875e+002  4.100146e-004
 2.247063e+002  4.200330e-004
 2.253250e+002  4.213448e-004
 2.259438e+002  4.212683e-004
 2.265625e+002  4.087152e-004
 2.271813e+002  3.778438e-004
 2.278000e+002  4.101067e-004
 2.284188e+002  3.739800e-004
 2.290375e+002  3.751004e-004
 2.296563e+002  4.046382e-004
 2.302750e+002  4.124300e-004
 2.308938e+002  3.814672e-004
 2.315125e+002  4.200219e-004
 2.321313e+002  4.097070e-004
 2.327500e+002  4.011945e-004
 2.333688e+002  4.666982e-004
 2.339875e+002  4.197813e-004
 2.346063e+002  3.991007e-004
 2.352250e+002  4.260438e-004
 2.358438e+002  3.903557e-004
 2.364625e+002  4.181533e-004
 2.370813e+002  4.293179e-004
 2.377000e+002  3.913503e-004
 2.383188e+002  4.096059e-004
 2.389375e+002  3.832432e-004
 2.395563e+002  3.527610e-004
 2.401750e+002  4.376149e-004
 2.407938e+002  4.037317e-004
 2.414125e+002  3.729421e-004
 2.420313e+002  4.385996e-004
 2.426500e+002  4.104767e-004
 2.432688e+002  3.629597e-004
 2.438875e+002  3.820276e-004
 2.445063e+002  3.870050e-004
 2.451250e+002  3.729054e-004
 2.457438e+002  4.328141e-004
 2.463625e+002  4.447535e-004
 2.469813e+002  4.149375e-004
 2.476000e+002  4.000228e-004
 2.482188e+002  3.973253e-004
 2.488375e+002  3.852103e-004
 2.494563e+002  6.396664e-004
 2.500750e+002  1.388405e-003
 2.506938e+002  9.031479e-004
 2.513125e+002  3.443612e-004
 2.519313e+002  3.821895e-004
 2.525500e+002  4.313221e-004
 2.531688e+002  3.901339e-004
 2.537875e+002  4.342153e-004
 2.544063e+002  4.828746e-004
 2.550250e+002  4.273119e-004
 2.556438e+002  4.473202e-004
 2.562625e+002  4.410917e-004
 2.568813e+002  4.145965e-004
 2.575000e+002  3.267115e-004
 2.581188e+002  3.581450e-004
 2.587375e+002  4.138829e-004
 2.593563e+002  4.210465e-004
 2.599750e+002  4.324101e-004
 2.605938e+002  4.560803e-004
 2.612125e+002  3.952029e-004
 2.618313e+002  3.565061e-004
 2.624500e+002  4.160281e-004
 2.630688e+002  4.508816e-004
 2.636875e+002  4.536944e-004
 2.643063e+002  4.804158e-004
 2.649250e+002  4.572581e-004
 2.655438e+002  4.795967e-004
 2.661625e+002  4.615905e-004
 2.667813e+002  4.576533e-004
 2.674000e+002  4.334182e-004
 2.680188e+002  4.979247e-004
 2.686375e+002  4.045990e-004
 2.692563e+002  4.276261e-004
 2.698750e+002  4.526486e-004
 2.704938e+002  4.853483e-004
 2.711125e+002  4.931229e-004
 2.717313e+002  4.172545e-004
 2.723500e+002  4.328482e-004
 2.729688e+002  4.721831e-004
 2.735875e+002  4.074807e-004
 2.742063e+002  3.969558e-004
 2.748250e+002  4.387421e-004
 2.754438e+002  3.800375e-004
 2.760625e+002  3.854196e-004
 2.766813e+002  4.532072e-004
 2.773000e+002  4.652552e-004
 2.779188e+002  4.151402e-004
 2.785375e+002  3.907025e-004
 2.791563e+002  4.309038e-004
 2.797750e+002  4.238053e-004
 2.803938e+002  3.708700e-004
 2.810125e+002  4.006356e-004
 2.816313e+002  4.686436e-004
 2.822500e+002  4.630679e-004
 2.828688e+002  4.273714e-004
 2.834875e+002  4.056981e-004
 2.841063e+002  3.450822e-004
 2.847250e+002  3.886087e-004
 2.853438e+002  4.364387e-004
 2.859625e+002  5.071648e-004
 2.865813e+002  4.134467e-004
 2.872000e+002  3.562076e-004
 2.878188e+002  4.251769e-004
 2.884375e+002  5.040145e-004
 2.890563e+002  5.371400e-004
 2.896750e+002  4.992190e-004
 2.902938e+002  4.337932e-004
 2.909125e+002  5.340421e-004
 2.915313e+002  4.893426e-004
 2.921500e+002  4.274272e-004
 2.927688e+002  4.174703e-004
 2.933875e+002  4.230225e-004
 2.940063e+002  4.178380e-004
 2.946250e+002  4.054430e-004
 2.952438e+002  4.015868e-004
 2.958625e+002  3.917617e-004
 2.964813e+002  3.688271e-004
 2.971000e+002  3.538918e-004
 2.977188e+002  3.612900e-004
 2.983375e+002  3.761074e-004
 2.989563e+002  3.468430e-004
 2.995750e+002  6.760224e-004
 3.001938e+002  1.041501e-003
 3.008125e+002  7.282826e-004
 3.014313e+002  4.668794e-004
 3.020500e+002  6.734275e-004
 3.026688e+002  4.985879e-003
 3.032875e+002  7.440130e-003
 3.039063e+002  2.902389e-003
 3.045250e+002  3.821520e-004
 3.051438e+002  4.061748e-004
 3.057625e+002  4.546505e-004
 3.063813e+002  5.092515e-004
 3.070000e+002  4.769893e-004
 3.076188e+002  4.052701e-004
 3.082375e+002  4.025681e-004
 3.088563e+002  4.181761e-004
 3.094750e+002  4.352294e-004
 3.100938e+002  3.719677e-004
 3.107125e+002  3.630245e-004
 3.113313e+002  4.637167e-004
 3.119500e+002  5.323134e-004
 3.125688e+002  5.128730e-004
 3.131875e+002  4.426961e-004
 3.138063e+002  4.471172e-004
 3.144250e+002  4.310121e-004
 3.150437e+002  4.581228e-004
 3.156625e+002  4.918061e-004
 3.162812e+002  4.528583e-004
 3.169000e+002  4.482458e-004
 3.175187e+002  4.222133e-004
 3.181375e+002  4.781921e-004
 3.187562e+002  4.524379e-004
 3.193750e+002  4.580653e-004
 3.199937e+002  4.133391e-004
 3.206125e+002  4.521114e-004
 3.212312e+002  3.526617e-004
 3.218500e+002  3.800394e-004
 3.224687e+002  4.389203e-004
 3.230875e+002  4.110816e-004
 3.237062e+002  4.347876e-004
 3.243250e+002  4.362764e-004
 3.249437e+002  4.214308e-004
 3.255625e+002  4.239006e-004
 3.261812e+002  3.635106e-004
 3.268000e+002  4.382510e-004
 3.274187e+002  4.147253e-004
 3.280375e+002  4.657942e-004
 3.286562e+002  4.813177e-004
 3.292750e+002  4.772521e-004
 3.298937e+002  4.795510e-004
 3.305125e+002  4.792758e-004
 3.311312e+002  5.375387e-004
 3.317500e+002  4.980857e-004
 3.323687e+002  4.101841e-004
 3.329875e+002  4.258740e-004
 3.336062e+002  4.348408e-004
 3.342250e+002  4.728697e-004
 3.348437e+002  5.234501e-004
 3.354625e+002  4.595326e-004
 3.360812e+002  3.912613e-004
 3.367000e+002  3.599083e-004
 3.373187e+002  3.737348e-004
 3.379375e+002  4.724571e-004
 3.385562e+002  4.903094e-004
 3.391750e+002  5.035295e-004
 3.397937e+002  4.418414e-004
 3.404125e+002  4.647604e-004
 3.410312e+002  4.636359e-004
 3.416500e+002  4.613180e-004
 3.422687e+002  4.322472e-004
 3.428875e+002  4.487575e-004
 3.435062e+002  4.404103e-004
 3.441250e+002  4.069004e-004
 3.447437e+002  4.699269e-004
 3.453625e+002  4.843050e-004
 3.459812e+002  4.947906e-004
 3.466000e+002  5.940469e-004
 3.472187e+002  4.844295e-004
 3.478375e+002  4.576354e-004
 3.484562e+002  4.139376e-004
 3.490750e+002  4.318161e-004
 3.496937e+002  1.381776e-003
 3.503125e+002  2.142237e-003
 3.509312e+002  9.842737e-004
 3.515500e+002  3.895416e-004
 3.521687e+002  4.211097e-004
 3.527875e+002  4.089877e-004
 3.534062e+002  4.355321e-004
 3.540250e+002  5.063409e-004
 3.546437e+002  4.816559e-004
 3.552625e+002  4.753863e-004
 3.558812e+002  3.969826e-004
 3.565000e+002  4.318651e-004
 3.571187e+002  4.502586e-004
 3.577375e+002  4.112028e-004
 3.583562e+002  4.096406e-004
 3.589750e+002  4.319795e-004
 3.595937e+002  4.718596e-004
 3.602125e+002  4.712692e-004
 3.608312e+002  4.915989e-004
 3.614500e+002  4.063266e-004
 3.620687e+002  3.965556e-004
 3.626875e+002  4.151584e-004
 3.633062e+002  4.072623e-004
 3.639250e+002  5.008403e-004
 3.645437e+002  4.747805e-004
 3.651625e+002  4.519044e-004
 3.657812e+002  4.068175e-004
 3.664000e+002  4.156342e-004
 3.670187e+002  4.318803e-004
 3.676375e+002  4.380206e-004
 3.682562e+002  5.202721e-004
 3.688750e+002  5.399672e-004
 3.694937e+002  5.202075e-004
 3.701125e+002  5.025844e-004
 3.707312e+002  4.051365e-004
 3.713500e+002  4.291373e-004
 3.719687e+002  4.715450e-004
 3.725875e+002  4.872440e-004
 3.732062e+002  4.937342e-004
 3.738250e+002  4.128778e-004
 3.744437e+002  3.847287e-004
 3.750625e+002  4.380143e-004
 3.756812e+002  4.597015e-004
 3.763000e+002  3.831496e-004
 3.769187e+002  4.854838e-004
 3.775375e+002  4.644952e-004
 3.781562e+002  3.915772e-004
 3.787750e+002  4.290270e-004
 3.793937e+002  4.498736e-004
 3.800125e+002  5.011707e-004
 3.806312e+002  4.633414e-004
 3.812500e+002  4.203589e-004
 3.818687e+002  4.215818e-004
 3.824875e+002  4.392907e-004
 3.831062e+002  4.256618e-004
 3.837250e+002  4.292218e-004
 3.843437e+002  4.296187e-004
 3.849625e+002  4.396299e-004
 3.855812e+002  4.928442e-004
 3.862000e+002  4.803299e-004
 3.868187e+002  4.597765e-004
 3.874375e+002  3.925650e-004
 3.880562e+002  5.164817e-004
 3.886750e+002  5.031172e-004
 3.892937e+002  4.114352e-004
 3.899125e+002  4.147725e-004
 3.905312e+002  4.395131e-004
 3.911500e+002  4.857163e-004
 3.917687e+002  5.948360e-004
 3.923875e+002  4.649082e-004
 3.930062e+002  4.777152e-004
 3.936250e+002  5.274951e-004
 3.942437e+002  4.062570e-004
 3.948625e+002  4.130970e-004
 3.954812e+002  4.896050e-004
 3.961000e+002  4.966697e-004
 3.967187e+002  3.892703e-004
 3.973375e+002  4.805233e-004
 3.979562e+002  5.350876e-004
 3.985750e+002  4.622143e-004
 3.991937e+002  4.926826e-004
 3.998125e+002  7.314790e-004
 4.004312e+002  8.711607e-004
 4.010500e+002  4.401443e-004
 4.016687e+002  4.638032e-004
 4.022875e+002  4.182039e-004
 4.029062e+002  4.802563e-004
 4.035250e+002  4.367003e-004
 4.041437e+002  4.704747e-004
 4.047625e+002  4.562177e-004
 4.053812e+002  4.639318e-004
 4.060000e+002  4.477993e-004
 4.066187e+002  3.810742e-004
 4.072375e+002  3.858927e-004
 4.078562e+002  4.825140e-004
 4.084750e+002  5.182426e-004
 4.090937e+002  4.248064e-004
 4.097125e+002  4.628688e-004
 4.103312e+002  4.876426e-004
 4.109500e+002  4.290274e-004
 4.115687e+002  4.174704e-004
 4.121875e+002  4.980354e-004
 4.128062e+002  4.661199e-004
 4.134250e+002  4.392294e-004
 4.140437e+002  5.042722e-004
 4.146625e+002  5.232347e-004
 4.152812e+002  4.333860e-004
 4.159000e+002  4.115942e-004
 4.165187e+002  3.932466e-004
 4.171375e+002  4.135123e-004
 4.177562e+002  3.997651e-004
 4.183750e+002  3.539671e-004
 4.189937e+002  3.592202e-004
 4.196125e+002  4.393494e-004
 4.202312e+002  4.876980e-004
 4.208500e+002  4.411828e-004
 4.214687e+002  4.159951e-004
 4.220875e+002  3.668491e-004
 4.227062e+002  4.626069e-004
 4.233250e+002  4.923463e-004
 4.239437e+002  4.623783e-004
 4.245625e+002  4.986976e-004
 4.251812e+002  4.564988e-004
 4.258000e+002  4.895411e-004
 4.264187e+002  4.381306e-004
 4.270375e+002  4.634144e-004
 4.276562e+002  5.217256e-004
 4.282750e+002  4.827815e-004
 4.288937e+002  3.893722e-004
 4.295125e+002  3.686867e-004
 4.301312e+002  4.791606e-004
 4.307500e+002  4.724103e-004
 4.313687e+002  3.784498e-004
 4.319875e+002  4.932513e-004
 4.326062e+002  4.460195e-004
 4.332250e+002  4.454982e-004
 4.338437e+002  4.203495e-004
 4.344625e+002  5.201288e-004
 4.350812e+002  4.827377e-004
 4.357000e+002  5.145843e-004
 4.363187e+002  4.758718e-004
 4.369375e+002  4.378062e-004
 4.375562e+002  4.852225e-004
 4.381750e+002  4.247674e-004
 4.387937e+002  5.151602e-004
 4.394125e+002  5.159618e-004
 4.400312e+002  4.714283e-004
 4.406500e+002  4.745645e-004
 4.412687e+002  5.419102e-004
 4.418875e+002  3.790585e-004
 4.425062e+002  3.990323e-004
 4.431250e+002  4.907846e-004
 4.437437e+002  4.629500e-004
 4.443625e+002  4.867339e-004
 4.449812e+002  4.695916e-004
 4.456000e+002  4.395975e-004
 4.462187e+002  4.480454e-004
 4.468375e+002  5.405054e-004
 4.474562e+002  5.653730e-004
 4.480750e+002  5.186058e-004
 4.486937e+002  4.646764e-004
 4.493125e+002  5.699047e-004
 4.499312e+002  1.907307e-003
 4.505500e+002  1.983974e-003
 4.511687e+002  6.406823e-004
 4.517875e+002  4.534274e-004
 4.524062e+002  5.220480e-004
 4.530250e+002  5.879234e-004
 4.536437e+002  6.127679e-004
 4.542625e+002  5.076456e-004
 4.548812e+002  4.645023e-004
 4.555000e+002  4.294765e-004
 4.561187e+002  4.580782e-004
 4.567375e+002  5.257598e-004
 4.573562e+002  4.847573e-004
 4.579750e+002  5.072971e-004
 4.585937e+002  4.815180e-004
 4.592125e+002  4.586474e-004
 4.598312e+002  4.031439e-004
 4.604500e+002  4.831719e-004
 4.610687e+002  6.508822e-004
 4.616875e+002  6.092300e-004
 4.623062e+002  5.623888e-004
 4.629250e+002  4.972530e-004
 4.635437e+002  4.355581e-004
 4.641625e+002  4.196836e-004
 4.647812e+002  4.170099e-004
 4.654000e+002  4.843474e-004
 4.660187e+002  5.530020e-004
 4.666375e+002  4.845930e-004
 4.672562e+002  4.415914e-004
 4.678750e+002  4.938313e-004
 4.684937e+002  5.384348e-004
 4.691125e+002  5.025338e-004
 4.697312e+002  4.753772e-004
 4.703500e+002  4.557456e-004
 4.709687e+002  4.708125e-004
 4.715875e+002  5.417053e-004
 4.722062e+002  5.239290e-004
 4.728250e+002  5.130421e-004
 4.734437e+002  5.547387e-004
 4.740625e+002  6.163168e-004
 4.746812e+002  5.671937e-004
 4.753000e+002  5.098601e-004
 4.759187e+002  4.124558e-004
 4.765375e+002  5.297840e-004
 4.771562e+002  5.311929e-004
 4.777750e+002  4.716421e-004
 4.783937e+002  4.854400e-004
 4.790125e+002  4.652190e-004
 4.796312e+002  4.052435e-004
 4.802500e+002  4.157025e-004
 4.808687e+002  3.730608e-004
 4.814875e+002  4.304963e-004
 4.821062e+002  5.461786e-004
 4.827250e+002  4.579675e-004
 4.833437e+002  4.672287e-004
 4.839625e+002  4.300500e-004
 4.845812e+002  4.726113e-004
 4.852000e+002  4.983591e-004
 4.858187e+002  4.839219e-004
 4.864375e+002  4.594706e-004
 4.870562e+002  5.605600e-004
 4.876750e+002  4.448940e-004
 4.882937e+002  4.594453e-004
 4.889125e+002  4.814243e-004
 4.895312e+002  5.249994e-004
 4.901500e+002  4.530511e-004
 4.907687e+002  4.863799e-004
 4.913875e+002  5.172148e-004
 4.920062e+002  6.227291e-004
 4.926250e+002  5.300032e-004
 4.932437e+002  4.729103e-004
 4.938625e+002  4.985985e-004
 4.944812e+002  4.848005e-004
 4.951000e+002  4.672231e-004
 4.957187e+002  4.490248e-004
 4.963375e+002  4.509054e-004
 4.969562e+002  4.111458e-004
 4.975750e+002  4.071202e-004
 4.981937e+002  5.157259e-004
 4.988125e+002  5.311070e-004
 4.994312e+002  4.637135e-004
 5.000500e+002  6.719163e-004
 5.006687e+002  6.127051e-004
 5.012875e+002  4.741779e-004
 5.019062e+002  4.780136e-004
 5.025250e+002  4.821101e-004
 5.031437e+002  4.532657e-004
 5.037625e+002  4.636989e-004
 5.043812e+002  5.650879e-004
 5.050000e+002  5.285613e-004
 5.056187e+002  5.171475e-004
 5.062375e+002  4.868941e-004
 5.068562e+002  4.348416e-004
 5.074750e+002  4.506599e-004
 5.080937e+002  5.455729e-004
 5.087125e+002  4.675713e-004
 5.093312e+002  3.822851e-004
 5.099500e+002  4.438761e-004
 5.105687e+002  5.220352e-004
 5.111875e+002  5.114525e-004
 5.118062e+002  4.525264e-004
 5.124250e+002  4.774282e-004
 5.130437e+002  5.101611e-004
 5.136625e+002  4.749491e-004
 5.142812e+002  4.518567e-004
 5.149000e+002  5.253817e-004
 5.155187e+002  5.200175e-004
 5.161375e+002  4.616195e-004
 5.167562e+002  5.218588e-004
 5.173750e+002  4.841111e-004
 5.179937e+002  4.654982e-004
 5.186125e+002  5.208305e-004
 5.192312e+002  4.498359e-004
 5.198500e+002  4.933260e-004
 5.204687e+002  5.432921e-004
 5.210875e+002  5.463537e-004
 5.217062e+002  5.174750e-004
 5.223250e+002  5.266289e-004
 5.229437e+002  4.972443e-004
 5.235625e+002  5.147702e-004
 5.241812e+002  4.353429e-004
 5.248000e+002  4.488039e-004
 5.254187e+002  4.626079e-004
 5.260375e+002  4.634936e-004
 5.266562e+002  4.594944e-004
 5.272750e+002  4.421757e-004
 5.278937e+002  4.524934e-004
 5.285125e+002  4.616894e-004
 5.291312e+002  4.850318e-004
 5.297500e+002  5.220077e-004
 5.303687e+002  5.019229e-004
 5.309875e+002  5.473702e-004
 5.316062e+002  5.291548e-004
 5.322250e+002  4.756559e-004
 5.328437e+002  5.230405e-004
 5.334625e+002  5.180940e-004
 5.340812e+002  5.148899e-004
 5.347000e+002  4.999241e-004
 5.353187e+002  5.818948e-004
 5.359375e+002  5.793308e-004
 5.365562e+002  5.285947e-004
 5.371750e+002  5.805357e-004
 5.377937e+002  4.623157e-004
 5.384125e+002  4.518940e-004
 5.390312e+002  4.403554e-004
 5.396500e+002  4.168889e-004
 5.402687e+002  5.460022e-004
 5.408875e+002  5.300943e-004
 5.415062e+002  5.062328e-004
 5.421250e+002  5.278140e-004
 5.427437e+002  4.864638e-004
 5.433625e+002  4.835367e-004
 5.439812e+002  5.560494e-004
 5.446000e+002  5.475282e-004
 5.452187e+002  4.631433e-004
 5.458375e+002  4.861367e-004
 5.464562e+002  4.909964e-004
 5.470750e+002  4.157372e-004
 5.476937e+002  5.124035e-004
 5.483125e+002  5.111353e-004
 5.489312e+002  5.009351e-004
 5.495500e+002  6.481072e-004
 5.501687e+002  1.096226e-003
 5.507875e+002  8.805203e-004
 5.514062e+002  5.248427e-004
 5.520250e+002  5.495843e-004
 5.526437e+002  5.045567e-004
 5.532625e+002  4.812541e-004
 5.538812e+002  5.367769e-004
 5.545000e+002  5.445002e-004
 5.551187e+002  4.553210e-004
 5.557375e+002  4.622330e-004
 5.563562e+002  3.740657e-004
 5.569750e+002  4.991037e-004
 5.575937e+002  4.731047e-004
 5.582125e+002  4.942652e-004
 5.588312e+002  5.226802e-004
 5.594500e+002  4.117310e-004
 5.600687e+002  5.020721e-004
 5.606875e+002  5.598290e-004
 5.613062e+002  5.002170e-004
 5.619250e+002  4.637074e-004
 5.625437e+002  4.361005e-004
 5.631625e+002  4.886291e-004
 5.637812e+002  4.089113e-004
 5.644000e+002  4.499088e-004
 5.650187e+002  4.852887e-004
 5.656375e+002  5.540135e-004
 5.662562e+002  5.293237e-004
 5.668750e+002  5.122852e-004
 5.674937e+002  4.452841e-004
 5.681125e+002  5.012374e-004
 5.687312e+002  4.618850e-004
 5.693500e+002  4.257452e-004
 5.699687e+002  4.516825e-004
 5.705875e+002  4.894375e-004
 5.712062e+002  5.030185e-004
 5.718250e+002  4.346357e-004
 5.724437e+002  4.471830e-004
 5.730625e+002  4.154608e-004
 5.736812e+002  4.336311e-004
 5.743000e+002  4.453239e-004
 5.749187e+002  4.509651e-004
 5.755375e+002  5.300702e-004
 5.761562e+002  5.530000e-004
 5.767750e+002  5.014365e-004
 5.773937e+002  5.068953e-004
 5.780125e+002  5.640771e-004
 5.786312e+002  6.325125e-004
 5.792500e+002  5.253135e-004
 5.798687e+002  4.675869e-004
 5.804875e+002  4.550918e-004
 5.811062e+002  5.010833e-004
 5.817250e+002  5.221637e-004
 5.823437e+002  4.931099e-004
 5.829625e+002  4.327847e-004
 5.835812e+002  4.421443e-004
 5.842000e+002  4.454020e-004
 5.848187e+002  4.952449e-004
 5.854375e+002  5.371514e-004
 5.860562e+002  4.213015e-004
 5.866750e+002  4.052952e-004
 5.872937e+002  4.794647e-004
 5.879125e+002  5.536515e-004
 5.885312e+002  4.184990e-004
 5.891500e+002  4.534638e-004
 5.897687e+002  5.698423e-004
 5.903875e+002  4.624237e-004
 5.910062e+002  4.374580e-004
 5.916250e+002  4.220724e-004
 5.922437e+002  3.302391e-004
 5.928625e+002  3.825141e-004
 5.934812e+002  4.281188e-004
 5.941000e+002  5.247626e-004
 5.947187e+002  5.033087e-004
 5.953375e+002  4.394408e-004
 5.959562e+002  4.327176e-004
 5.965750e+002  5.461781e-004
 5.971937e+002  4.991203e-004
 5.978125e+002  5.025357e-004
 5.984312e+002  6.037753e-004
 5.990500e+002  4.990070e-004
 5.996687e+002  4.552621e-004
 6.002875e+002  5.188571e-004
 6.009062e+002  5.150508e-004
 6.015250e+002  5.447897e-004
 6.021437e+002  4.775599e-004
 6.027625e+002  4.802147e-004
 6.033812e+002  5.112574e-004
 6.040000e+002  5.115355e-004
 6.046187e+002  4.217648e-004
 6.052375e+002  5.646062e-004
 6.058562e+002  3.376145e-003
 6.064750e+002  4.897890e-003
 6.070937e+002  1.731477e-003
 6.077125e+002  5.867842e-004
 6.083312e+002  5.489532e-004
 6.089500e+002  5.412329e-004
 6.095687e+002  5.661253e-004
 6.101875e+002  5.781000e-004
 6.108062e+002  4.999760e-004
 6.114250e+002  5.247942e-004
 6.120437e+002  5.869950e-004
 6.126625e+002  4.805956e-004
 6.132812e+002  4.515517e-004
 6.139000e+002  4.357515e-004
 6.145187e+002  6.275184e-004
 6.151375e+002  6.271342e-004
 6.157562e+002  4.371870e-004
 6.163750e+002  4.601347e-004
 6.169937e+002  4.996093e-004
 6.176125e+002  4.982687e-004
 6.182312e+002  5.945080e-004
 6.188500e+002  5.616768e-004
 6.194687e+002  5.634192e-004
 6.200875e+002  5.347512e-004
 6.207062e+002  4.436471e-004
 6.213250e+002  5.131106e-004
 6.219437e+002  5.497277e-004
 6.225625e+002  5.790804e-004
 6.231812e+002  5.088853e-004
 6.238000e+002  4.455930e-004
 6.244187e+002  5.232270e-004
 6.250375e+002  5.961226e-004
 6.256562e+002  6.244435e-004
 6.262750e+002  5.100559e-004
 6.268937e+002  4.528523e-004
 6.275125e+002  4.940885e-004
 6.281312e+002  4.949698e-004
 6.287500e+002  4.545504e-004
 6.293687e+002  5.501035e-004
 6.299875e+002  5.249305e-004
 6.306062e+002  4.764792e-004
 6.312250e+002  4.663777e-004
 6.318437e+002  6.282156e-004
 6.324625e+002  5.904254e-004
 6.330812e+002  5.242704e-004
 6.337000e+002  5.064673e-004
 6.343187e+002  4.888127e-004
 6.349375e+002  5.245827e-004
 6.355562e+002  5.234427e-004
 6.361750e+002  5.064102e-004
 6.367937e+002  4.778041e-004
 6.374125e+002  5.084410e-004
 6.380312e+002  4.454859e-004
 6.386500e+002  4.227569e-004
 6.392687e+002  4.450353e-004
 6.398875e+002  4.213877e-004
 6.405062e+002  4.635257e-004
 6.411250e+002  4.683361e-004
 6.417437e+002  5.182687e-004
 6.423625e+002  5.620613e-004
 6.429812e+002  5.073231e-004
 6.436000e+002  4.696231e-004
 6.442187e+002  5.083978e-004
 6.448375e+002  5.282782e-004
 6.454562e+002  4.159999e-004
 6.460750e+002  4.218260e-004
 6.466937e+002  3.813863e-004
 6.473125e+002  4.439327e-004
 6.479312e+002  5.151320e-004
 6.485500e+002  5.628115e-004
 6.491687e+002  5.670181e-004
 6.497875e+002  7.036799e-004
 6.504062e+002  1.077617e-003
 6.510250e+002  6.837537e-004
 6.516437e+002  5.235487e-004
 6.522625e+002  5.056132e-004
 6.528812e+002  4.819470e-004
 6.535000e+002  5.007113e-004
 6.541187e+002  4.743828e-004
 6.547375e+002  4.817116e-004
 6.553562e+002  4.685839e-004
 6.559750e+002  3.806685e-004
 6.565937e+002  3.589898e-004
 6.572125e+002  4.845918e-004
 6.578312e+002  5.561505e-004
 6.584500e+002  4.896661e-004
 6.590687e+002  3.816885e-004
 6.596875e+002  4.307048e-004
 6.603062e+002  4.789204e-004
 6.609250e+002  5.390949e-004
 6.615437e+002  4.442420e-004
 6.621625e+002  3.092730e-004
 6.627812e+002  3.687577e-004
 6.634000e+002  4.608726e-004
 6.640187e+002  5.065501e-004
 6.646375e+002  4.768082e-004
 6.652562e+002  4.319304e-004
 6.658750e+002  5.028340e-004
 6.664937e+002  4.157497e-004
 6.671125e+002  4.451855e-004
 6.677312e+002  6.027858e-004
 6.683500e+002  6.039952e-004
 6.689687e+002  5.088678e-004
 6.695875e+002  5.157485e-004
 6.702062e+002  5.819328e-004
 6.708250e+002  5.331948e-004
 6.714437e+002  4.463431e-004
 6.720625e+002  4.974556e-004
 6.726812e+002  5.602806e-004
 6.733000e+002  6.252034e-004
 6.739187e+002  5.391448e-004
 6.745375e+002  5.345928e-004
 6.751562e+002  5.092113e-004
 6.757750e+002  4.824127e-004
 6.763937e+002  5.522131e-004
 6.770125e+002  5.127014e-004
 6.776312e+002  3.743496e-004
 6.782500e+002  4.950564e-004
 6.788687e+002  6.178789e-004
 6.794875e+002  5.693989e-004
 6.801062e+002  5.339319e-004
 6.807250e+002  4.767338e-004
 6.813437e+002  4.865258e-004
 6.819625e+002  5.035218e-004
 6.825812e+002  4.385800e-004
 6.832000e+002  4.757744e-004
 6.838187e+002  5.138259e-004
 6.844375e+002  4.424654e-004
 6.850562e+002  4.376311e-004
 6.856750e+002  5.485502e-004
 6.862937e+002  5.614127e-004
 6.869125e+002  4.737497e-004
 6.875312e+002  4.849159e-004
 6.881500e+002  5.413047e-004
 6.887687e+002  5.371856e-004
 6.893875e+002  5.085624e-004
 6.900062e+002  5.636312e-004
 6.906250e+002  5.802808e-004
 6.912437e+002  5.489477e-004
 6.918625e+002  5.351740e-004
 6.924812e+002  5.068115e-004
 6.931000e+002  4.646484e-004
 6.937187e+002  5.847519e-004
 6.943375e+002  5.178478e-004
 6.949562e+002  4.923962e-004
 6.955750e+002  4.680976e-004
 6.961937e+002  4.501456e-004
 6.968125e+002  5.255982e-004
 6.974312e+002  5.123089e-004
 6.980500e+002  5.296911e-004
 6.986687e+002  5.153864e-004
 6.992875e+002  4.963798e-004
 6.999062e+002  4.828753e-004
 7.005250e+002  5.571277e-004
 7.011437e+002  4.967596e-004
 7.017625e+002  4.745468e-004
 7.023812e+002  4.968955e-004
 7.030000e+002  5.093001e-004
 7.036187e+002  4.306750e-004
 7.042375e+002  4.427678e-004
 7.048562e+002  4.552857e-004
 7.054750e+002  5.367538e-004
 7.060937e+002  5.604546e-004
 7.067125e+002  4.827318e-004
 7.073312e+002  4.441340e-004
 7.079500e+002  5.046390e-004
 7.085687e+002  4.736459e-004
 7.091875e+002  4.713566e-004
 7.098062e+002  4.893586e-004
 7.104250e+002  4.799986e-004
 7.110437e+002  4.796919e-004
 7.116625e+002  5.269469e-004
 7.122812e+002  5.625326e-004
 7.129000e+002  4.601120e-004
 7.135187e+002  4.039973e-004
 7.141375e+002  4.281244e-004
 7.147562e+002  4.496705e-004
 7.153750e+002  4.774601e-004
 7.159937e+002  5.080926e-004
 7.166125e+002  4.681934e-004
 7.172312e+002  4.739885e-004
 7.178500e+002  5.588729e-004
 7.184687e+002  4.728213e-004
 7.190875e+002  4.504868e-004
 7.197062e+002  5.290289e-004
 7.203250e+002  5.392677e-004
 7.209437e+002  5.036511e-004
 7.215625e+002  4.697003e-004
 7.221812e+002  5.311875e-004
 7.228000e+002  5.051236e-004
 7.234187e+002  4.254062e-004
 7.240375e+002  5.718719e-004
 7.246562e+002  5.909049e-004
 7.252750e+002  5.352981e-004
 7.258937e+002  5.156891e-004
 7.265125e+002  4.828606e-004
 7.271312e+002  4.722621e-004
 7.277500e+002  6.251013e-004
 7.283687e+002  6.100178e-004
 7.289875e+002  4.525246e-004
 7.296062e+002  4.388958e-004
 7.302250e+002  5.000482e-004
 7.308437e+002  6.071192e-004
 7.314625e+002  6.136914e-004
 7.320812e+002  5.716037e-004
 7.327000e+002  5.721217e-004
 7.333187e+002  4.797664e-004
 7.339375e+002  4.658571e-004
 7.345562e+002  5.355456e-004
 7.351750e+002  5.605948e-004
 7.357937e+002  4.889738e-004
 7.364125e+002  4.650060e-004
 7.370312e+002  5.249643e-004
 7.376500e+002  6.597749e-004
 7.382687e+002  5.136990e-004
 7.388875e+002  4.947629e-004
 7.395062e+002  6.139141e-004
 7.401250e+002  5.680377e-004
 7.407437e+002  5.183024e-004
 7.413625e+002  5.753479e-004
 7.419812e+002  5.221206e-004
 7.426000e+002  4.586621e-004
 7.432187e+002  3.936719e-004
 7.438375e+002  4.723713e-004
 7.444562e+002  4.779539e-004
 7.450750e+002  5.140319e-004
 7.456937e+002  4.672426e-004
 7.463125e+002  4.284705e-004
 7.469312e+002  4.065798e-004
 7.475500e+002  4.688488e-004
 7.481687e+002  5.250260e-004
 7.487875e+002  5.325873e-004
 7.494062e+002  5.156684e-004
 7.500250e+002  1.507902e-003
 7.506437e+002  1.861925e-003
 7.512625e+002  7.134405e-004
 7.518812e+002  4.513986e-004
 7.525000e+002  4.411234e-004
 7.531187e+002  4.553486e-004
 7.537375e+002  3.684876e-004
 7.543562e+002  4.194998e-004
 7.549750e+002  4.936317e-004
 7.555937e+002  5.555220e-004
 7.562125e+002  4.764001e-004
 7.568312e+002  4.946311e-004
 7.574500e+002  5.045756e-004
 7.580687e+002  4.746052e-004
 7.586875e+002  4.866748e-004
 7.593062e+002  4.504775e-004
 7.599250e+002  4.475178e-004
 7.605437e+002  5.398268e-004
 7.611625e+002  5.512687e-004
 7.617812e+002  6.119783e-004
 7.624000e+002  5.114289e-004
 7.630187e+002  5.982452e-004
 7.636375e+002  5.826987e-004
 7.642562e+002  5.416895e-004
 7.648750e+002  5.009474e-004
 7.654937e+002  5.070970e-004
 7.661125e+002  4.712706e-004
 7.667312e+002  5.082612e-004
 7.673500e+002  5.097184e-004
 7.679687e+002  5.718001e-004
 7.685875e+002  6.423391e-004
 7.692062e+002  5.635977e-004
 7.698250e+002  5.110075e-004
 7.704437e+002  4.709878e-004
 7.710625e+002  4.186935e-004
 7.716812e+002  4.453754e-004
 7.723000e+002  5.292306e-004
 7.729187e+002  5.745249e-004
 7.735375e+002  5.624609e-004
 7.741562e+002  4.395823e-004
 7.747750e+002  5.212173e-004
 7.753937e+002  5.396284e-004
 7.760125e+002  4.656065e-004
 7.766312e+002  4.974599e-004
 7.772500e+002  4.420282e-004
 7.778687e+002  4.620816e-004
 7.784875e+002  5.093063e-004
 7.791062e+002  4.601517e-004
 7.797250e+002  5.103825e-004
 7.803437e+002  4.471133e-004
 7.809625e+002  4.745980e-004
 7.815812e+002  5.568218e-004
 7.822000e+002  6.010388e-004
 7.828187e+002  5.188730e-004
 7.834375e+002  4.294705e-004
 7.840562e+002  4.746190e-004
 7.846750e+002  5.280411e-004
 7.852937e+002  4.634201e-004
 7.859125e+002  4.215189e-004
 7.865312e+002  4.578533e-004
 7.871500e+002  4.261059e-004
 7.877687e+002  5.090316e-004
 7.883875e+002  4.879158e-004
 7.890062e+002  4.970424e-004
 7.896250e+002  5.263265e-004
 7.902437e+002  4.873619e-004
 7.908625e+002  5.783646e-004
 7.914812e+002  5.562315e-004
 7.921000e+002  5.084491e-004
 7.927187e+002  4.899258e-004
 7.933375e+002  4.962535e-004
 7.939562e+002  4.991270e-004
 7.945750e+002  5.390688e-004
 7.951937e+002  6.174777e-004
 7.958125e+002  5.678419e-004
 7.964312e+002  5.787950e-004
 7.970500e+002  5.059713e-004
 7.976687e+002  5.314915e-004
 7.982875e+002  5.771776e-004
 7.989062e+002  5.360372e-004
 7.995250e+002  5.624251e-004
 8.001437e+002  5.490523e-004
 8.007625e+002  6.183817e-004
 8.013812e+002  6.159601e-004
 8.020000e+002  5.087448e-004
 8.026187e+002  4.938150e-004
 8.032375e+002  4.463520e-004
 8.038562e+002  4.393692e-004
 8.044750e+002  5.187382e-004
 8.050937e+002  3.903487e-004
 8.057125e+002  4.583711e-004
 8.063312e+002  5.253106e-004
 8.069500e+002  5.093118e-004
 8.075687e+002  5.155422e-004
 8.081875e+002  4.955180e-004
 8.088062e+002  5.234744e-004
 8.094250e+002  4.800723e-004
 8.100437e+002  4.465962e-004
 8.106625e+002  5.499826e-004
 8.112812e+002  5.441215e-004
 8.119000e+002  4.130177e-004
 8.125187e+002  4.561024e-004
 8.131375e+002  4.587177e-004
 8.137562e+002  4.959311e-004
 8.143750e+002  5.682250e-004
 8.149937e+002  5.855378e-004
 8.156125e+002  6.308739e-004
 8.162312e+002  4.795078e-004
 8.168500e+002  4.452592e-004
 8.174687e+002  4.888349e-004
 8.180875e+002  5.023109e-004
 8.187062e+002  3.807472e-004
 8.193250e+002  4.587659e-004
 8.199437e+002  5.354608e-004
 8.205625e+002  4.894713e-004
 8.211812e+002  4.604744e-004
 8.218000e+002  3.521757e-004
 8.224187e+002  4.100011e-004
 8.230375e+002  5.325249e-004
 8.236562e+002  5.579622e-004
 8.242750e+002  5.177719e-004
 8.248937e+002  5.081878e-004
 8.255125e+002  5.621907e-004
 8.261312e+002  4.040161e-004
 8.267500e+002  4.604220e-004
 8.273687e+002  4.746234e-004
 8.279875e+002  4.129125e-004
 8.286062e+002  4.925879e-004
 8.292250e+002  5.413886e-004
 8.298437e+002  5.880135e-004
 8.304625e+002  5.642783e-004
 8.310812e+002  5.353539e-004
 8.317000e+002  4.776503e-004
 8.323187e+002  4.483292e-004
 8.329375e+002  4.356825e-004
 8.335562e+002  4.734928e-004
 8.341750e+002  5.396953e-004
 8.347937e+002  4.755364e-004
 8.354125e+002  4.876909e-004
 8.360312e+002  5.083453e-004
 8.366500e+002  3.942020e-004
 8.372687e+002  5.162881e-004
 8.378875e+002  5.050809e-004
 8.385062e+002  5.517778e-004
 8.391250e+002  6.033804e-004
 8.397437e+002  5.477275e-004
 8.403625e+002  4.770351e-004
 8.409812e+002  4.666551e-004
 8.416000e+002  5.469080e-004
 8.422187e+002  5.424066e-004
 8.428375e+002  5.362009e-004
 8.434562e+002  5.283393e-004
 8.440750e+002  5.588283e-004
 8.446937e+002  5.337998e-004
 8.453125e+002  5.962878e-004
 8.459312e+002  5.423673e-004
 8.465500e+002  4.763129e-004
 8.471687e+002  5.922286e-004
 8.477875e+002  6.744543e-004
 8.484062e+002  6.326483e-004
 8.490250e+002  5.836924e-004
 8.496437e+002  6.743998e-004
 8.502625e+002  1.036220e-003
 8.508812e+002  9.128507e-004
 8.515000e+002  5.363156e-004
 8.521187e+002  4.574867e-004
 8.527375e+002  4.538613e-004
 8.533562e+002  5.674274e-004
 8.539750e+002  5.734345e-004
 8.545937e+002  4.737983e-004
 8.552125e+002  5.268880e-004
 8.558312e+002  4.705076e-004
 8.564500e+002  4.205140e-004
 8.570687e+002  5.444619e-004
 8.576875e+002  5.918062e-004
 8.583062e+002  5.679552e-004
 8.589250e+002  5.112018e-004
 8.595437e+002  5.385157e-004
 8.601625e+002  4.817739e-004
 8.607812e+002  4.601452e-004
 8.614000e+002  5.106623e-004
 8.620187e+002  4.936260e-004
 8.626375e+002  4.562719e-004
 8.632562e+002  5.849715e-004
 8.638750e+002  5.501435e-004
 8.644937e+002  5.399489e-004
 8.651125e+002  5.129611e-004
 8.657312e+002  5.577640e-004
 8.663500e+002  4.653400e-004
 8.669687e+002  4.876954e-004
 8.675875e+002  5.401770e-004
 8.682062e+002  4.758153e-004
 8.688250e+002  5.118133e-004
 8.694437e+002  5.851313e-004
 8.700625e+002  5.593284e-004
 8.706812e+002  4.968846e-004
 8.713000e+002  4.398697e-004
 8.719187e+002  5.389271e-004
 8.725375e+002  5.379399e-004
 8.731562e+002  5.634421e-004
 8.737750e+002  5.737364e-004
 8.743937e+002  5.136750e-004
 8.750125e+002  4.773334e-004
 8.756312e+002  5.789640e-004
 8.762500e+002  6.095404e-004
 8.768687e+002  4.790680e-004
 8.774875e+002  4.130473e-004
 8.781062e+002  4.309675e-004
 8.787250e+002  4.236215e-004
 8.793437e+002  5.447025e-004
 8.799625e+002  5.924452e-004
 8.805812e+002  5.371493e-004
 8.812000e+002  5.171998e-004
 8.818187e+002  4.869187e-004
 8.824375e+002  4.480999e-004
 8.830562e+002  4.898291e-004
 8.836750e+002  5.630663e-004
 8.842937e+002  5.694452e-004
 8.849125e+002  4.984399e-004
 8.855312e+002  4.899118e-004
 8.861500e+002  5.645750e-004
 8.867687e+002  6.032728e-004
 8.873875e+002  6.008093e-004
 8.880062e+002  5.716514e-004
 8.886250e+002  5.293617e-004
 8.892437e+002  4.748506e-004
 8.898625e+002  4.810030e-004
 8.904812e+002  4.890971e-004
 8.911000e+002  5.000845e-004
 8.917187e+002  5.707110e-004
 8.923375e+002  4.715887e-004
 8.929562e+002  5.341948e-004
 8.935750e+002  5.803199e-004
 8.941937e+002  4.928541e-004
 8.948125e+002  5.152541e-004
 8.954312e+002  5.533464e-004
 8.960500e+002  5.503962e-004
 8.966687e+002  5.369070e-004
 8.972875e+002  4.915471e-004
 8.979062e+002  4.673366e-004
 8.985250e+002  5.564813e-004
 8.991437e+002  5.915986e-004
 8.997625e+002  4.434913e-004
 9.003812e+002  5.383564e-004
 9.010000e+002  6.267597e-004
 9.016187e+002  6.016341e-004
 9.022375e+002  5.476497e-004
 9.028562e+002  5.967037e-004
 9.034750e+002  5.075103e-004
 9.040937e+002  4.745001e-004
 9.047125e+002  4.014333e-004
 9.053312e+002  5.584978e-004
 9.059500e+002  5.513247e-004
 9.065687e+002  5.180920e-004
 9.071875e+002  4.937362e-004
 9.078062e+002  5.314672e-004
 9.084250e+002  6.167517e-004
 9.090437e+002  2.182693e-003
 9.096625e+002  2.911437e-003
 9.102812e+002  1.072571e-003
 9.109000e+002  5.113928e-004
 9.115187e+002  5.195328e-004
 9.121375e+002  5.209177e-004
 9.127562e+002  4.361368e-004
 9.133750e+002  4.107981e-004
 9.139937e+002  4.738212e-004
 9.146125e+002  4.369544e-004
 9.152312e+002  4.696844e-004
 9.158500e+002  5.171001e-004
 9.164687e+002  4.668287e-004
 9.170875e+002  4.250088e-004
 9.177062e+002  5.232534e-004
 9.183250e+002  5.407628e-004
 9.189437e+002  5.403927e-004
 9.195625e+002  4.862009e-004
 9.201812e+002  5.271420e-004
 9.208000e+002  5.840868e-004
 9.214187e+002  5.471800e-004
 9.220375e+002  6.030157e-004
 9.226562e+002  6.447054e-004
 9.232750e+002  5.523115e-004
 9.238937e+002  5.394596e-004
 9.245125e+002  5.148759e-004
 9.251312e+002  5.199948e-004
 9.257500e+002  4.588433e-004
 9.263687e+002  4.795139e-004
 9.269875e+002  4.899433e-004
 9.276062e+002  5.924687e-004
 9.282250e+002  5.715763e-004
 9.288437e+002  5.155568e-004
 9.294625e+002  5.012666e-004
 9.300812e+002  4.342869e-004
 9.307000e+002  5.423935e-004
 9.313187e+002  5.596664e-004
 9.319375e+002  5.866801e-004
 9.325562e+002  5.611690e-004
 9.331750e+002  4.927833e-004
 9.337937e+002  4.634264e-004
 9.344125e+002  4.830912e-004
 9.350312e+002  4.806888e-004
 9.356500e+002  5.261939e-004
 9.362687e+002  5.490063e-004
 9.368875e+002  5.948706e-004
 9.375062e+002  5.519586e-004
 9.381250e+002  4.459060e-004
 9.387437e+002  4.333828e-004
 9.393625e+002  5.512681e-004
 9.399812e+002  5.364055e-004
 9.406000e+002  5.528681e-004
 9.412187e+002  5.441635e-004
 9.418375e+002  3.851691e-004
 9.424562e+002  4.309458e-004
 9.430750e+002  4.359114e-004
 9.436937e+002  5.006265e-004
 9.443125e+002  5.154656e-004
 9.449312e+002  5.577436e-004
 9.455500e+002  4.830448e-004
 9.461687e+002  4.907755e-004
 9.467875e+002  5.182253e-004
 9.474062e+002  5.931701e-004
 9.480250e+002  5.303920e-004
 9.486437e+002  4.561749e-004
 9.492625e+002  5.834492e-004
 9.498812e+002  6.441173e-004
 9.505000e+002  9.777126e-004
 9.511187e+002  7.284238e-004
 9.517375e+002  4.659602e-004
 9.523562e+002  5.055698e-004
 9.529750e+002  5.612565e-004
 9.535937e+002  5.912017e-004
 9.542125e+002  5.845992e-004
 9.548312e+002  4.703491e-004
 9.554500e+002  5.012762e-004
 9.560687e+002  5.676532e-004
 9.566875e+002  5.782050e-004
 9.573062e+002  5.300823e-004
 9.579250e+002  5.532080e-004
 9.585437e+002  5.622906e-004
 9.591625e+002  4.794371e-004
 9.597812e+002  4.999053e-004
 9.604000e+002  4.841929e-004
 9.610187e+002  5.133647e-004
 9.616375e+002  5.074947e-004
 9.622562e+002  5.460026e-004
 9.628750e+002  5.524651e-004
 9.634937e+002  5.544289e-004
 9.641125e+002  4.799289e-004
 9.647312e+002  4.937030e-004
 9.653500e+002  5.024080e-004
 9.659687e+002  4.883801e-004
 9.665875e+002  5.467476e-004
 9.672062e+002  4.860356e-004
 9.678250e+002  5.407530e-004
 9.684437e+002  4.108906e-004
 9.690625e+002  4.292299e-004
 9.696812e+002  5.196029e-004
 9.703000e+002  4.845502e-004
 9.709187e+002  4.978217e-004
 9.715375e+002  5.428050e-004
 9.721562e+002  5.567103e-004
 9.727750e+002  4.871345e-004
 9.733937e+002  4.584400e-004
 9.740125e+002  4.720553e-004
 9.746312e+002  5.266531e-004
 9.752500e+002  4.643138e-004
 9.758687e+002  5.057671e-004
 9.764875e+002  4.212039e-004
 9.771062e+002  3.660563e-004
 9.777250e+002  4.746949e-004
 9.783437e+002  4.345633e-004
 9.789625e+002  5.178342e-004
 9.795812e+002  5.456516e-004
 9.802000e+002  5.955670e-004
 9.808187e+002  5.204342e-004
 9.814375e+002  4.703458e-004
 9.820562e+002  4.792399e-004
 9.826750e+002  5.761680e-004
 9.832937e+002  5.542268e-004
 9.839125e+002  5.088095e-004
 9.845312e+002  5.382814e-004
 9.851500e+002  5.108756e-004
 9.857687e+002  4.833853e-004
 9.863875e+002  3.926786e-004
 9.870062e+002  4.236306e-004
 9.876250e+002  5.533269e-004
 9.882437e+002  4.014541e-004
 9.888625e+002  4.097399e-004
 9.894812e+002  5.351241e-004
 9.901000e+002  5.398480e-004
 9.907187e+002  5.573341e-004
 9.913375e+002  5.457374e-004
 9.919562e+002  5.886173e-004
 9.925750e+002  5.670316e-004
 9.931937e+002  4.339853e-004
 9.938125e+002  4.713795e-004
 9.944312e+002  4.646328e-004
 9.950500e+002  5.172362e-004
 9.956687e+002  6.780480e-004
 9.962875e+002  6.066510e-004
 9.969062e+002  5.167584e-004
 9.975250e+002  5.145169e-004
 9.981437e+002  4.531683e-004
 9.987625e+002  5.175562e-004
 9.993812e+002  5.032226e-004
 1.000000e+003  5.713558e-004
