 1.000000e-001  4.777078e-003
 1.247500e-001  3.271968e-003
 1.495000e-001  3.381665e-003
 1.742500e-001  4.436915e-003
 1.990000e-001  4.806979e-003
 2.237500e-001  5.228739e-003
 2.485000e-001  4.420925e-003
 2.732500e-001  2.775407e-003
 2.980000e-001  2.448902e-003
 3.227500e-001  2.673603e-003
 3.475000e-001  2.251660e-003
 3.722500e-001  1.913368e-003
 3.970000e-001  2.861529e-003
 4.217500e-001  3.263298e-003
 4.465000e-001  2.606979e-003
 4.712500e-001  1.662320e-003
 4.960000e-001  2.032278e-003
 5.207500e-001  2.202210e-003
 5.455000e-001  2.689742e-003
 5.702500e-001  2.149906e-003
 5.950000e-001  2.503839e-003
 6.197500e-001  1.892248e-003
 6.445000e-001  1.598403e-003
 6.692500e-001  1.361163e-003
 6.940000e-001  1.300948e-003
 7.187500e-001  1.234137e-003
 7.435000e-001  1.518325e-003
 7.682500e-001  1.415121e-003
 7.930000e-001  1.635553e-003
 8.177500e-001  1.394386e-003
 8.425000e-001  1.525729e-003
 8.672500e-001  1.505391e-003
 8.920000e-001  1.538331e-003
 9.167500e-001  1.780631e-003
 9.415000e-001  1.555028e-003
 9.662500e-001  1.405124e-003
 9.910000e-001  1.497636e-003
 1.015750e+000  1.732742e-003
 1.040500e+000  1.956944e-003
 1.065250e+000  1.666667e-003
 1.090000e+000  1.330654e-003
 1.114750e+000  1.151116e-003
 1.139500e+000  1.158046e-003
 1.164250e+000  8.615095e-004
 1.189000e+000  9.418297e-004
 1.213750e+000  1.127610e-003
 1.238500e+000  1.060165e-003
 1.263250e+000  9.656095e-004
 1.288000e+000  8.309807e-004
 1.312750e+000  8.615862e-004
 1.337500e+000  1.067902e-003
 1.362250e+000  1.002493e-003
 1.387000e+000  1.011629e-003
 1.411750e+000  7.992086e-004
 1.436500e+000  8.367097e-004
 1.461250e+000  9.595201e-004
 1.486000e+000  7.903808e-004
 1.510750e+000  6.392603e-004
 1.535500e+000  6.954744e-004
 1.560250e+000  6.933650e-004
 1.585000e+000  7.488482e-004
 1.609750e+000  8.283486e-004
 1.634500e+000  7.340232e-004
 1.659250e+000  7.053178e-004
 1.684000e+000  8.004703e-004
 1.708750e+000  7.123620e-004
 1.733500e+000  8.449352e-004
 1.758250e+000  8.112813e-004
 1.783000e+000  1.083613e-003
 1.807750e+000  9.693827e-004
 1.832500e+000  7.099826e-004
 1.857250e+000  6.966226e-004
 1.882000e+000  7.539059e-004
 1.906750e+000  6.949304e-004
 1.931500e+000  4.403000e-004
 1.956250e+000  7.795835e-004
 1.981000e+000  8.054935e-004
 2.005750e+000  6.449677e-004
 2.030500e+000  6.178859e-004
 2.055250e+000  6.386266e-004
 2.080000e+000  6.589170e-004
 2.104750e+000  7.323847e-004
 2.129500e+000  6.761615e-004
 2.154250e+000  8.435288e-004
 2.179000e+000  7.731380e-004
 2.203750e+000  6.953488e-004
 2.228500e+000  8.195730e-004
 2.253250e+000  6.138012e-004
 2.278000e+000  7.678056e-004
 2.302750e+000  8.106708e-004
 2.327500e+000  4.822154e-004
 2.352250e+000  3.806801e-004
 2.377000e+000  5.853851e-004
 2.401750e+000  4.335736e-004
 2.426500e+000  4.082525e-004
 2.451250e+000  4.645308e-004
 2.476000e+000  5.839716e-004
 2.500750e+000  6.912909e-004
 2.525500e+000  6.303993e-004
 2.550250e+000  5.711656e-004
 2.575000e+000  5.506660e-004
 2.599750e+000  7.551733e-004
 2.624500e+000  6.987580e-004
 2.649250e+000  7.126990e-004
 2.674000e+000  7.852010e-004
 2.698750e+000  8.262656e-004
 2.723500e+000  6.016587e-004
 2.748250e+000  4.394990e-004
 2.773000e+000  4.679674e-004
 2.797750e+000  6.109004e-004
 2.822500e+000  7.786088e-004
 2.847250e+000  7.600459e-004
 2.872000e+000  5.647725e-004
 2.896750e+000  3.280395e-004
 2.921500e+000  3.698789e-004
 2.946250e+000  4.842793e-004
 2.971000e+000  5.542374e-004
 2.995750e+000  7.278538e-004
 3.020500e+000  5.249105e-004
 3.045250e+000  6.766787e-004
 3.070000e+000  7.668931e-004
 3.094750e+000  7.127320e-004
 3.119500e+000  7.179211e-004
 3.144250e+000  7.028914e-004
 3.169000e+000  7.137387e-004
 3.193750e+000  6.250825e-004
 3.218500e+000  5.046741e-004
 3.243250e+000  4.052873e-004
 3.268000e+000  6.088603e-004
 3.292750e+000  7.136270e-004
 3.317500e+000  5.256129e-004
 3.342250e+000  6.036296e-004
 3.367000e+000  5.143740e-004
 3.391750e+000  5.797954e-004
 3.416500e+000  4.103429e-004
 3.441250e+000  3.870714e-004
 3.466000e+000  3.847827e-004
 3.490750e+000  4.931025e-004
 3.515500e+000  2.449833e-004
 3.540250e+000  3.609629e-004
 3.565000e+000  3.981518e-004
 3.589750e+000  4.558678e-004
 3.614500e+000  4.634559e-004
 3.639250e+000  5.584339e-004
 3.664000e+000  5.703385e-004
 3.688750e+000  5.646514e-004
 3.713500e+000  5.916861e-004
 3.738250e+000  4.558800e-004
 3.763000e+000  4.125213e-004
 3.787750e+000  4.851289e-004
 3.812500e+000  4.690109e-004
 3.837250e+000  6.385862e-004
 3.862000e+000  6.540249e-004
 3.886750e+000  5.506682e-004
 3.911500e+000  4.879298e-004
 3.936250e+000  4.988398e-004
 3.961000e+000  5.060297e-004
 3.985750e+000  5.909485e-004
 4.010500e+000  5.370761e-004
 4.035250e+000  4.537155e-004
 4.060000e+000  3.896133e-004
 4.084750e+000  3.272069e-004
 4.109500e+000  3.051287e-004
 4.134250e+000  5.268001e-004
 4.159000e+000  4.763695e-004
 4.183750e+000  3.623121e-004
 4.208500e+000  3.641296e-004
 4.233250e+000  5.564229e-004
 4.258000e+000  4.458611e-004
 4.282750e+000  5.650366e-004
 4.307500e+000  6.865542e-004
 4.332250e+000  5.001963e-004
 4.357000e+000  3.425016e-004
 4.381750e+000  2.772901e-004
 4.406500e+000  4.453033e-004
 4.431250e+000  6.014799e-004
 4.456000e+000  5.398067e-004
 4.480750e+000  4.245115e-004
 4.505500e+000  5.290650e-004
 4.530250e+000  4.405731e-004
 4.555000e+000  4.443446e-004
 4.579750e+000  3.626789e-004
 4.604500e+000  4.187272e-004
 4.629250e+000  5.519705e-004
 4.654000e+000  5.358877e-004
 4.678750e+000  3.873408e-004
 4.703500e+000  3.533765e-004
 4.728250e+000  3.508815e-004
 4.753000e+000  4.706721e-004
 4.777750e+000  4.284026e-004
 4.802500e+000  4.192953e-004
 4.827250e+000  4.062221e-004
 4.852000e+000  3.052345e-004
 4.876750e+000  3.243408e-004
 4.901500e+000  3.556464e-004
 4.926250e+000  3.657542e-004
 4.951000e+000  2.953298e-004
 4.975750e+000  3.890884e-004
 5.000500e+000  4.871843e-004
 5.025250e+000  5.557670e-004
 5.050000e+000  3.870988e-004
 5.074750e+000  2.818238e-004
 5.099500e+000  2.519065e-004
 5.124250e+000  3.281588e-004
 5.149000e+000  3.612241e-004
 5.173750e+000  3.418279e-004
 5.198500e+000  3.618057e-004
 5.223250e+000  3.321583e-004
 5.248000e+000  3.219052e-004
 5.272750e+000  3.473708e-004
 5.297500e+000  3.119615e-004
 5.322250e+000  3.398925e-004
 5.347000e+000  3.304730e-004
 5.371750e+000  4.086987e-004
 5.396500e+000  3.990680e-004
 5.421250e+000  2.674345e-004
 5.446000e+000  4.522786e-004
 5.470750e+000  4.835605e-004
 5.495500e+000  3.856668e-004
 5.520250e+000  5.128103e-004
 5.545000e+000  4.655728e-004
 5.569750e+000  4.373911e-004
 5.594500e+000  2.962247e-004
 5.619250e+000  3.956247e-004
 5.644000e+000  3.666278e-004
 5.668750e+000  3.125970e-004
 5.693500e+000  3.860849e-004
 5.718250e+000  4.636928e-004
 5.743000e+000  3.671051e-004
 5.767750e+000  2.542860e-004
 5.792500e+000  3.127843e-004
 5.817250e+000  3.580986e-004
 5.842000e+000  3.464953e-004
 5.866750e+000  3.472072e-004
 5.891500e+000  3.511995e-004
 5.916250e+000  2.455860e-004
 5.941000e+000  3.667051e-004
 5.965750e+000  3.161604e-004
 5.990500e+000  1.927618e-004
 6.015250e+000  2.137607e-004
 6.040000e+000  2.349644e-004
 6.064750e+000  3.642467e-004
 6.089500e+000  3.795946e-004
 6.114250e+000  3.704855e-004
 6.139000e+000  4.903584e-004
 6.163750e+000  4.850455e-004
 6.188500e+000  2.193596e-004
 6.213250e+000  4.516714e-004
 6.238000e+000  3.916219e-004
 6.262750e+000  4.702855e-004
 6.287500e+000  3.726799e-004
 6.312250e+000  3.238095e-004
 6.337000e+000  3.016871e-004
 6.361750e+000  3.987435e-004
 6.386500e+000  3.543982e-004
 6.411250e+000  3.643004e-004
 6.436000e+000  3.958947e-004
 6.460750e+000  4.307460e-004
 6.485500e+000  4.651718e-004
 6.510250e+000  4.594110e-004
 6.535000e+000  2.790818e-004
 6.559750e+000  3.301882e-004
 6.584500e+000  3.821834e-004
 6.609250e+000  3.419823e-004
 6.634000e+000  2.168192e-004
 6.658750e+000  2.821340e-004
 6.683500e+000  2.750862e-004
 6.708250e+000  2.879776e-004
 6.733000e+000  3.423101e-004
 6.757750e+000  3.075746e-004
 6.782500e+000  3.960020e-004
 6.807250e+000  3.826807e-004
 6.832000e+000  3.201333e-004
 6.856750e+000  3.949117e-004
 6.881500e+000  5.591094e-004
 6.906250e+000  3.121205e-004
 6.931000e+000  2.350600e-004
 6.955750e+000  2.797164e-004
 6.980500e+000  3.643362e-004
 7.005250e+000  2.920578e-004
 7.030000e+000  3.102287e-004
 7.054750e+000  2.916601e-004
 7.079500e+000  3.044883e-004
 7.104250e+000  3.293689e-004
 7.129000e+000  2.918152e-004
 7.153750e+000  2.605743e-004
 7.178500e+000  2.123683e-004
 7.203250e+000  2.724796e-004
 7.228000e+000  3.414318e-004
 7.252750e+000  2.975532e-004
 7.277500e+000  3.385725e-004
 7.302250e+000  2.889793e-004
 7.327000e+000  3.052001e-004
 7.351750e+000  3.338263e-004
 7.376500e+000  2.808375e-004
 7.401250e+000  2.072146e-004
 7.426000e+000  2.118459e-004
 7.450750e+000  2.269341e-004
 7.475500e+000  5.271700e-004
 7.500250e+000  5.365508e-004
 7.525000e+000  2.589207e-004
 7.549750e+000  2.923641e-004
 7.574500e+000  2.623245e-004
 7.599250e+000  2.585832e-004
 7.624000e+000  3.327700e-004
 7.648750e+000  2.643396e-004
 7.673500e+000  3.199630e-004
 7.698250e+000  3.631966e-004
 7.723000e+000  3.148904e-004
 7.747750e+000  3.177731e-004
 7.772500e+000  3.776047e-004
 7.797250e+000  3.913550e-004
 7.822000e+000  3.372468e-004
 7.846750e+000  3.099027e-004
 7.871500e+000  3.292257e-004
 7.896250e+000  3.185674e-004
 7.921000e+000  3.279883e-004
 7.945750e+000  2.643721e-004
 7.970500e+000  3.130594e-004
 7.995250e+000  2.708992e-004
 8.020000e+000  1.956063e-004
 8.044750e+000  2.093520e-004
 8.069500e+000  2.527235e-004
 8.094250e+000  3.038570e-004
 8.119000e+000  3.006660e-004
 8.143750e+000  3.101523e-004
 8.168500e+000  3.145775e-004
 8.193250e+000  3.537451e-004
 8.218000e+000  3.360775e-004
 8.242750e+000  1.801638e-004
 8.267500e+000  3.232018e-004
 8.292250e+000  3.868029e-004
 8.317000e+000  3.662108e-004
 8.341750e+000  3.086213e-004
 8.366500e+000  2.743082e-004
 8.391250e+000  2.844184e-004
 8.416000e+000  2.742105e-004
 8.440750e+000  4.036699e-004
 8.465500e+000  3.292977e-004
 8.490250e+000  2.611704e-004
 8.515000e+000  1.738110e-004
 8.539750e+000  2.108390e-004
 8.564500e+000  2.479937e-004
 8.589250e+000  1.777640e-004
 8.614000e+000  3.650317e-004
 8.638750e+000  4.534908e-004
 8.663500e+000  3.899383e-004
 8.688250e+000  2.900161e-004
 8.713000e+000  3.096758e-004
 8.737750e+000  3.258550e-004
 8.762500e+000  3.677717e-004
 8.787250e+000  2.555793e-004
 8.812000e+000  3.281690e-004
 8.836750e+000  2.417242e-004
 8.861500e+000  3.098389e-004
 8.886250e+000  3.170593e-004
 8.911000e+000  3.150582e-004
 8.935750e+000  3.368689e-004
 8.960500e+000  3.566116e-004
 8.985250e+000  2.407909e-004
 9.010000e+000  2.644470e-004
 9.034750e+000  2.772846e-004
 9.059500e+000  2.883062e-004
 9.084250e+000  2.388908e-004
 9.109000e+000  2.336213e-004
 9.133750e+000  1.694344e-004
 9.158500e+000  2.333035e-004
 9.183250e+000  2.586684e-004
 9.208000e+000  2.783147e-004
 9.232750e+000  2.372816e-004
 9.257500e+000  2.932826e-004
 9.282250e+000  3.711311e-004
 9.307000e+000  4.707709e-004
 9.331750e+000  3.365027e-004
 9.356500e+000  2.113715e-004
 9.381250e+000  2.105919e-004
 9.406000e+000  3.298676e-004
 9.430750e+000  3.123905e-004
 9.455500e+000  2.200645e-004
 9.480250e+000  2.904165e-004
 9.505000e+000  2.782249e-004
 9.529750e+000  3.356102e-004
 9.554500e+000  2.926316e-004
 9.579250e+000  2.411783e-004
 9.604000e+000  2.558081e-004
 9.628750e+000  3.523758e-004
 9.653500e+000  3.969685e-004
 9.678250e+000  3.678655e-004
 9.703000e+000  3.216926e-004
 9.727750e+000  2.713650e-004
 9.752500e+000  2.508714e-004
 9.777250e+000  2.415044e-004
 9.802000e+000  3.743164e-004
 9.826750e+000  3.690735e-004
 9.851500e+000  2.457003e-004
 9.876250e+000  1.981554e-004
 9.901000e+000  2.278274e-004
 9.925750e+000  2.616139e-004
 9.950500e+000  2.632953e-004
 9.975250e+000  2.353566e-004
 1.000000e+001  2.284216e-004
