 1.000000e+001  8.034174e-004
 1.061875e+001  7.369214e-004
 1.123750e+001  7.800947e-004
 1.185625e+001  8.034273e-004
 1.247500e+001  8.263314e-004
 1.309375e+001  7.646383e-004
 1.371250e+001  8.088179e-004
 1.433125e+001  7.360949e-004
 1.495000e+001  7.470014e-004
 1.556875e+001  8.191524e-004
 1.618750e+001  7.581441e-004
 1.680625e+001  7.823229e-004
 1.742500e+001  9.297868e-004
 1.804375e+001  9.998638e-004
 1.866250e+001  7.149150e-004
 1.928125e+001  6.248689e-004
 1.990000e+001  6.533218e-004
 2.051875e+001  6.420154e-004
 2.113750e+001  7.263539e-004
 2.175625e+001  6.265988e-004
 2.237500e+001  5.546963e-004
 2.299375e+001  6.465415e-004
 2.361250e+001  6.594769e-004
 2.423125e+001  5.810031e-004
 2.485000e+001  5.907556e-004
 2.546875e+001  6.415231e-004
 2.608750e+001  6.516449e-004
 2.670625e+001  6.411017e-004
 2.732500e+001  5.920653e-004
 2.794375e+001  7.857090e-004
 2.856250e+001  5.810922e-004
 2.918125e+001  6.235848e-004
 2.980000e+001  5.730464e-004
 3.041875e+001  5.322482e-004
 3.103750e+001  5.290777e-004
 3.165625e+001  5.163281e-004
 3.227500e+001  6.122291e-004
 3.289375e+001  5.506260e-004
 3.351250e+001  5.616626e-004
 3.413125e+001  4.675425e-004
 3.475000e+001  5.004083e-004
 3.536875e+001  6.194964e-004
 3.598750e+001  6.693902e-004
 3.660625e+001  4.970729e-004
 3.722500e+001  5.417427e-004
 3.784375e+001  4.762856e-004
 3.846250e+001  4.569791e-004
 3.908125e+001  4.469236e-004
 3.970000e+001  4.974001e-004
 4.031875e+001  5.526696e-004
 4.093750e+001  4.250126e-004
 4.155625e+001  4.422121e-004
 4.217500e+001  4.586682e-004
 4.279375e+001  3.908366e-004
 4.341250e+001  3.723598e-004
 4.403125e+001  4.079603e-004
 4.465000e+001  4.541039e-004
 4.526875e+001  4.910510e-004
 4.588750e+001  5.124332e-004
 4.650625e+001  5.569489e-004
 4.712500e+001  4.707034e-004
 4.774375e+001  3.964627e-004
 4.836250e+001  3.532211e-004
 4.898125e+001  8.508023e-004
 4.960000e+001  6.306344e-003
 5.021875e+001  8.042805e-003
 5.083750e+001  2.408750e-003
 5.145625e+001  4.215587e-004
 5.207500e+001  3.219940e-004
 5.269375e+001  3.904200e-004
 5.331250e+001  4.525991e-004
 5.393125e+001  3.848672e-004
 5.455000e+001  3.567078e-004
 5.516875e+001  3.962677e-004
 5.578750e+001  3.852134e-004
 5.640625e+001  3.229917e-004
 5.702500e+001  3.091083e-004
 5.764375e+001  3.556080e-004
 5.826250e+001  3.403596e-004
 5.888125e+001  3.292215e-004
 5.950000e+001  4.314986e-004
 6.011875e+001  3.936417e-004
 6.073750e+001  3.648050e-004
 6.135625e+001  4.128866e-004
 6.197500e+001  3.614934e-004
 6.259375e+001  3.528625e-004
 6.321250e+001  3.892056e-004
 6.383125e+001  3.632266e-004
 6.445000e+001  3.058301e-004
 6.506875e+001  2.823241e-004
 6.568750e+001  3.452825e-004
 6.630625e+001  3.492121e-004
 6.692500e+001  3.690360e-004
 6.754375e+001  3.672492e-004
 6.816250e+001  4.152522e-004
 6.878125e+001  3.753665e-004
 6.940000e+001  3.347452e-004
 7.001875e+001  3.456930e-004
 7.063750e+001  3.716163e-004
 7.125625e+001  3.431590e-004
 7.187500e+001  3.344460e-004
 7.249375e+001  3.046526e-004
 7.311250e+001  2.823842e-004
 7.373125e+001  2.787737e-004
 7.435000e+001  2.813379e-004
 7.496875e+001  2.765599e-004
 7.558750e+001  2.608977e-004
 7.620625e+001  3.205462e-004
 7.682500e+001  3.625565e-004
 7.744375e+001  3.153969e-004
 7.806250e+001  2.889960e-004
 7.868125e+001  3.048011e-004
 7.930000e+001  3.188661e-004
 7.991875e+001  3.005835e-004
 8.053750e+001  3.078080e-004
 8.115625e+001  3.152812e-004
 8.177500e+001  2.700785e-004
 8.239375e+001  2.772422e-004
 8.301250e+001  2.838711e-004
 8.363125e+001  3.307017e-004
 8.425000e+001  3.492573e-004
 8.486875e+001  3.237157e-004
 8.548750e+001  2.842814e-004
 8.610625e+001  3.363981e-004
 8.672500e+001  3.072772e-004
 8.734375e+001  2.926414e-004
 8.796250e+001  2.822030e-004
 8.858125e+001  2.792454e-004
 8.920000e+001  4.320328e-004
 8.981875e+001  3.802672e-004
 9.043750e+001  3.163400e-004
 9.105625e+001  2.823407e-004
 9.167500e+001  3.188563e-004
 9.229375e+001  3.339749e-004
 9.291250e+001  3.169262e-004
 9.353125e+001  3.542668e-004
 9.415000e+001  3.063350e-004
 9.476875e+001  2.485280e-004
 9.538750e+001  3.069554e-004
 9.600625e+001  3.136516e-004
 9.662500e+001  3.019154e-004
 9.724375e+001  2.862115e-004
 9.786250e+001  2.870102e-004
 9.848125e+001  3.388137e-004
 9.910000e+001  3.201174e-004
 9.971875e+001  6.106755e-004
 1.003375e+002  7.084184e-004
 1.009563e+002  3.427087e-004
 1.015750e+002  3.026793e-004
 1.021938e+002  3.110830e-004
 1.028125e+002  2.996093e-004
 1.034313e+002  2.855899e-004
 1.040500e+002  3.580664e-004
 1.046688e+002  3.177040e-004
 1.052875e+002  3.197542e-004
 1.059063e+002  3.501312e-004
 1.065250e+002  2.964392e-004
 1.071438e+002  2.681382e-004
 1.077625e+002  2.835697e-004
 1.083813e+002  3.088855e-004
 1.090000e+002  3.093412e-004
 1.096188e+002  3.603164e-004
 1.102375e+002  3.322613e-004
 1.108563e+002  3.236657e-004
 1.114750e+002  3.091724e-004
 1.120938e+002  3.028315e-004
 1.127125e+002  3.853974e-004
 1.133313e+002  3.584457e-004
 1.139500e+002  3.051101e-004
 1.145688e+002  3.169982e-004
 1.151875e+002  2.798422e-004
 1.158063e+002  2.537440e-004
 1.164250e+002  3.164314e-004
 1.170438e+002  3.164195e-004
 1.176625e+002  3.402726e-004
 1.182813e+002  3.411627e-004
 1.189000e+002  3.954416e-004
 1.195188e+002  3.569194e-004
 1.201375e+002  3.191123e-004
 1.207563e+002  3.491633e-004
 1.213750e+002  3.770118e-004
 1.219938e+002  3.469428e-004
 1.226125e+002  3.995095e-004
 1.232313e+002  3.928409e-004
 1.238500e+002  3.106163e-004
 1.244688e+002  3.466632e-004
 1.250875e+002  3.511012e-004
 1.257063e+002  3.235157e-004
 1.263250e+002  2.893946e-004
 1.269438e+002  2.981872e-004
 1.275625e+002  3.072257e-004
 1.281813e+002  3.448793e-004
 1.288000e+002  3.256019e-004
 1.294188e+002  3.285502e-004
 1.300375e+002  4.010129e-004
 1.306563e+002  3.436306e-004
 1.312750e+002  3.168905e-004
 1.318938e+002  3.681242e-004
 1.325125e+002  3.577408e-004
 1.331313e+002  3.472881e-004
 1.337500e+002  3.573847e-004
 1.343688e+002  3.547791e-004
 1.349875e+002  3.526032e-004
 1.356063e+002  3.478627e-004
 1.362250e+002  3.112437e-004
 1.368438e+002  3.557518e-004
 1.374625e+002  3.309544e-004
 1.380813e+002  3.499647e-004
 1.387000e+002  3.430776e-004
 1.393188e+002  2.618555e-004
 1.399375e+002  2.884421e-004
 1.405563e+002  3.187551e-004
 1.411750e+002  2.410951e-004
 1.417938e+002  3.174375e-004
 1.424125e+002  3.427812e-004
 1.430313e+002  3.261449e-004
 1.436500e+002  3.369399e-004
 1.442688e+002  3.701238e-004
 1.448875e+002  3.760587e-004
 1.455063e+002  3.638429e-004
 1.461250e+002  4.386495e-004
 1.467438e+002  3.926937e-004
 1.473625e+002  4.468875e-004
 1.479813e+002  4.110500e-004
 1.486000e+002  4.133215e-004
 1.492188e+002  1.486303e-003
 1.498375e+002  5.331757e-003
 1.504563e+002  4.391121e-003
 1.510750e+002  6.877669e-004
 1.516938e+002  3.396066e-004
 1.523125e+002  3.439803e-004
 1.529313e+002  3.357726e-004
 1.535500e+002  3.588527e-004
 1.541688e+002  4.167279e-004
 1.547875e+002  4.199650e-004
 1.554063e+002  3.513720e-004
 1.560250e+002  2.747391e-004
 1.566438e+002  3.485456e-004
 1.572625e+002  3.473023e-004
 1.578813e+002  3.139340e-004
 1.585000e+002  3.730622e-004
 1.591188e+002  3.719311e-004
 1.597375e+002  3.854915e-004
 1.603563e+002  3.776504e-004
 1.609750e+002  3.541565e-004
 1.615938e+002  3.723296e-004
 1.622125e+002  3.800093e-004
 1.628313e+002  3.812607e-004
 1.634500e+002  3.582311e-004
 1.640688e+002  3.645549e-004
 1.646875e+002  3.823853e-004
 1.653063e+002  3.947985e-004
 1.659250e+002  4.639664e-004
 1.665438e+002  4.181172e-004
 1.671625e+002  3.322034e-004
 1.677813e+002  3.666582e-004
 1.684000e+002  3.800016e-004
 1.690188e+002  3.379119e-004
 1.696375e+002  3.588656e-004
 1.702563e+002  3.657022e-004
 1.708750e+002  4.014585e-004
 1.714938e+002  3.497284e-004
 1.721125e+002  3.427279e-004
 1.727313e+002  3.850180e-004
 1.733500e+002  3.657191e-004
 1.739688e+002  3.405887e-004
 1.745875e+002  3.306050e-004
 1.752063e+002  3.783459e-004
 1.758250e+002  4.017037e-004
 1.764438e+002  3.583057e-004
 1.770625e+002  3.537630e-004
 1.776813e+002  3.752683e-004
 1.783000e+002  3.688714e-004
 1.789188e+002  4.142775e-004
 1.795375e+002  3.546015e-004
 1.801563e+002  3.227184e-004
 1.807750e+002  3.695966e-004
 1.813938e+002  3.287103e-004
 1.820125e+002  3.631140e-004
 1.826313e+002  3.310619e-004
 1.832500e+002  3.661716e-004
 1.838688e+002  3.718428e-004
 1.844875e+002  3.929578e-004
 1.851063e+002  3.829404e-004
 1.857250e+002  3.859999e-004
 1.863438e+002  3.683996e-004
 1.869625e+002  3.557640e-004
 1.875813e+002  4.080639e-004
 1.882000e+002  4.158266e-004
 1.888188e+002  4.029563e-004
 1.894375e+002  3.947286e-004
 1.900563e+002  3.744278e-004
 1.906750e+002  4.313770e-004
 1.912938e+002  4.511129e-004
 1.919125e+002  4.261073e-004
 1.925313e+002  3.481092e-004
 1.931500e+002  4.050024e-004
 1.937688e+002  3.808751e-004
 1.943875e+002  3.754543e-004
 1.950063e+002  3.551528e-004
 1.956250e+002  3.518063e-004
 1.962438e+002  4.153847e-004
 1.968625e+002  3.778855e-004
 1.974813e+002  3.307817e-004
 1.981000e+002  3.949176e-004
 1.987188e+002  3.894560e-004
 1.993375e+002  7.212305e-004
 1.999563e+002  1.483269e-003
 2.005750e+002  1.034620e-003
 2.011938e+002  3.917564e-004
 2.018125e+002  4.194981e-004
 2.024313e+002  3.524066e-004
 2.030500e+002  3.166047e-004
 2.036688e+002  3.018994e-004
 2.042875e+002  4.055152e-004
 2.049063e+002  3.841152e-004
 2.055250e+002  4.344100e-004
 2.061438e+002  4.967486e-004
 2.067625e+002  4.327776e-004
 2.073813e+002  3.944480e-004
 2.080000e+002  4.115916e-004
 2.086188e+002  3.997509e-004
 2.092375e+002  3.966060e-004
 2.098563e+002  4.269917e-004
 2.104750e+002  3.906162e-004
 2.110938e+002  4.393972e-004
 2.117125e+002  4.310500e-004
 2.123313e+002  3.987741e-004
 2.129500e+002  4.205163e-004
 2.135688e+002  4.556063e-004
 2.141875e+002  4.336553e-004
 2.148063e+002  4.118924e-004
 2.154250e+002  3.831471e-004
 2.160438e+002  4.135225e-004
 2.166625e+002  3.838246e-004
 2.172813e+002  3.469237e-004
 2.179000e+002  3.599755e-004
 2.185188e+002  3.772133e-004
 2.191375e+002  4.448627e-004
 2.197563e+002  3.883830e-004
 2.203750e+002  3.535745e-004
 2.209938e+002  4.117375e-004
 2.216125e+002  4.373244e-004
 2.222313e+002  4.336213e-004
 2.228500e+002  3.583799e-004
 2.234688e+002  4.018295e-004
 2.240875e+002  4.332376e-004
 2.247063e+002  4.638116e-004
 2.253250e+002  4.054145e-004
 2.259438e+002  4.478488e-004
 2.265625e+002  4.625471e-004
 2.271813e+002  5.011837e-004
 2.278000e+002  4.929001e-004
 2.284188e+002  3.933146e-004
 2.290375e+002  3.936834e-004
 2.296563e+002  3.721430e-004
 2.302750e+002  3.870458e-004
 2.308938e+002  4.406483e-004
 2.315125e+002  4.496889e-004
 2.321313e+002  4.192619e-004
 2.327500e+002  4.529972e-004
 2.333688e+002  4.269545e-004
 2.339875e+002  4.385436e-004
 2.346063e+002  4.087583e-004
 2.352250e+002  4.048308e-004
 2.358438e+002  4.584678e-004
 2.364625e+002  4.792056e-004
 2.370813e+002  4.277046e-004
 2.377000e+002  4.047976e-004
 2.383188e+002  3.900514e-004
 2.389375e+002  4.522476e-004
 2.395563e+002  4.131771e-004
 2.401750e+002  4.393893e-004
 2.407938e+002  4.122579e-004
 2.414125e+002  3.956240e-004
 2.420313e+002  4.354646e-004
 2.426500e+002  5.027058e-004
 2.432688e+002  4.896816e-004
 2.438875e+002  4.943613e-004
 2.445063e+002  4.490994e-004
 2.451250e+002  4.748979e-004
 2.457438e+002  4.891986e-004
 2.463625e+002  3.802179e-004
 2.469813e+002  3.743369e-004
 2.476000e+002  3.894103e-004
 2.482188e+002  4.222658e-004
 2.488375e+002  3.548024e-004
 2.494563e+002  8.079161e-004
 2.500750e+002  1.431258e-003
 2.506938e+002  8.036673e-004
 2.513125e+002  3.851186e-004
 2.519313e+002  4.146764e-004
 2.525500e+002  4.019084e-004
 2.531688e+002  4.061046e-004
 2.537875e+002  3.878043e-004
 2.544063e+002  3.634707e-004
 2.550250e+002  3.643572e-004
 2.556438e+002  4.343622e-004
 2.562625e+002  3.873979e-004
 2.568813e+002  3.956261e-004
 2.575000e+002  4.668194e-004
 2.581188e+002  4.975680e-004
 2.587375e+002  4.929900e-004
 2.593563e+002  3.973929e-004
 2.599750e+002  3.974360e-004
 2.605938e+002  4.413560e-004
 2.612125e+002  3.757884e-004
 2.618313e+002  4.350634e-004
 2.624500e+002  4.696516e-004
 2.630688e+002  4.593653e-004
 2.636875e+002  3.652805e-004
 2.643063e+002  3.091940e-004
 2.649250e+002  3.784462e-004
 2.655438e+002  4.549646e-004
 2.661625e+002  4.427183e-004
 2.667813e+002  4.213209e-004
 2.674000e+002  4.493759e-004
 2.680188e+002  4.497729e-004
 2.686375e+002  4.818365e-004
 2.692563e+002  4.649306e-004
 2.698750e+002  4.647528e-004
 2.704938e+002  4.777241e-004
 2.711125e+002  4.723724e-004
 2.717313e+002  3.868221e-004
 2.723500e+002  4.405577e-004
 2.729688e+002  4.028870e-004
 2.735875e+002  3.664645e-004
 2.742063e+002  4.050744e-004
 2.748250e+002  4.873191e-004
 2.754438e+002  4.634666e-004
 2.760625e+002  4.433901e-004
 2.766813e+002  4.027646e-004
 2.773000e+002  4.031317e-004
 2.779188e+002  4.056217e-004
 2.785375e+002  3.792157e-004
 2.791563e+002  3.926949e-004
 2.797750e+002  4.271909e-004
 2.803938e+002  4.121047e-004
 2.810125e+002  4.717557e-004
 2.816313e+002  4.950483e-004
 2.822500e+002  4.767642e-004
 2.828688e+002  4.782545e-004
 2.834875e+002  4.090245e-004
 2.841063e+002  3.700183e-004
 2.847250e+002  4.635837e-004
 2.853438e+002  4.492328e-004
 2.859625e+002  4.415633e-004
 2.865813e+002  4.361051e-004
 2.872000e+002  4.643417e-004
 2.878188e+002  4.585151e-004
 2.884375e+002  3.711362e-004
 2.890563e+002  3.717185e-004
 2.896750e+002  4.515446e-004
 2.902938e+002  4.019152e-004
 2.909125e+002  4.213383e-004
 2.915313e+002  4.716965e-004
 2.921500e+002  4.485205e-004
 2.927688e+002  4.597356e-004
 2.933875e+002  4.335608e-004
 2.940063e+002  4.911178e-004
 2.946250e+002  5.031959e-004
 2.952438e+002  4.396116e-004
 2.958625e+002  3.988585e-004
 2.964813e+002  3.772548e-004
 2.971000e+002  4.445963e-004
 2.977188e+002  3.977940e-004
 2.983375e+002  4.349330e-004
 2.989563e+002  4.107542e-004
 2.995750e+002  4.521674e-004
 3.001938e+002  8.105876e-004
 3.008125e+002  5.428567e-004
 3.014313e+002  4.457337e-004
 3.020500e+002  5.187276e-004
 3.026688e+002  4.854034e-003
 3.032875e+002  7.321439e-003
 3.039063e+002  2.737940e-003
 3.045250e+002  5.633475e-004
 3.051438e+002  4.320899e-004
 3.057625e+002  4.364627e-004
 3.063813e+002  4.362756e-004
 3.070000e+002  4.609259e-004
 3.076188e+002  4.829134e-004
 3.082375e+002  4.874636e-004
 3.088563e+002  5.333528e-004
 3.094750e+002  4.776564e-004
 3.100938e+002  4.469679e-004
 3.107125e+002  5.094406e-004
 3.113313e+002  4.641038e-004
 3.119500e+002  4.302123e-004
 3.125688e+002  4.716736e-004
 3.131875e+002  4.650018e-004
 3.138063e+002  4.564517e-004
 3.144250e+002  4.292023e-004
 3.150437e+002  3.660783e-004
 3.156625e+002  4.783323e-004
 3.162812e+002  5.993997e-004
 3.169000e+002  5.513661e-004
 3.175187e+002  5.050755e-004
 3.181375e+002  5.363986e-004
 3.187562e+002  4.775095e-004
 3.193750e+002  3.790451e-004
 3.199937e+002  4.681232e-004
 3.206125e+002  5.377961e-004
 3.212312e+002  5.111736e-004
 3.218500e+002  5.504486e-004
 3.224687e+002  5.098729e-004
 3.230875e+002  5.528678e-004
 3.237062e+002  5.069316e-004
 3.243250e+002  4.888914e-004
 3.249437e+002  4.402285e-004
 3.255625e+002  3.913358e-004
 3.261812e+002  4.484608e-004
 3.268000e+002  4.695164e-004
 3.274187e+002  4.961694e-004
 3.280375e+002  4.513901e-004
 3.286562e+002  5.186284e-004
 3.292750e+002  4.344002e-004
 3.298937e+002  4.193191e-004
 3.305125e+002  4.276548e-004
 3.311312e+002  4.201538e-004
 3.317500e+002  4.991473e-004
 3.323687e+002  4.348251e-004
 3.329875e+002  4.171164e-004
 3.336062e+002  4.663878e-004
 3.342250e+002  4.123273e-004
 3.348437e+002  4.422339e-004
 3.354625e+002  4.762159e-004
 3.360812e+002  4.787137e-004
 3.367000e+002  4.550316e-004
 3.373187e+002  3.992008e-004
 3.379375e+002  3.571176e-004
 3.385562e+002  4.652357e-004
 3.391750e+002  4.534594e-004
 3.397937e+002  4.531706e-004
 3.404125e+002  4.648234e-004
 3.410312e+002  4.058146e-004
 3.416500e+002  4.389713e-004
 3.422687e+002  4.224588e-004
 3.428875e+002  4.121557e-004
 3.435062e+002  5.110898e-004
 3.441250e+002  5.307791e-004
 3.447437e+002  4.682372e-004
 3.453625e+002  3.823001e-004
 3.459812e+002  4.522868e-004
 3.466000e+002  4.796420e-004
 3.472187e+002  4.291325e-004
 3.478375e+002  4.683723e-004
 3.484562e+002  4.269986e-004
 3.490750e+002  3.775672e-004
 3.496937e+002  1.461437e-003
 3.503125e+002  2.038201e-003
 3.509312e+002  8.477788e-004
 3.515500e+002  5.105559e-004
 3.521687e+002  5.607110e-004
 3.527875e+002  4.487493e-004
 3.534062e+002  4.127454e-004
 3.540250e+002  4.629285e-004
 3.546437e+002  4.386014e-004
 3.552625e+002  4.558232e-004
 3.558812e+002  4.760557e-004
 3.565000e+002  5.044068e-004
 3.571187e+002  4.501100e-004
 3.577375e+002  4.663311e-004
 3.583562e+002  4.807976e-004
 3.589750e+002  5.302869e-004
 3.595937e+002  4.692930e-004
 3.602125e+002  4.874473e-004
 3.608312e+002  4.729451e-004
 3.614500e+002  4.612628e-004
 3.620687e+002  4.392400e-004
 3.626875e+002  4.852605e-004
 3.633062e+002  4.593159e-004
 3.639250e+002  4.035612e-004
 3.645437e+002  4.737314e-004
 3.651625e+002  4.612106e-004
 3.657812e+002  4.381882e-004
 3.664000e+002  5.066984e-004
 3.670187e+002  4.145610e-004
 3.676375e+002  4.645569e-004
 3.682562e+002  4.099817e-004
 3.688750e+002  4.606187e-004
 3.694937e+002  4.443341e-004
 3.701125e+002  4.331558e-004
 3.707312e+002  4.694228e-004
 3.713500e+002  4.941228e-004
 3.719687e+002  4.275710e-004
 3.725875e+002  4.617042e-004
 3.732062e+002  4.723170e-004
 3.738250e+002  3.667557e-004
 3.744437e+002  4.533459e-004
 3.750625e+002  4.252305e-004
 3.756812e+002  5.123754e-004
 3.763000e+002  5.647259e-004
 3.769187e+002  5.363617e-004
 3.775375e+002  4.852004e-004
 3.781562e+002  5.531481e-004
 3.787750e+002  5.148317e-004
 3.793937e+002  4.576419e-004
 3.800125e+002  4.552652e-004
 3.806312e+002  4.621623e-004
 3.812500e+002  4.411227e-004
 3.818687e+002  5.117318e-004
 3.824875e+002  5.086576e-004
 3.831062e+002  4.023789e-004
 3.837250e+002  3.671290e-004
 3.843437e+002  4.099099e-004
 3.849625e+002  4.597100e-004
 3.855812e+002  4.934611e-004
 3.862000e+002  5.207821e-004
 3.868187e+002  4.513284e-004
 3.874375e+002  4.209155e-004
 3.880562e+002  4.620982e-004
 3.886750e+002  4.475368e-004
 3.892937e+002  4.406413e-004
 3.899125e+002  4.397388e-004
 3.905312e+002  4.433946e-004
 3.911500e+002  3.916824e-004
 3.917687e+002  4.308358e-004
 3.923875e+002  5.073320e-004
 3.930062e+002  4.478793e-004
 3.936250e+002  3.711248e-004
 3.942437e+002  4.153125e-004
 3.948625e+002  4.805475e-004
 3.954812e+002  5.770387e-004
 3.961000e+002  5.581146e-004
 3.967187e+002  4.960233e-004
 3.973375e+002  4.774448e-004
 3.979562e+002  4.353876e-004
 3.985750e+002  4.242299e-004
 3.991937e+002  4.617399e-004
 3.998125e+002  8.282970e-004
 4.004312e+002  8.899132e-004
 4.010500e+002  5.882400e-004
 4.016687e+002  5.087561e-004
 4.022875e+002  4.863788e-004
 4.029062e+002  5.173213e-004
 4.035250e+002  5.210452e-004
 4.041437e+002  4.599879e-004
 4.047625e+002  4.830572e-004
 4.053812e+002  5.575478e-004
 4.060000e+002  5.316073e-004
 4.066187e+002  4.929522e-004
 4.072375e+002  4.931567e-004
 4.078562e+002  5.321701e-004
 4.084750e+002  4.724353e-004
 4.090937e+002  4.329957e-004
 4.097125e+002  4.806617e-004
 4.103312e+002  4.513436e-004
 4.109500e+002  4.308295e-004
 4.115687e+002  4.818126e-004
 4.121875e+002  4.840619e-004
 4.128062e+002  4.986702e-004
 4.134250e+002  4.963440e-004
 4.140437e+002  5.004601e-004
 4.146625e+002  5.292769e-004
 4.152812e+002  5.916004e-004
 4.159000e+002  5.178092e-004
 4.165187e+002  4.142990e-004
 4.171375e+002  4.379364e-004
 4.177562e+002  4.670841e-004
 4.183750e+002  4.326402e-004
 4.189937e+002  4.189170e-004
 4.196125e+002  3.949902e-004
 4.202312e+002  4.661938e-004
 4.208500e+002  5.152780e-004
 4.214687e+002  5.467997e-004
 4.220875e+002  5.324617e-004
 4.227062e+002  5.123143e-004
 4.233250e+002  4.581651e-004
 4.239437e+002  4.939166e-004
 4.245625e+002  4.742905e-004
 4.251812e+002  4.260333e-004
 4.258000e+002  4.446500e-004
 4.264187e+002  4.295422e-004
 4.270375e+002  4.176019e-004
 4.276562e+002  5.001527e-004
 4.282750e+002  4.506842e-004
 4.288937e+002  4.240893e-004
 4.295125e+002  4.950848e-004
 4.301312e+002  5.379040e-004
 4.307500e+002  4.710270e-004
 4.313687e+002  4.061700e-004
 4.319875e+002  5.329325e-004
 4.326062e+002  5.375686e-004
 4.332250e+002  4.769949e-004
 4.338437e+002  4.737579e-004
 4.344625e+002  4.479591e-004
 4.350812e+002  4.454997e-004
 4.357000e+002  4.794262e-004
 4.363187e+002  4.660877e-004
 4.369375e+002  4.558707e-004
 4.375562e+002  4.121332e-004
 4.381750e+002  4.081412e-004
 4.387937e+002  4.262742e-004
 4.394125e+002  4.211253e-004
 4.400312e+002  4.433203e-004
 4.406500e+002  5.171419e-004
 4.412687e+002  5.436923e-004
 4.418875e+002  5.257577e-004
 4.425062e+002  4.416293e-004
 4.431250e+002  4.502775e-004
 4.437437e+002  5.359329e-004
 4.443625e+002  5.913794e-004
 4.449812e+002  5.456701e-004
 4.456000e+002  5.446953e-004
 4.462187e+002  4.944153e-004
 4.468375e+002  4.471697e-004
 4.474562e+002  4.792468e-004
 4.480750e+002  4.977317e-004
 4.486937e+002  5.636022e-004
 4.493125e+002  7.381142e-004
 4.499312e+002  2.024889e-003
 4.505500e+002  1.807698e-003
 4.511687e+002  5.056523e-004
 4.517875e+002  4.864282e-004
 4.524062e+002  5.272813e-004
 4.530250e+002  4.394441e-004
 4.536437e+002  4.748082e-004
 4.542625e+002  4.785942e-004
 4.548812e+002  4.603569e-004
 4.555000e+002  4.952435e-004
 4.561187e+002  5.354872e-004
 4.567375e+002  5.463296e-004
 4.573562e+002  5.372201e-004
 4.579750e+002  5.225893e-004
 4.585937e+002  5.283482e-004
 4.592125e+002  5.155256e-004
 4.598312e+002  4.878301e-004
 4.604500e+002  4.369928e-004
 4.610687e+002  4.545036e-004
 4.616875e+002  4.724698e-004
 4.623062e+002  5.685275e-004
 4.629250e+002  5.306084e-004
 4.635437e+002  4.728435e-004
 4.641625e+002  5.236799e-004
 4.647812e+002  5.437375e-004
 4.654000e+002  5.217041e-004
 4.660187e+002  5.254082e-004
 4.666375e+002  5.068316e-004
 4.672562e+002  5.005703e-004
 4.678750e+002  6.140299e-004
 4.684937e+002  5.405106e-004
 4.691125e+002  4.965194e-004
 4.697312e+002  5.463412e-004
 4.703500e+002  5.591297e-004
 4.709687e+002  5.305797e-004
 4.715875e+002  4.914576e-004
 4.722062e+002  4.576079e-004
 4.728250e+002  4.307813e-004
 4.734437e+002  4.025399e-004
 4.740625e+002  4.255634e-004
 4.746812e+002  4.369930e-004
 4.753000e+002  5.094196e-004
 4.759187e+002  5.061816e-004
 4.765375e+002  4.221839e-004
 4.771562e+002  5.212763e-004
 4.777750e+002  4.662437e-004
 4.783937e+002  4.496781e-004
 4.790125e+002  4.660464e-004
 4.796312e+002  4.853846e-004
 4.802500e+002  4.805345e-004
 4.808687e+002  5.083373e-004
 4.814875e+002  4.863899e-004
 4.821062e+002  4.410682e-004
 4.827250e+002  5.211474e-004
 4.833437e+002  5.079239e-004
 4.839625e+002  4.999760e-004
 4.845812e+002  5.067896e-004
 4.852000e+002  4.755901e-004
 4.858187e+002  4.178654e-004
 4.864375e+002  4.316196e-004
 4.870562e+002  4.791040e-004
 4.876750e+002  4.480442e-004
 4.882937e+002  4.958434e-004
 4.889125e+002  5.791720e-004
 4.895312e+002  5.466225e-004
 4.901500e+002  4.664088e-004
 4.907687e+002  4.978139e-004
 4.913875e+002  5.511970e-004
 4.920062e+002  5.683209e-004
 4.926250e+002  4.331349e-004
 4.932437e+002  4.599345e-004
 4.938625e+002  4.882987e-004
 4.944812e+002  4.475905e-004
 4.951000e+002  5.559050e-004
 4.957187e+002  4.682894e-004
 4.963375e+002  3.902843e-004
 4.969562e+002  4.862632e-004
 4.975750e+002  5.200125e-004
 4.981937e+002  4.511311e-004
 4.988125e+002  4.608485e-004
 4.994312e+002  5.853275e-004
 5.000500e+002  7.510054e-004
 5.006687e+002  6.428636e-004
 5.012875e+002  5.354060e-004
 5.019062e+002  4.617148e-004
 5.025250e+002  4.485304e-004
 5.031437e+002  4.720429e-004
 5.037625e+002  5.196438e-004
 5.043812e+002  5.462136e-004
 5.050000e+002  5.171811e-004
 5.056187e+002  5.087233e-004
 5.062375e+002  5.325858e-004
 5.068562e+002  4.519634e-004
 5.074750e+002  3.970776e-004
 5.080937e+002  3.900308e-004
 5.087125e+002  4.440764e-004
 5.093312e+002  4.835683e-004
 5.099500e+002  4.594066e-004
 5.105687e+002  4.432278e-004
 5.111875e+002  5.393897e-004
 5.118062e+002  5.631661e-004
 5.124250e+002  5.493777e-004
 5.130437e+002  4.740461e-004
 5.136625e+002  4.252885e-004
 5.142812e+002  4.479943e-004
 5.149000e+002  4.762897e-004
 5.155187e+002  4.734981e-004
 5.161375e+002  5.182382e-004
 5.167562e+002  5.060696e-004
 5.173750e+002  4.762136e-004
 5.179937e+002  4.901717e-004
 5.186125e+002  5.160751e-004
 5.192312e+002  4.667947e-004
 5.198500e+002  4.474008e-004
 5.204687e+002  4.904154e-004
 5.210875e+002  5.886660e-004
 5.217062e+002  5.482597e-004
 5.223250e+002  4.337252e-004
 5.229437e+002  4.759986e-004
 5.235625e+002  5.207297e-004
 5.241812e+002  4.154589e-004
 5.248000e+002  4.710200e-004
 5.254187e+002  4.777756e-004
 5.260375e+002  5.398353e-004
 5.266562e+002  5.181141e-004
 5.272750e+002  5.390201e-004
 5.278937e+002  5.072052e-004
 5.285125e+002  5.503372e-004
 5.291312e+002  4.795698e-004
 5.297500e+002  3.898642e-004
 5.303687e+002  4.278518e-004
 5.309875e+002  4.456726e-004
 5.316062e+002  4.953995e-004
 5.322250e+002  4.753839e-004
 5.328437e+002  4.756060e-004
 5.334625e+002  4.121263e-004
 5.340812e+002  4.405473e-004
 5.347000e+002  4.457240e-004
 5.353187e+002  4.725552e-004
 5.359375e+002  4.819443e-004
 5.365562e+002  4.588586e-004
 5.371750e+002  4.450980e-004
 5.377937e+002  4.661423e-004
 5.384125e+002  5.072330e-004
 5.390312e+002  4.689778e-004
 5.396500e+002  4.938364e-004
 5.402687e+002  4.711981e-004
 5.408875e+002  4.443512e-004
 5.415062e+002  4.230976e-004
 5.421250e+002  4.995135e-004
 5.427437e+002  4.568691e-004
 5.433625e+002  4.783340e-004
 5.439812e+002  4.394991e-004
 5.446000e+002  4.667135e-004
 5.452187e+002  5.424064e-004
 5.458375e+002  5.303785e-004
 5.464562e+002  4.481856e-004
 5.470750e+002  4.331086e-004
 5.476937e+002  4.939738e-004
 5.483125e+002  5.315045e-004
 5.489312e+002  5.538252e-004
 5.495500e+002  6.368369e-004
 5.501687e+002  1.134602e-003
 5.507875e+002  8.081433e-004
 5.514062e+002  5.830058e-004
 5.520250e+002  5.767989e-004
 5.526437e+002  5.442698e-004
 5.532625e+002  5.554371e-004
 5.538812e+002  5.434757e-004
 5.545000e+002  5.541164e-004
 5.551187e+002  5.724972e-004
 5.557375e+002  5.142736e-004
 5.563562e+002  4.338933e-004
 5.569750e+002  4.570788e-004
 5.575937e+002  5.056378e-004
 5.582125e+002  4.983852e-004
 5.588312e+002  4.622263e-004
 5.594500e+002  5.068860e-004
 5.600687e+002  5.529235e-004
 5.606875e+002  5.069934e-004
 5.613062e+002  5.042829e-004
 5.619250e+002  4.942014e-004
 5.625437e+002  4.194769e-004
 5.631625e+002  4.714819e-004
 5.637812e+002  4.799306e-004
 5.644000e+002  4.916317e-004
 5.650187e+002  4.714031e-004
 5.656375e+002  4.393187e-004
 5.662562e+002  4.294025e-004
 5.668750e+002  5.044147e-004
 5.674937e+002  4.790316e-004
 5.681125e+002  4.361209e-004
 5.687312e+002  4.499314e-004
 5.693500e+002  4.579053e-004
 5.699687e+002  5.001617e-004
 5.705875e+002  5.258090e-004
 5.712062e+002  5.081756e-004
 5.718250e+002  4.122669e-004
 5.724437e+002  4.579918e-004
 5.730625e+002  5.247178e-004
 5.736812e+002  5.031208e-004
 5.743000e+002  5.050885e-004
 5.749187e+002  4.454707e-004
 5.755375e+002  4.629087e-004
 5.761562e+002  4.354873e-004
 5.767750e+002  4.862163e-004
 5.773937e+002  4.794197e-004
 5.780125e+002  5.224937e-004
 5.786312e+002  5.308074e-004
 5.792500e+002  5.014919e-004
 5.798687e+002  4.371784e-004
 5.804875e+002  4.479863e-004
 5.811062e+002  4.331389e-004
 5.817250e+002  4.467871e-004
 5.823437e+002  4.932424e-004
 5.829625e+002  4.799538e-004
 5.835812e+002  4.319453e-004
 5.842000e+002  4.043722e-004
 5.848187e+002  5.246218e-004
 5.854375e+002  5.550487e-004
 5.860562e+002  5.002677e-004
 5.866750e+002  4.645873e-004
 5.872937e+002  4.843777e-004
 5.879125e+002  4.493140e-004
 5.885312e+002  5.178513e-004
 5.891500e+002  5.425740e-004
 5.897687e+002  5.851519e-004
 5.903875e+002  5.382649e-004
 5.910062e+002  4.648682e-004
 5.916250e+002  4.586092e-004
 5.922437e+002  5.301640e-004
 5.928625e+002  5.360866e-004
 5.934812e+002  4.816083e-004
 5.941000e+002  5.313226e-004
 5.947187e+002  5.054248e-004
 5.953375e+002  4.310922e-004
 5.959562e+002  4.630818e-004
 5.965750e+002  4.690159e-004
 5.971937e+002  5.439388e-004
 5.978125e+002  5.586276e-004
 5.984312e+002  5.593921e-004
 5.990500e+002  4.683634e-004
 5.996687e+002  4.456666e-004
 6.002875e+002  5.048974e-004
 6.009062e+002  5.065477e-004
 6.015250e+002  4.649374e-004
 6.021437e+002  4.408521e-004
 6.027625e+002  4.976612e-004
 6.033812e+002  5.186569e-004
 6.040000e+002  5.522653e-004
 6.046187e+002  4.648878e-004
 6.052375e+002  6.343523e-004
 6.058562e+002  3.547675e-003
 6.064750e+002  4.973870e-003
 6.070937e+002  1.758638e-003
 6.077125e+002  4.558487e-004
 6.083312e+002  4.426956e-004
 6.089500e+002  4.675800e-004
 6.095687e+002  3.703910e-004
 6.101875e+002  3.722631e-004
 6.108062e+002  4.307800e-004
 6.114250e+002  4.827073e-004
 6.120437e+002  5.689937e-004
 6.126625e+002  5.649848e-004
 6.132812e+002  5.495906e-004
 6.139000e+002  5.482876e-004
 6.145187e+002  5.350337e-004
 6.151375e+002  5.540566e-004
 6.157562e+002  4.086630e-004
 6.163750e+002  4.805187e-004
 6.169937e+002  5.203685e-004
 6.176125e+002  4.748683e-004
 6.182312e+002  5.004487e-004
 6.188500e+002  4.170558e-004
 6.194687e+002  3.237509e-004
 6.200875e+002  3.664207e-004
 6.207062e+002  4.058186e-004
 6.213250e+002  4.700548e-004
 6.219437e+002  4.671741e-004
 6.225625e+002  4.330767e-004
 6.231812e+002  4.923212e-004
 6.238000e+002  5.629357e-004
 6.244187e+002  5.779823e-004
 6.250375e+002  5.696778e-004
 6.256562e+002  5.705083e-004
 6.262750e+002  5.536272e-004
 6.268937e+002  5.214266e-004
 6.275125e+002  5.431572e-004
 6.281312e+002  4.743280e-004
 6.287500e+002  4.751717e-004
 6.293687e+002  4.267631e-004
 6.299875e+002  4.792000e-004
 6.306062e+002  4.860848e-004
 6.312250e+002  5.678837e-004
 6.318437e+002  5.922103e-004
 6.324625e+002  5.789678e-004
 6.330812e+002  4.883215e-004
 6.337000e+002  5.470637e-004
 6.343187e+002  5.399208e-004
 6.349375e+002  4.900196e-004
 6.355562e+002  5.103216e-004
 6.361750e+002  5.965654e-004
 6.367937e+002  5.387280e-004
 6.374125e+002  4.718116e-004
 6.380312e+002  5.316525e-004
 6.386500e+002  6.426979e-004
 6.392687e+002  5.049850e-004
 6.398875e+002  4.171233e-004
 6.405062e+002  4.960321e-004
 6.411250e+002  4.765877e-004
 6.417437e+002  4.636423e-004
 6.423625e+002  4.950545e-004
 6.429812e+002  5.116773e-004
 6.436000e+002  6.032735e-004
 6.442187e+002  5.846840e-004
 6.448375e+002  4.853715e-004
 6.454562e+002  4.635663e-004
 6.460750e+002  5.296282e-004
 6.466937e+002  4.574162e-004
 6.473125e+002  4.363914e-004
 6.479312e+002  4.164241e-004
 6.485500e+002  4.288208e-004
 6.491687e+002  5.308955e-004
 6.497875e+002  7.946405e-004
 6.504062e+002  1.099171e-003
 6.510250e+002  6.707055e-004
 6.516437e+002  5.498142e-004
 6.522625e+002  5.615485e-004
 6.528812e+002  5.357645e-004
 6.535000e+002  5.124192e-004
 6.541187e+002  4.846518e-004
 6.547375e+002  5.293643e-004
 6.553562e+002  5.443339e-004
 6.559750e+002  4.697210e-004
 6.565937e+002  4.770759e-004
 6.572125e+002  4.481555e-004
 6.578312e+002  4.569648e-004
 6.584500e+002  5.085026e-004
 6.590687e+002  4.493423e-004
 6.596875e+002  5.371437e-004
 6.603062e+002  4.938160e-004
 6.609250e+002  4.962649e-004
 6.615437e+002  5.450007e-004
 6.621625e+002  4.587285e-004
 6.627812e+002  5.307900e-004
 6.634000e+002  5.476645e-004
 6.640187e+002  5.477758e-004
 6.646375e+002  6.213511e-004
 6.652562e+002  5.596553e-004
 6.658750e+002  4.763629e-004
 6.664937e+002  4.569812e-004
 6.671125e+002  5.258310e-004
 6.677312e+002  5.467105e-004
 6.683500e+002  5.049628e-004
 6.689687e+002  5.220263e-004
 6.695875e+002  4.813395e-004
 6.702062e+002  4.919025e-004
 6.708250e+002  5.189542e-004
 6.714437e+002  5.442065e-004
 6.720625e+002  5.094270e-004
 6.726812e+002  5.297156e-004
 6.733000e+002  5.301979e-004
 6.739187e+002  4.991902e-004
 6.745375e+002  4.805744e-004
 6.751562e+002  4.985532e-004
 6.757750e+002  4.964482e-004
 6.763937e+002  4.619074e-004
 6.770125e+002  4.319496e-004
 6.776312e+002  4.272665e-004
 6.782500e+002  5.177169e-004
 6.788687e+002  5.035001e-004
 6.794875e+002  5.427049e-004
 6.801062e+002  6.246419e-004
 6.807250e+002  5.410257e-004
 6.813437e+002  4.719238e-004
 6.819625e+002  5.329788e-004
 6.825812e+002  5.642411e-004
 6.832000e+002  5.397867e-004
 6.838187e+002  5.403053e-004
 6.844375e+002  5.297049e-004
 6.850562e+002  5.623338e-004
 6.856750e+002  5.052905e-004
 6.862937e+002  4.591803e-004
 6.869125e+002  4.853889e-004
 6.875312e+002  4.474430e-004
 6.881500e+002  4.317598e-004
 6.887687e+002  4.445068e-004
 6.893875e+002  4.719297e-004
 6.900062e+002  4.649041e-004
 6.906250e+002  4.168618e-004
 6.912437e+002  5.062269e-004
 6.918625e+002  4.888716e-004
 6.924812e+002  4.291698e-004
 6.931000e+002  4.252067e-004
 6.937187e+002  5.399236e-004
 6.943375e+002  5.713885e-004
 6.949562e+002  5.386032e-004
 6.955750e+002  5.569503e-004
 6.961937e+002  5.006090e-004
 6.968125e+002  5.512119e-004
 6.974312e+002  5.452867e-004
 6.980500e+002  5.299744e-004
 6.986687e+002  5.233410e-004
 6.992875e+002  4.572170e-004
 6.999062e+002  4.385818e-004
 7.005250e+002  4.984053e-004
 7.011437e+002  5.792222e-004
 7.017625e+002  5.197749e-004
 7.023812e+002  4.267100e-004
 7.030000e+002  4.040009e-004
 7.036187e+002  4.722009e-004
 7.042375e+002  4.892849e-004
 7.048562e+002  5.879472e-004
 7.054750e+002  5.204905e-004
 7.060937e+002  5.121453e-004
 7.067125e+002  5.464955e-004
 7.073312e+002  5.162352e-004
 7.079500e+002  4.960344e-004
 7.085687e+002  4.616231e-004
 7.091875e+002  5.312194e-004
 7.098062e+002  4.631820e-004
 7.104250e+002  4.902709e-004
 7.110437e+002  5.498036e-004
 7.116625e+002  5.449856e-004
 7.122812e+002  5.360484e-004
 7.129000e+002  5.066735e-004
 7.135187e+002  4.831998e-004
 7.141375e+002  4.378824e-004
 7.147562e+002  5.148668e-004
 7.153750e+002  5.339018e-004
 7.159937e+002  5.483686e-004
 7.166125e+002  5.164415e-004
 7.172312e+002  4.835979e-004
 7.178500e+002  4.842720e-004
 7.184687e+002  4.617538e-004
 7.190875e+002  4.826047e-004
 7.197062e+002  6.640202e-004
 7.203250e+002  5.567590e-004
 7.209437e+002  4.911494e-004
 7.215625e+002  5.254819e-004
 7.221812e+002  6.458222e-004
 7.228000e+002  6.345114e-004
 7.234187e+002  4.863769e-004
 7.240375e+002  4.446268e-004
 7.246562e+002  5.132194e-004
 7.252750e+002  4.675864e-004
 7.258937e+002  4.178271e-004
 7.265125e+002  5.244411e-004
 7.271312e+002  5.456699e-004
 7.277500e+002  5.143602e-004
 7.283687e+002  5.413275e-004
 7.289875e+002  5.651889e-004
 7.296062e+002  5.368417e-004
 7.302250e+002  4.600903e-004
 7.308437e+002  4.874761e-004
 7.314625e+002  5.312186e-004
 7.320812e+002  5.429482e-004
 7.327000e+002  5.268100e-004
 7.333187e+002  5.598925e-004
 7.339375e+002  4.482840e-004
 7.345562e+002  4.487543e-004
 7.351750e+002  4.897763e-004
 7.357937e+002  4.938819e-004
 7.364125e+002  4.535731e-004
 7.370312e+002  4.866744e-004
 7.376500e+002  6.364714e-004
 7.382687e+002  5.938032e-004
 7.388875e+002  4.805014e-004
 7.395062e+002  4.472191e-004
 7.401250e+002  4.897394e-004
 7.407437e+002  5.913957e-004
 7.413625e+002  5.228722e-004
 7.419812e+002  4.898163e-004
 7.426000e+002  4.922453e-004
 7.432187e+002  5.001175e-004
 7.438375e+002  4.972308e-004
 7.444562e+002  5.687210e-004
 7.450750e+002  5.950129e-004
 7.456937e+002  5.566192e-004
 7.463125e+002  5.286326e-004
 7.469312e+002  5.040748e-004
 7.475500e+002  5.129845e-004
 7.481687e+002  5.353280e-004
 7.487875e+002  4.664409e-004
 7.494062e+002  6.694024e-004
 7.500250e+002  1.678610e-003
 7.506437e+002  1.531852e-003
 7.512625e+002  5.356407e-004
 7.518812e+002  4.701507e-004
 7.525000e+002  5.263464e-004
 7.531187e+002  5.374953e-004
 7.537375e+002  5.462408e-004
 7.543562e+002  5.481143e-004
 7.549750e+002  5.834944e-004
 7.555937e+002  4.564462e-004
 7.562125e+002  4.336937e-004
 7.568312e+002  5.180313e-004
 7.574500e+002  6.221352e-004
 7.580687e+002  6.188660e-004
 7.586875e+002  5.324869e-004
 7.593062e+002  4.804775e-004
 7.599250e+002  4.864235e-004
 7.605437e+002  5.762906e-004
 7.611625e+002  5.862513e-004
 7.617812e+002  4.779057e-004
 7.624000e+002  4.500367e-004
 7.630187e+002  4.511709e-004
 7.636375e+002  5.446260e-004
 7.642562e+002  5.267822e-004
 7.648750e+002  5.539897e-004
 7.654937e+002  5.033023e-004
 7.661125e+002  4.013068e-004
 7.667312e+002  4.343116e-004
 7.673500e+002  4.989315e-004
 7.679687e+002  5.093590e-004
 7.685875e+002  5.730567e-004
 7.692062e+002  5.843666e-004
 7.698250e+002  4.932789e-004
 7.704437e+002  5.285077e-004
 7.710625e+002  5.573003e-004
 7.716812e+002  5.285652e-004
 7.723000e+002  4.774556e-004
 7.729187e+002  4.745803e-004
 7.735375e+002  4.856370e-004
 7.741562e+002  4.614793e-004
 7.747750e+002  5.065526e-004
 7.753937e+002  5.770462e-004
 7.760125e+002  5.712825e-004
 7.766312e+002  4.711275e-004
 7.772500e+002  5.261336e-004
 7.778687e+002  4.955256e-004
 7.784875e+002  4.810658e-004
 7.791062e+002  5.206508e-004
 7.797250e+002  5.637116e-004
 7.803437e+002  5.581932e-004
 7.809625e+002  5.323163e-004
 7.815812e+002  5.608220e-004
 7.822000e+002  5.544962e-004
 7.828187e+002  5.140553e-004
 7.834375e+002  5.590898e-004
 7.840562e+002  5.853331e-004
 7.846750e+002  5.392350e-004
 7.852937e+002  4.859331e-004
 7.859125e+002  4.576001e-004
 7.865312e+002  5.071517e-004
 7.871500e+002  5.633599e-004
 7.877687e+002  5.682004e-004
 7.883875e+002  5.175015e-004
 7.890062e+002  4.607227e-004
 7.896250e+002  4.855361e-004
 7.902437e+002  6.047242e-004
 7.908625e+002  5.889913e-004
 7.914812e+002  4.658049e-004
 7.921000e+002  5.413998e-004
 7.927187e+002  5.084551e-004
 7.933375e+002  5.211320e-004
 7.939562e+002  5.156547e-004
 7.945750e+002  5.056428e-004
 7.951937e+002  4.822642e-004
 7.958125e+002  4.779251e-004
 7.964312e+002  5.085463e-004
 7.970500e+002  5.255668e-004
 7.976687e+002  5.431756e-004
 7.982875e+002  4.670685e-004
 7.989062e+002  6.252487e-004
 7.995250e+002  6.790700e-004
 8.001437e+002  5.928232e-004
 8.007625e+002  4.953195e-004
 8.013812e+002  5.591698e-004
 8.020000e+002  5.755055e-004
 8.026187e+002  5.580056e-004
 8.032375e+002  5.805954e-004
 8.038562e+002  5.561361e-004
 8.044750e+002  5.353450e-004
 8.050937e+002  5.324523e-004
 8.057125e+002  5.365880e-004
 8.063312e+002  4.863694e-004
 8.069500e+002  5.574427e-004
 8.075687e+002  5.658114e-004
 8.081875e+002  5.749102e-004
 8.088062e+002  5.261443e-004
 8.094250e+002  4.789505e-004
 8.100437e+002  4.392046e-004
 8.106625e+002  4.076646e-004
 8.112812e+002  5.330707e-004
 8.119000e+002  5.744217e-004
 8.125187e+002  4.643260e-004
 8.131375e+002  4.740944e-004
 8.137562e+002  5.119230e-004
 8.143750e+002  5.930770e-004
 8.149937e+002  5.903481e-004
 8.156125e+002  5.401033e-004
 8.162312e+002  5.486621e-004
 8.168500e+002  5.056806e-004
 8.174687e+002  5.348637e-004
 8.180875e+002  5.434237e-004
 8.187062e+002  4.734811e-004
 8.193250e+002  4.568266e-004
 8.199437e+002  4.518423e-004
 8.205625e+002  5.074139e-004
 8.211812e+002  4.308428e-004
 8.218000e+002  5.536027e-004
 8.224187e+002  5.372156e-004
 8.230375e+002  5.508018e-004
 8.236562e+002  6.020043e-004
 8.242750e+002  4.965789e-004
 8.248937e+002  4.668672e-004
 8.255125e+002  4.411721e-004
 8.261312e+002  4.288133e-004
 8.267500e+002  5.296126e-004
 8.273687e+002  4.889845e-004
 8.279875e+002  5.187113e-004
 8.286062e+002  5.438637e-004
 8.292250e+002  5.248776e-004
 8.298437e+002  4.744667e-004
 8.304625e+002  4.610934e-004
 8.310812e+002  5.281488e-004
 8.317000e+002  4.729554e-004
 8.323187e+002  5.181109e-004
 8.329375e+002  5.244905e-004
 8.335562e+002  5.100872e-004
 8.341750e+002  5.098752e-004
 8.347937e+002  5.129586e-004
 8.354125e+002  4.995442e-004
 8.360312e+002  4.888961e-004
 8.366500e+002  5.384954e-004
 8.372687e+002  4.681594e-004
 8.378875e+002  4.618071e-004
 8.385062e+002  5.088169e-004
 8.391250e+002  5.233205e-004
 8.397437e+002  4.743825e-004
 8.403625e+002  4.992455e-004
 8.409812e+002  5.107887e-004
 8.416000e+002  5.130410e-004
 8.422187e+002  4.907076e-004
 8.428375e+002  5.257755e-004
 8.434562e+002  5.140170e-004
 8.440750e+002  4.713956e-004
 8.446937e+002  5.072356e-004
 8.453125e+002  4.565370e-004
 8.459312e+002  5.131623e-004
 8.465500e+002  6.038609e-004
 8.471687e+002  6.048864e-004
 8.477875e+002  5.425047e-004
 8.484062e+002  5.988731e-004
 8.490250e+002  6.024941e-004
 8.496437e+002  6.383956e-004
 8.502625e+002  9.717407e-004
 8.508812e+002  7.569135e-004
 8.515000e+002  4.379652e-004
 8.521187e+002  4.916494e-004
 8.527375e+002  5.630068e-004
 8.533562e+002  4.766572e-004
 8.539750e+002  4.720950e-004
 8.545937e+002  5.285741e-004
 8.552125e+002  5.615476e-004
 8.558312e+002  4.841604e-004
 8.564500e+002  5.170927e-004
 8.570687e+002  5.488607e-004
 8.576875e+002  5.114306e-004
 8.583062e+002  4.551187e-004
 8.589250e+002  4.919548e-004
 8.595437e+002  4.826969e-004
 8.601625e+002  5.120429e-004
 8.607812e+002  5.415600e-004
 8.614000e+002  5.900089e-004
 8.620187e+002  5.237655e-004
 8.626375e+002  5.400687e-004
 8.632562e+002  4.298669e-004
 8.638750e+002  5.394708e-004
 8.644937e+002  5.160105e-004
 8.651125e+002  5.301414e-004
 8.657312e+002  5.659734e-004
 8.663500e+002  5.818633e-004
 8.669687e+002  5.980810e-004
 8.675875e+002  4.949800e-004
 8.682062e+002  4.634281e-004
 8.688250e+002  4.810062e-004
 8.694437e+002  5.083201e-004
 8.700625e+002  4.763699e-004
 8.706812e+002  4.713854e-004
 8.713000e+002  4.894775e-004
 8.719187e+002  5.385277e-004
 8.725375e+002  5.285529e-004
 8.731562e+002  5.301853e-004
 8.737750e+002  6.296061e-004
 8.743937e+002  5.322552e-004
 8.750125e+002  4.669626e-004
 8.756312e+002  4.981805e-004
 8.762500e+002  5.063414e-004
 8.768687e+002  5.030593e-004
 8.774875e+002  5.005861e-004
 8.781062e+002  5.511085e-004
 8.787250e+002  5.071370e-004
 8.793437e+002  4.846088e-004
 8.799625e+002  4.402297e-004
 8.805812e+002  5.192335e-004
 8.812000e+002  5.125247e-004
 8.818187e+002  5.131076e-004
 8.824375e+002  5.112190e-004
 8.830562e+002  4.908429e-004
 8.836750e+002  4.328639e-004
 8.842937e+002  4.502645e-004
 8.849125e+002  4.131916e-004
 8.855312e+002  5.800082e-004
 8.861500e+002  6.269100e-004
 8.867687e+002  5.165642e-004
 8.873875e+002  4.960575e-004
 8.880062e+002  4.716708e-004
 8.886250e+002  5.134410e-004
 8.892437e+002  4.102853e-004
 8.898625e+002  5.798866e-004
 8.904812e+002  5.791875e-004
 8.911000e+002  5.197596e-004
 8.917187e+002  4.786729e-004
 8.923375e+002  5.088703e-004
 8.929562e+002  4.921283e-004
 8.935750e+002  4.668725e-004
 8.941937e+002  5.225716e-004
 8.948125e+002  5.118126e-004
 8.954312e+002  5.312204e-004
 8.960500e+002  5.080973e-004
 8.966687e+002  5.055685e-004
 8.972875e+002  4.727229e-004
 8.979062e+002  5.311149e-004
 8.985250e+002  4.867352e-004
 8.991437e+002  4.746568e-004
 8.997625e+002  4.520202e-004
 9.003812e+002  5.177902e-004
 9.010000e+002  5.842944e-004
 9.016187e+002  5.324124e-004
 9.022375e+002  5.024014e-004
 9.028562e+002  4.930277e-004
 9.034750e+002  5.013335e-004
 9.040937e+002  5.190929e-004
 9.047125e+002  4.990478e-004
 9.053312e+002  4.733704e-004
 9.059500e+002  5.323328e-004
 9.065687e+002  4.942645e-004
 9.071875e+002  5.105278e-004
 9.078062e+002  5.289055e-004
 9.084250e+002  5.155105e-004
 9.090437e+002  2.196949e-003
 9.096625e+002  2.845026e-003
 9.102812e+002  9.724444e-004
 9.109000e+002  5.008403e-004
 9.115187e+002  3.680143e-004
 9.121375e+002  4.418305e-004
 9.127562e+002  4.982937e-004
 9.133750e+002  5.052124e-004
 9.139937e+002  5.500084e-004
 9.146125e+002  4.776467e-004
 9.152312e+002  4.897622e-004
 9.158500e+002  5.112966e-004
 9.164687e+002  5.949649e-004
 9.170875e+002  6.436856e-004
 9.177062e+002  6.163279e-004
 9.183250e+002  5.107770e-004
 9.189437e+002  5.147704e-004
 9.195625e+002  4.715806e-004
 9.201812e+002  4.221172e-004
 9.208000e+002  4.491431e-004
 9.214187e+002  4.961090e-004
 9.220375e+002  6.353595e-004
 9.226562e+002  5.973832e-004
 9.232750e+002  5.463497e-004
 9.238937e+002  5.503614e-004
 9.245125e+002  5.042836e-004
 9.251312e+002  5.396822e-004
 9.257500e+002  6.054378e-004
 9.263687e+002  5.213763e-004
 9.269875e+002  4.533372e-004
 9.276062e+002  5.472526e-004
 9.282250e+002  4.764735e-004
 9.288437e+002  4.950738e-004
 9.294625e+002  5.922660e-004
 9.300812e+002  5.568250e-004
 9.307000e+002  4.846192e-004
 9.313187e+002  5.313945e-004
 9.319375e+002  4.517764e-004
 9.325562e+002  4.700680e-004
 9.331750e+002  5.198792e-004
 9.337937e+002  5.322446e-004
 9.344125e+002  4.583740e-004
 9.350312e+002  5.288748e-004
 9.356500e+002  5.756507e-004
 9.362687e+002  5.395961e-004
 9.368875e+002  4.757074e-004
 9.375062e+002  5.674302e-004
 9.381250e+002  5.780440e-004
 9.387437e+002  5.629999e-004
 9.393625e+002  5.097954e-004
 9.399812e+002  4.898937e-004
 9.406000e+002  5.028713e-004
 9.412187e+002  5.210662e-004
 9.418375e+002  4.939649e-004
 9.424562e+002  5.083135e-004
 9.430750e+002  5.617185e-004
 9.436937e+002  6.125772e-004
 9.443125e+002  5.518028e-004
 9.449312e+002  4.252447e-004
 9.455500e+002  4.786912e-004
 9.461687e+002  4.633029e-004
 9.467875e+002  4.399347e-004
 9.474062e+002  4.709093e-004
 9.480250e+002  4.661641e-004
 9.486437e+002  4.729160e-004
 9.492625e+002  4.713684e-004
 9.498812e+002  7.379666e-004
 9.505000e+002  8.381748e-004
 9.511187e+002  5.665002e-004
 9.517375e+002  5.429591e-004
 9.523562e+002  4.749129e-004
 9.529750e+002  4.785826e-004
 9.535937e+002  5.102317e-004
 9.542125e+002  4.791316e-004
 9.548312e+002  4.985118e-004
 9.554500e+002  4.774905e-004
 9.560687e+002  4.911916e-004
 9.566875e+002  4.985939e-004
 9.573062e+002  6.560587e-004
 9.579250e+002  6.115692e-004
 9.585437e+002  5.649393e-004
 9.591625e+002  5.978706e-004
 9.597812e+002  5.982564e-004
 9.604000e+002  4.865851e-004
 9.610187e+002  4.432468e-004
 9.616375e+002  4.962599e-004
 9.622562e+002  5.189437e-004
 9.628750e+002  5.217549e-004
 9.634937e+002  5.646508e-004
 9.641125e+002  5.375093e-004
 9.647312e+002  5.119691e-004
 9.653500e+002  4.662829e-004
 9.659687e+002  4.870716e-004
 9.665875e+002  5.965116e-004
 9.672062e+002  6.192563e-004
 9.678250e+002  5.583094e-004
 9.684437e+002  5.185737e-004
 9.690625e+002  5.576020e-004
 9.696812e+002  5.637783e-004
 9.703000e+002  5.176410e-004
 9.709187e+002  5.024216e-004
 9.715375e+002  5.041875e-004
 9.721562e+002  4.812786e-004
 9.727750e+002  4.619875e-004
 9.733937e+002  4.909305e-004
 9.740125e+002  4.898777e-004
 9.746312e+002  5.480065e-004
 9.752500e+002  5.681613e-004
 9.758687e+002  5.745521e-004
 9.764875e+002  5.588415e-004
 9.771062e+002  5.094159e-004
 9.777250e+002  4.963095e-004
 9.783437e+002  4.496529e-004
 9.789625e+002  4.759032e-004
 9.795812e+002  4.960801e-004
 9.802000e+002  5.027049e-004
 9.808187e+002  4.215865e-004
 9.814375e+002  4.372361e-004
 9.820562e+002  5.118084e-004
 9.826750e+002  4.729689e-004
 9.832937e+002  4.865192e-004
 9.839125e+002  5.796038e-004
 9.845312e+002  5.504929e-004
 9.851500e+002  5.098217e-004
 9.857687e+002  4.576868e-004
 9.863875e+002  4.627368e-004
 9.870062e+002  4.638562e-004
 9.876250e+002  4.685214e-004
 9.882437e+002  4.825596e-004
 9.888625e+002  5.119495e-004
 9.894812e+002  4.834809e-004
 9.901000e+002  5.603436e-004
 9.907187e+002  6.005440e-004
 9.913375e+002  6.074308e-004
 9.919562e+002  5.005559e-004
 9.925750e+002  4.434180e-004
 9.931937e+002  4.411583e-004
 9.938125e+002  4.988372e-004
 9.944312e+002  4.602285e-004
 9.950500e+002  4.173284e-004
 9.956687e+002  5.512590e-004
 9.962875e+002  5.617876e-004
 9.969062e+002  5.658941e-004
 9.975250e+002  4.976080e-004
 9.981437e+002  4.422064e-004
 9.987625e+002  5.053648e-004
 9.993812e+002  4.021731e-004
 1.000000e+003  4.655520e-004
