 1.000000e-001  7.404995e-003
 1.247500e-001  6.085159e-003
 1.495000e-001  4.727479e-003
 1.742500e-001  5.496773e-003
 1.990000e-001  3.504356e-003
 2.237500e-001  4.318358e-003
 2.485000e-001  4.935656e-003
 2.732500e-001  4.878137e-003
 2.980000e-001  5.392621e-003
 3.227500e-001  4.165604e-003
 3.475000e-001  2.943898e-003
 3.722500e-001  2.306771e-003
 3.970000e-001  2.828717e-003
 4.217500e-001  4.522608e-003
 4.465000e-001  4.149560e-003
 4.712500e-001  4.635110e-003
 4.960000e-001  4.106260e-003
 5.207500e-001  3.690667e-003
 5.455000e-001  2.447146e-003
 5.702500e-001  4.308528e-003
 5.950000e-001  4.622804e-003
 6.197500e-001  4.279870e-003
 6.445000e-001  3.638560e-003
 6.692500e-001  3.298944e-003
 6.940000e-001  2.480608e-003
 7.187500e-001  3.967631e-003
 7.435000e-001  4.759340e-003
 7.682500e-001  4.028488e-003
 7.930000e-001  4.523424e-003
 8.177500e-001  2.854871e-003
 8.425000e-001  2.056405e-003
 8.672500e-001  2.593232e-003
 8.920000e-001  2.296904e-003
 9.167500e-001  1.946561e-003
 9.415000e-001  2.272666e-003
 9.662500e-001  2.055263e-003
 9.910000e-001  2.602652e-003
 1.015750e+000  2.146088e-003
 1.040500e+000  2.286021e-003
 1.065250e+000  2.283983e-003
 1.090000e+000  1.774549e-003
 1.114750e+000  2.447859e-003
 1.139500e+000  2.205426e-003
 1.164250e+000  1.601449e-003
 1.189000e+000  2.054447e-003
 1.213750e+000  1.946234e-003
 1.238500e+000  2.389231e-003
 1.263250e+000  2.247736e-003
 1.288000e+000  1.730502e-003
 1.312750e+000  2.131906e-003
 1.337500e+000  1.979755e-003
 1.362250e+000  1.820922e-003
 1.387000e+000  1.536962e-003
 1.411750e+000  1.413737e-003
 1.436500e+000  2.089817e-003
 1.461250e+000  2.636389e-003
 1.486000e+000  1.801660e-003
 1.510750e+000  2.076145e-003
 1.535500e+000  2.672570e-003
 1.560250e+000  2.538563e-003
 1.585000e+000  2.216054e-003
 1.609750e+000  2.306061e-003
 1.634500e+000  1.628493e-003
 1.659250e+000  1.930025e-003
 1.684000e+000  1.958978e-003
 1.708750e+000  1.928644e-003
 1.733500e+000  1.985601e-003
 1.758250e+000  1.368936e-003
 1.783000e+000  1.338158e-003
 1.807750e+000  1.326843e-003
 1.832500e+000  2.117898e-003
 1.857250e+000  1.839725e-003
 1.882000e+000  2.328310e-003
 1.906750e+000  1.816363e-003
 1.931500e+000  1.158849e-003
 1.956250e+000  1.700332e-003
 1.981000e+000  1.891436e-003
 2.005750e+000  1.554372e-003
 2.030500e+000  2.015615e-003
 2.055250e+000  2.309852e-003
 2.080000e+000  2.082970e-003
 2.104750e+000  1.794921e-003
 2.129500e+000  1.725504e-003
 2.154250e+000  1.843363e-003
 2.179000e+000  2.179940e-003
 2.203750e+000  1.738162e-003
 2.228500e+000  1.553164e-003
 2.253250e+000  1.910327e-003
 2.278000e+000  2.176529e-003
 2.302750e+000  1.819295e-003
 2.327500e+000  1.738778e-003
 2.352250e+000  1.298993e-003
 2.377000e+000  1.023489e-003
 2.401750e+000  1.278219e-003
 2.426500e+000  2.091488e-003
 2.451250e+000  2.076807e-003
 2.476000e+000  1.626719e-003
 2.500750e+000  1.454805e-003
 2.525500e+000  9.900936e-004
 2.550250e+000  1.753349e-003
 2.575000e+000  1.729929e-003
 2.599750e+000  2.123303e-003
 2.624500e+000  1.766691e-003
 2.649250e+000  1.482355e-003
 2.674000e+000  1.665222e-003
 2.698750e+000  1.695538e-003
 2.723500e+000  1.166826e-003
 2.748250e+000  1.379360e-003
 2.773000e+000  1.425875e-003
 2.797750e+000  1.556098e-003
 2.822500e+000  1.690620e-003
 2.847250e+000  2.125014e-003
 2.872000e+000  1.652180e-003
 2.896750e+000  1.325384e-003
 2.921500e+000  2.149998e-003
 2.946250e+000  2.763163e-003
 2.971000e+000  1.710036e-003
 2.995750e+000  1.374429e-003
 3.020500e+000  1.816816e-003
 3.045250e+000  9.430945e-004
 3.070000e+000  1.216926e-003
 3.094750e+000  1.441330e-003
 3.119500e+000  1.310160e-003
 3.144250e+000  9.370329e-004
 3.169000e+000  1.315746e-003
 3.193750e+000  1.022484e-003
 3.218500e+000  1.560875e-003
 3.243250e+000  1.408643e-003
 3.268000e+000  1.557801e-003
 3.292750e+000  1.914569e-003
 3.317500e+000  2.136130e-003
 3.342250e+000  1.781726e-003
 3.367000e+000  1.698353e-003
 3.391750e+000  1.737098e-003
 3.416500e+000  7.790121e-004
 3.441250e+000  1.031445e-003
 3.466000e+000  1.450162e-003
 3.490750e+000  1.522418e-003
 3.515500e+000  1.291173e-003
 3.540250e+000  1.047505e-003
 3.565000e+000  1.103495e-003
 3.589750e+000  9.173866e-004
 3.614500e+000  1.034445e-003
 3.639250e+000  1.580768e-003
 3.664000e+000  1.307401e-003
 3.688750e+000  1.167759e-003
 3.713500e+000  1.159002e-003
 3.738250e+000  7.031416e-004
 3.763000e+000  1.468755e-003
 3.787750e+000  1.387171e-003
 3.812500e+000  1.430753e-003
 3.837250e+000  1.639286e-003
 3.862000e+000  1.176683e-003
 3.886750e+000  8.272264e-004
 3.911500e+000  1.336008e-003
 3.936250e+000  1.555942e-003
 3.961000e+000  1.208901e-003
 3.985750e+000  1.009847e-003
 4.010500e+000  1.114436e-003
 4.035250e+000  1.521828e-003
 4.060000e+000  1.239285e-003
 4.084750e+000  8.568985e-004
 4.109500e+000  1.005775e-003
 4.134250e+000  5.893695e-004
 4.159000e+000  1.033016e-003
 4.183750e+000  1.292992e-003
 4.208500e+000  9.155052e-004
 4.233250e+000  6.974739e-004
 4.258000e+000  1.196979e-003
 4.282750e+000  1.167555e-003
 4.307500e+000  1.488339e-003
 4.332250e+000  1.581697e-003
 4.357000e+000  1.181939e-003
 4.381750e+000  9.848732e-004
 4.406500e+000  9.643405e-004
 4.431250e+000  1.055839e-003
 4.456000e+000  1.392026e-003
 4.480750e+000  1.798480e-003
 4.505500e+000  1.593335e-003
 4.530250e+000  1.312742e-003
 4.555000e+000  1.013805e-003
 4.579750e+000  1.225385e-003
 4.604500e+000  1.492375e-003
 4.629250e+000  1.384959e-003
 4.654000e+000  1.082561e-003
 4.678750e+000  1.287292e-003
 4.703500e+000  1.502827e-003
 4.728250e+000  1.465261e-003
 4.753000e+000  1.387312e-003
 4.777750e+000  1.053278e-003
 4.802500e+000  7.294903e-004
 4.827250e+000  1.028587e-003
 4.852000e+000  1.344827e-003
 4.876750e+000  1.268433e-003
 4.901500e+000  1.074436e-003
 4.926250e+000  1.173262e-003
 4.951000e+000  1.185510e-003
 4.975750e+000  9.599043e-004
 5.000500e+000  8.600264e-004
 5.025250e+000  1.105815e-003
 5.050000e+000  1.226096e-003
 5.074750e+000  1.282810e-003
 5.099500e+000  1.195030e-003
 5.124250e+000  1.300127e-003
 5.149000e+000  1.590278e-003
 5.173750e+000  1.377982e-003
 5.198500e+000  1.077302e-003
 5.223250e+000  1.192881e-003
 5.248000e+000  7.759657e-004
 5.272750e+000  1.054645e-003
 5.297500e+000  1.444439e-003
 5.322250e+000  1.171652e-003
 5.347000e+000  4.694906e-004
 5.371750e+000  9.982881e-004
 5.396500e+000  1.356065e-003
 5.421250e+000  1.343650e-003
 5.446000e+000  1.044331e-003
 5.470750e+000  9.215332e-004
 5.495500e+000  9.145317e-004
 5.520250e+000  5.214677e-004
 5.545000e+000  8.094852e-004
 5.569750e+000  1.306424e-003
 5.594500e+000  1.230059e-003
 5.619250e+000  1.105881e-003
 5.644000e+000  1.107263e-003
 5.668750e+000  1.217313e-003
 5.693500e+000  1.562422e-003
 5.718250e+000  7.884276e-004
 5.743000e+000  1.078528e-003
 5.767750e+000  1.236252e-003
 5.792500e+000  9.978029e-004
 5.817250e+000  8.502484e-004
 5.842000e+000  1.243439e-003
 5.866750e+000  1.405576e-003
 5.891500e+000  1.085485e-003
 5.916250e+000  1.137634e-003
 5.941000e+000  9.634807e-004
 5.965750e+000  1.076950e-003
 5.990500e+000  1.110557e-003
 6.015250e+000  9.398117e-004
 6.040000e+000  1.043110e-003
 6.064750e+000  1.227943e-003
 6.089500e+000  8.695869e-004
 6.114250e+000  7.214887e-004
 6.139000e+000  7.716019e-004
 6.163750e+000  6.400914e-004
 6.188500e+000  7.592554e-004
 6.213250e+000  7.100437e-004
 6.238000e+000  7.506943e-004
 6.262750e+000  8.280311e-004
 6.287500e+000  7.396381e-004
 6.312250e+000  1.107879e-003
 6.337000e+000  1.270249e-003
 6.361750e+000  1.193935e-003
 6.386500e+000  9.555856e-004
 6.411250e+000  8.912547e-004
 6.436000e+000  1.041329e-003
 6.460750e+000  1.276727e-003
 6.485500e+000  1.520370e-003
 6.510250e+000  1.209691e-003
 6.535000e+000  1.011659e-003
 6.559750e+000  1.050703e-003
 6.584500e+000  8.438795e-004
 6.609250e+000  8.794439e-004
 6.634000e+000  7.852487e-004
 6.658750e+000  9.830878e-004
 6.683500e+000  1.004491e-003
 6.708250e+000  9.132811e-004
 6.733000e+000  7.334031e-004
 6.757750e+000  8.191523e-004
 6.782500e+000  8.556112e-004
 6.807250e+000  1.042698e-003
 6.832000e+000  1.160650e-003
 6.856750e+000  1.376266e-003
 6.881500e+000  1.482939e-003
 6.906250e+000  1.087510e-003
 6.931000e+000  7.559963e-004
 6.955750e+000  5.121362e-004
 6.980500e+000  5.636375e-004
 7.005250e+000  6.099450e-004
 7.030000e+000  8.363425e-004
 7.054750e+000  6.888548e-004
 7.079500e+000  9.153795e-004
 7.104250e+000  1.001229e-003
 7.129000e+000  8.932382e-004
 7.153750e+000  1.027358e-003
 7.178500e+000  1.109792e-003
 7.203250e+000  9.667241e-004
 7.228000e+000  8.774878e-004
 7.252750e+000  1.403272e-003
 7.277500e+000  1.123685e-003
 7.302250e+000  8.875274e-004
 7.327000e+000  1.016406e-003
 7.351750e+000  1.107496e-003
 7.376500e+000  1.047329e-003
 7.401250e+000  9.712566e-004
 7.426000e+000  1.155110e-003
 7.450750e+000  1.357870e-003
 7.475500e+000  1.116275e-003
 7.500250e+000  8.514360e-004
 7.525000e+000  9.843224e-004
 7.549750e+000  6.948403e-004
 7.574500e+000  1.008032e-003
 7.599250e+000  1.235297e-003
 7.624000e+000  8.925629e-004
 7.648750e+000  1.024431e-003
 7.673500e+000  1.080513e-003
 7.698250e+000  9.059477e-004
 7.723000e+000  9.473348e-004
 7.747750e+000  9.153228e-004
 7.772500e+000  1.127572e-003
 7.797250e+000  1.431755e-003
 7.822000e+000  1.166551e-003
 7.846750e+000  2.677859e-003
 7.871500e+000  2.633733e-003
 7.896250e+000  1.569837e-003
 7.921000e+000  1.455590e-003
 7.945750e+000  7.572846e-004
 7.970500e+000  8.259080e-004
 7.995250e+000  1.016590e-003
 8.020000e+000  9.792983e-004
 8.044750e+000  7.916236e-004
 8.069500e+000  7.863511e-004
 8.094250e+000  9.540923e-004
 8.119000e+000  9.998961e-004
 8.143750e+000  1.215764e-003
 8.168500e+000  1.010966e-003
 8.193250e+000  9.419779e-004
 8.218000e+000  1.097377e-003
 8.242750e+000  1.046511e-003
 8.267500e+000  1.136331e-003
 8.292250e+000  1.135978e-003
 8.317000e+000  1.009831e-003
 8.341750e+000  1.134540e-003
 8.366500e+000  7.724716e-004
 8.391250e+000  8.828611e-004
 8.416000e+000  7.214692e-004
 8.440750e+000  1.041755e-003
 8.465500e+000  9.611765e-004
 8.490250e+000  1.499357e-003
 8.515000e+000  1.734153e-003
 8.539750e+000  1.057070e-003
 8.564500e+000  9.382603e-004
 8.589250e+000  8.947772e-004
 8.614000e+000  1.151307e-003
 8.638750e+000  1.141141e-003
 8.663500e+000  9.012015e-004
 8.688250e+000  9.024521e-004
 8.713000e+000  7.665348e-004
 8.737750e+000  7.431494e-004
 8.762500e+000  7.777433e-004
 8.787250e+000  6.197882e-004
 8.812000e+000  9.720574e-004
 8.836750e+000  1.251608e-003
 8.861500e+000  1.064967e-003
 8.886250e+000  9.857907e-004
 8.911000e+000  8.768306e-004
 8.935750e+000  7.433068e-004
 8.960500e+000  7.276270e-004
 8.985250e+000  9.883291e-004
 9.010000e+000  1.135402e-003
 9.034750e+000  8.015643e-004
 9.059500e+000  6.183993e-004
 9.084250e+000  8.136639e-004
 9.109000e+000  7.394671e-004
 9.133750e+000  6.436991e-004
 9.158500e+000  6.012560e-004
 9.183250e+000  7.737012e-004
 9.208000e+000  1.022692e-003
 9.232750e+000  2.214831e-003
 9.257500e+000  1.734157e-003
 9.282250e+000  9.372159e-004
 9.307000e+000  9.029518e-004
 9.331750e+000  1.230752e-003
 9.356500e+000  1.306198e-003
 9.381250e+000  8.809630e-004
 9.406000e+000  6.699359e-004
 9.430750e+000  1.158469e-003
 9.455500e+000  1.087548e-003
 9.480250e+000  7.881497e-004
 9.505000e+000  7.096657e-004
 9.529750e+000  7.575534e-004
 9.554500e+000  8.832435e-004
 9.579250e+000  7.450117e-004
 9.604000e+000  7.274622e-004
 9.628750e+000  1.046781e-003
 9.653500e+000  1.201170e-003
 9.678250e+000  1.029864e-003
 9.703000e+000  8.835026e-004
 9.727750e+000  7.875358e-004
 9.752500e+000  6.615417e-004
 9.777250e+000  1.025173e-003
 9.802000e+000  8.851936e-004
 9.826750e+000  1.047369e-003
 9.851500e+000  1.167308e-003
 9.876250e+000  1.641364e-003
 9.901000e+000  1.406411e-003
 9.925750e+000  8.812216e-004
 9.950500e+000  1.049537e-003
 9.975250e+000  8.581991e-004
 1.000000e+001  8.745293e-004
