 1.000000e+001  7.945743e-004
 1.061875e+001  8.293785e-004
 1.123750e+001  8.055156e-004
 1.185625e+001  8.761369e-004
 1.247500e+001  8.887647e-004
 1.309375e+001  7.362187e-004
 1.371250e+001  6.167233e-004
 1.433125e+001  7.191707e-004
 1.495000e+001  7.625949e-004
 1.556875e+001  8.687113e-004
 1.618750e+001  8.330368e-004
 1.680625e+001  8.314771e-004
 1.742500e+001  9.081477e-004
 1.804375e+001  9.015566e-004
 1.866250e+001  7.344805e-004
 1.928125e+001  6.638459e-004
 1.990000e+001  6.527144e-004
 2.051875e+001  6.833922e-004
 2.113750e+001  7.083480e-004
 2.175625e+001  6.559169e-004
 2.237500e+001  5.885273e-004
 2.299375e+001  7.030489e-004
 2.361250e+001  6.847127e-004
 2.423125e+001  7.082409e-004
 2.485000e+001  6.793636e-004
 2.546875e+001  6.405949e-004
 2.608750e+001  6.603288e-004
 2.670625e+001  6.567549e-004
 2.732500e+001  6.873609e-004
 2.794375e+001  7.235514e-004
 2.856250e+001  6.313818e-004
 2.918125e+001  6.866004e-004
 2.980000e+001  6.331386e-004
 3.041875e+001  5.607284e-004
 3.103750e+001  6.206660e-004
 3.165625e+001  6.568240e-004
 3.227500e+001  5.928335e-004
 3.289375e+001  5.321008e-004
 3.351250e+001  5.022299e-004
 3.413125e+001  5.377635e-004
 3.475000e+001  5.192929e-004
 3.536875e+001  6.482765e-004
 3.598750e+001  7.404150e-004
 3.660625e+001  6.096452e-004
 3.722500e+001  5.699158e-004
 3.784375e+001  4.340122e-004
 3.846250e+001  4.897824e-004
 3.908125e+001  4.604323e-004
 3.970000e+001  4.774979e-004
 4.031875e+001  4.682100e-004
 4.093750e+001  4.695697e-004
 4.155625e+001  4.515937e-004
 4.217500e+001  4.558941e-004
 4.279375e+001  4.907746e-004
 4.341250e+001  4.784363e-004
 4.403125e+001  4.420037e-004
 4.465000e+001  4.196349e-004
 4.526875e+001  3.728325e-004
 4.588750e+001  4.439549e-004
 4.650625e+001  5.033410e-004
 4.712500e+001  4.897967e-004
 4.774375e+001  5.507016e-004
 4.836250e+001  4.289204e-004
 4.898125e+001  1.064498e-003
 4.960000e+001  6.643047e-003
 5.021875e+001  7.975877e-003
 5.083750e+001  2.228142e-003
 5.145625e+001  4.610851e-004
 5.207500e+001  4.525542e-004
 5.269375e+001  4.308318e-004
 5.331250e+001  4.394239e-004
 5.393125e+001  4.412403e-004
 5.455000e+001  3.752605e-004
 5.516875e+001  3.548825e-004
 5.578750e+001  3.650096e-004
 5.640625e+001  3.556798e-004
 5.702500e+001  3.844806e-004
 5.764375e+001  3.888110e-004
 5.826250e+001  3.867109e-004
 5.888125e+001  3.631334e-004
 5.950000e+001  3.702391e-004
 6.011875e+001  4.244509e-004
 6.073750e+001  3.644686e-004
 6.135625e+001  3.537911e-004
 6.197500e+001  3.588770e-004
 6.259375e+001  4.009723e-004
 6.321250e+001  3.947006e-004
 6.383125e+001  3.254176e-004
 6.445000e+001  3.461628e-004
 6.506875e+001  3.560871e-004
 6.568750e+001  3.239034e-004
 6.630625e+001  3.419238e-004
 6.692500e+001  3.668607e-004
 6.754375e+001  4.008477e-004
 6.816250e+001  3.506459e-004
 6.878125e+001  3.351799e-004
 6.940000e+001  3.691871e-004
 7.001875e+001  3.451214e-004
 7.063750e+001  3.164124e-004
 7.125625e+001  3.710298e-004
 7.187500e+001  3.433412e-004
 7.249375e+001  3.350708e-004
 7.311250e+001  3.519960e-004
 7.373125e+001  3.700028e-004
 7.435000e+001  3.770405e-004
 7.496875e+001  3.587046e-004
 7.558750e+001  3.574077e-004
 7.620625e+001  3.580001e-004
 7.682500e+001  3.535842e-004
 7.744375e+001  3.379470e-004
 7.806250e+001  3.153785e-004
 7.868125e+001  3.269307e-004
 7.930000e+001  3.408105e-004
 7.991875e+001  3.710876e-004
 8.053750e+001  3.275325e-004
 8.115625e+001  3.005947e-004
 8.177500e+001  3.293087e-004
 8.239375e+001  3.276024e-004
 8.301250e+001  3.171638e-004
 8.363125e+001  3.760288e-004
 8.425000e+001  3.523234e-004
 8.486875e+001  3.119581e-004
 8.548750e+001  3.457433e-004
 8.610625e+001  3.520204e-004
 8.672500e+001  3.192150e-004
 8.734375e+001  3.101213e-004
 8.796250e+001  3.009990e-004
 8.858125e+001  3.323608e-004
 8.920000e+001  3.834773e-004
 8.981875e+001  3.936376e-004
 9.043750e+001  3.625918e-004
 9.105625e+001  3.560871e-004
 9.167500e+001  2.974256e-004
 9.229375e+001  3.215020e-004
 9.291250e+001  3.355144e-004
 9.353125e+001  3.294889e-004
 9.415000e+001  3.476633e-004
 9.476875e+001  2.943810e-004
 9.538750e+001  2.940958e-004
 9.600625e+001  3.297658e-004
 9.662500e+001  3.327934e-004
 9.724375e+001  3.487574e-004
 9.786250e+001  3.562409e-004
 9.848125e+001  3.566914e-004
 9.910000e+001  3.550670e-004
 9.971875e+001  6.682395e-004
 1.003375e+002  6.051319e-004
 1.009563e+002  3.430572e-004
 1.015750e+002  3.009811e-004
 1.021938e+002  2.970061e-004
 1.028125e+002  3.217794e-004
 1.034313e+002  3.360827e-004
 1.040500e+002  3.232534e-004
 1.046688e+002  3.102421e-004
 1.052875e+002  3.324197e-004
 1.059063e+002  3.383392e-004
 1.065250e+002  3.037099e-004
 1.071438e+002  2.984947e-004
 1.077625e+002  3.334020e-004
 1.083813e+002  3.221072e-004
 1.090000e+002  3.443054e-004
 1.096188e+002  3.522155e-004
 1.102375e+002  3.326483e-004
 1.108563e+002  3.107326e-004
 1.114750e+002  3.450603e-004
 1.120938e+002  3.189092e-004
 1.127125e+002  3.454803e-004
 1.133313e+002  3.517881e-004
 1.139500e+002  3.450445e-004
 1.145688e+002  3.446363e-004
 1.151875e+002  3.063070e-004
 1.158063e+002  3.012744e-004
 1.164250e+002  3.499732e-004
 1.170438e+002  3.317058e-004
 1.176625e+002  3.426211e-004
 1.182813e+002  3.680665e-004
 1.189000e+002  3.198980e-004
 1.195188e+002  3.001718e-004
 1.201375e+002  3.176539e-004
 1.207563e+002  2.916428e-004
 1.213750e+002  2.959801e-004
 1.219938e+002  2.938593e-004
 1.226125e+002  3.356317e-004
 1.232313e+002  3.710065e-004
 1.238500e+002  3.289523e-004
 1.244688e+002  3.483034e-004
 1.250875e+002  3.313369e-004
 1.257063e+002  3.076790e-004
 1.263250e+002  3.594710e-004
 1.269438e+002  4.092425e-004
 1.275625e+002  3.905446e-004
 1.281813e+002  3.915039e-004
 1.288000e+002  3.867673e-004
 1.294188e+002  3.407421e-004
 1.300375e+002  3.292582e-004
 1.306563e+002  2.900306e-004
 1.312750e+002  3.024655e-004
 1.318938e+002  3.632100e-004
 1.325125e+002  3.471623e-004
 1.331313e+002  3.169974e-004
 1.337500e+002  3.595021e-004
 1.343688e+002  3.698666e-004
 1.349875e+002  3.784653e-004
 1.356063e+002  3.556987e-004
 1.362250e+002  3.418085e-004
 1.368438e+002  3.484721e-004
 1.374625e+002  3.208156e-004
 1.380813e+002  3.323530e-004
 1.387000e+002  3.565768e-004
 1.393188e+002  3.697693e-004
 1.399375e+002  3.218776e-004
 1.405563e+002  3.227693e-004
 1.411750e+002  3.145684e-004
 1.417938e+002  3.163162e-004
 1.424125e+002  3.775836e-004
 1.430313e+002  3.340197e-004
 1.436500e+002  3.456960e-004
 1.442688e+002  3.319505e-004
 1.448875e+002  3.459718e-004
 1.455063e+002  3.507571e-004
 1.461250e+002  3.858528e-004
 1.467438e+002  4.170535e-004
 1.473625e+002  3.974028e-004
 1.479813e+002  3.666524e-004
 1.486000e+002  3.891869e-004
 1.492188e+002  1.821113e-003
 1.498375e+002  5.506391e-003
 1.504563e+002  4.046371e-003
 1.510750e+002  5.213195e-004
 1.516938e+002  3.326829e-004
 1.523125e+002  3.183487e-004
 1.529313e+002  3.378938e-004
 1.535500e+002  3.460827e-004
 1.541688e+002  3.795370e-004
 1.547875e+002  3.865034e-004
 1.554063e+002  3.442548e-004
 1.560250e+002  3.390350e-004
 1.566438e+002  3.661384e-004
 1.572625e+002  3.326417e-004
 1.578813e+002  3.146104e-004
 1.585000e+002  3.421651e-004
 1.591188e+002  3.786945e-004
 1.597375e+002  3.888138e-004
 1.603563e+002  3.673143e-004
 1.609750e+002  3.651680e-004
 1.615938e+002  3.841566e-004
 1.622125e+002  3.564227e-004
 1.628313e+002  3.787264e-004
 1.634500e+002  3.587721e-004
 1.640688e+002  3.420716e-004
 1.646875e+002  3.742458e-004
 1.653063e+002  3.463805e-004
 1.659250e+002  3.450436e-004
 1.665438e+002  3.655810e-004
 1.671625e+002  3.840958e-004
 1.677813e+002  3.725472e-004
 1.684000e+002  4.022293e-004
 1.690188e+002  3.712417e-004
 1.696375e+002  3.471211e-004
 1.702563e+002  3.371143e-004
 1.708750e+002  3.372187e-004
 1.714938e+002  3.426058e-004
 1.721125e+002  3.699702e-004
 1.727313e+002  4.217015e-004
 1.733500e+002  3.650555e-004
 1.739688e+002  3.529606e-004
 1.745875e+002  3.965492e-004
 1.752063e+002  3.758163e-004
 1.758250e+002  3.523581e-004
 1.764438e+002  3.865810e-004
 1.770625e+002  3.694088e-004
 1.776813e+002  3.722637e-004
 1.783000e+002  3.223388e-004
 1.789188e+002  3.651858e-004
 1.795375e+002  3.967723e-004
 1.801563e+002  3.720066e-004
 1.807750e+002  3.622778e-004
 1.813938e+002  3.822390e-004
 1.820125e+002  3.775398e-004
 1.826313e+002  3.626880e-004
 1.832500e+002  3.706682e-004
 1.838688e+002  3.935419e-004
 1.844875e+002  4.351220e-004
 1.851063e+002  4.063731e-004
 1.857250e+002  4.603047e-004
 1.863438e+002  4.999666e-004
 1.869625e+002  4.042105e-004
 1.875813e+002  3.684945e-004
 1.882000e+002  3.516101e-004
 1.888188e+002  4.392115e-004
 1.894375e+002  4.136700e-004
 1.900563e+002  3.678304e-004
 1.906750e+002  3.775711e-004
 1.912938e+002  3.768103e-004
 1.919125e+002  3.633240e-004
 1.925313e+002  4.342395e-004
 1.931500e+002  3.747274e-004
 1.937688e+002  3.547175e-004
 1.943875e+002  4.049412e-004
 1.950063e+002  3.936657e-004
 1.956250e+002  3.890280e-004
 1.962438e+002  4.259773e-004
 1.968625e+002  3.432536e-004
 1.974813e+002  3.718278e-004
 1.981000e+002  3.260734e-004
 1.987188e+002  3.505498e-004
 1.993375e+002  6.946175e-004
 1.999563e+002  1.393606e-003
 2.005750e+002  8.595273e-004
 2.011938e+002  3.755611e-004
 2.018125e+002  3.983982e-004
 2.024313e+002  4.280262e-004
 2.030500e+002  4.589393e-004
 2.036688e+002  4.670931e-004
 2.042875e+002  4.044505e-004
 2.049063e+002  4.278047e-004
 2.055250e+002  4.687245e-004
 2.061438e+002  4.992528e-004
 2.067625e+002  4.223086e-004
 2.073813e+002  4.245408e-004
 2.080000e+002  4.333950e-004
 2.086188e+002  4.480881e-004
 2.092375e+002  4.148146e-004
 2.098563e+002  3.811752e-004
 2.104750e+002  3.823397e-004
 2.110938e+002  3.899337e-004
 2.117125e+002  3.866738e-004
 2.123313e+002  4.184227e-004
 2.129500e+002  4.197705e-004
 2.135688e+002  4.267887e-004
 2.141875e+002  4.540439e-004
 2.148063e+002  4.819923e-004
 2.154250e+002  4.408022e-004
 2.160438e+002  3.969370e-004
 2.166625e+002  3.758679e-004
 2.172813e+002  4.006453e-004
 2.179000e+002  4.322578e-004
 2.185188e+002  3.899835e-004
 2.191375e+002  3.945670e-004
 2.197563e+002  4.033007e-004
 2.203750e+002  4.098977e-004
 2.209938e+002  4.636038e-004
 2.216125e+002  4.754054e-004
 2.222313e+002  3.948338e-004
 2.228500e+002  3.787916e-004
 2.234688e+002  3.882815e-004
 2.240875e+002  4.246073e-004
 2.247063e+002  4.753678e-004
 2.253250e+002  4.230363e-004
 2.259438e+002  3.951421e-004
 2.265625e+002  4.197918e-004
 2.271813e+002  4.127249e-004
 2.278000e+002  3.804874e-004
 2.284188e+002  4.225779e-004
 2.290375e+002  4.704677e-004
 2.296563e+002  4.124234e-004
 2.302750e+002  3.704478e-004
 2.308938e+002  3.906858e-004
 2.315125e+002  4.085072e-004
 2.321313e+002  3.949497e-004
 2.327500e+002  3.955418e-004
 2.333688e+002  4.290235e-004
 2.339875e+002  4.226429e-004
 2.346063e+002  4.024625e-004
 2.352250e+002  3.635551e-004
 2.358438e+002  4.014200e-004
 2.364625e+002  4.309085e-004
 2.370813e+002  4.188554e-004
 2.377000e+002  4.163509e-004
 2.383188e+002  4.168763e-004
 2.389375e+002  3.972125e-004
 2.395563e+002  3.739138e-004
 2.401750e+002  3.890063e-004
 2.407938e+002  4.120208e-004
 2.414125e+002  4.373066e-004
 2.420313e+002  4.634781e-004
 2.426500e+002  4.280143e-004
 2.432688e+002  4.105130e-004
 2.438875e+002  4.243268e-004
 2.445063e+002  4.094647e-004
 2.451250e+002  4.446494e-004
 2.457438e+002  4.390335e-004
 2.463625e+002  4.698826e-004
 2.469813e+002  4.304420e-004
 2.476000e+002  4.512133e-004
 2.482188e+002  4.339665e-004
 2.488375e+002  4.315184e-004
 2.494563e+002  8.992787e-004
 2.500750e+002  1.569623e-003
 2.506938e+002  7.788170e-004
 2.513125e+002  4.345324e-004
 2.519313e+002  4.107193e-004
 2.525500e+002  4.688884e-004
 2.531688e+002  4.626201e-004
 2.537875e+002  4.195892e-004
 2.544063e+002  4.349581e-004
 2.550250e+002  4.416787e-004
 2.556438e+002  3.964054e-004
 2.562625e+002  4.364907e-004
 2.568813e+002  4.350563e-004
 2.575000e+002  4.702262e-004
 2.581188e+002  4.675435e-004
 2.587375e+002  4.560710e-004
 2.593563e+002  5.257812e-004
 2.599750e+002  4.928892e-004
 2.605938e+002  3.781400e-004
 2.612125e+002  3.787408e-004
 2.618313e+002  3.985193e-004
 2.624500e+002  4.460345e-004
 2.630688e+002  4.345768e-004
 2.636875e+002  4.680018e-004
 2.643063e+002  4.290774e-004
 2.649250e+002  3.876742e-004
 2.655438e+002  4.144834e-004
 2.661625e+002  4.813133e-004
 2.667813e+002  4.851572e-004
 2.674000e+002  4.271143e-004
 2.680188e+002  4.110448e-004
 2.686375e+002  4.282204e-004
 2.692563e+002  4.165685e-004
 2.698750e+002  3.961760e-004
 2.704938e+002  4.233924e-004
 2.711125e+002  4.233040e-004
 2.717313e+002  4.073141e-004
 2.723500e+002  4.101560e-004
 2.729688e+002  3.894108e-004
 2.735875e+002  5.001092e-004
 2.742063e+002  4.604781e-004
 2.748250e+002  4.159843e-004
 2.754438e+002  4.810816e-004
 2.760625e+002  4.678350e-004
 2.766813e+002  4.353347e-004
 2.773000e+002  4.261265e-004
 2.779188e+002  4.668780e-004
 2.785375e+002  4.587319e-004
 2.791563e+002  4.278628e-004
 2.797750e+002  4.498110e-004
 2.803938e+002  4.604995e-004
 2.810125e+002  4.146138e-004
 2.816313e+002  4.060155e-004
 2.822500e+002  4.241699e-004
 2.828688e+002  4.202118e-004
 2.834875e+002  4.344773e-004
 2.841063e+002  4.239135e-004
 2.847250e+002  3.894697e-004
 2.853438e+002  3.922290e-004
 2.859625e+002  4.440040e-004
 2.865813e+002  4.738559e-004
 2.872000e+002  4.635044e-004
 2.878188e+002  4.337492e-004
 2.884375e+002  4.290103e-004
 2.890563e+002  4.816284e-004
 2.896750e+002  4.495961e-004
 2.902938e+002  4.204671e-004
 2.909125e+002  4.023676e-004
 2.915313e+002  4.612376e-004
 2.921500e+002  4.910872e-004
 2.927688e+002  4.400623e-004
 2.933875e+002  3.850535e-004
 2.940063e+002  3.808966e-004
 2.946250e+002  3.837205e-004
 2.952438e+002  4.579763e-004
 2.958625e+002  4.349491e-004
 2.964813e+002  4.328872e-004
 2.971000e+002  4.800016e-004
 2.977188e+002  4.570259e-004
 2.983375e+002  4.821884e-004
 2.989563e+002  4.498180e-004
 2.995750e+002  6.086622e-004
 3.001938e+002  7.493866e-004
 3.008125e+002  4.577551e-004
 3.014313e+002  4.426868e-004
 3.020500e+002  5.495934e-004
 3.026688e+002  4.875022e-003
 3.032875e+002  7.384895e-003
 3.039063e+002  2.863314e-003
 3.045250e+002  5.573652e-004
 3.051438e+002  4.719929e-004
 3.057625e+002  4.342159e-004
 3.063813e+002  4.196123e-004
 3.070000e+002  4.539654e-004
 3.076188e+002  4.891360e-004
 3.082375e+002  4.644333e-004
 3.088563e+002  4.455842e-004
 3.094750e+002  5.014624e-004
 3.100938e+002  4.884178e-004
 3.107125e+002  4.440502e-004
 3.113313e+002  4.628195e-004
 3.119500e+002  5.001492e-004
 3.125688e+002  5.266550e-004
 3.131875e+002  5.103522e-004
 3.138063e+002  4.910981e-004
 3.144250e+002  4.324770e-004
 3.150437e+002  4.799165e-004
 3.156625e+002  4.299958e-004
 3.162812e+002  4.164973e-004
 3.169000e+002  4.412636e-004
 3.175187e+002  5.237664e-004
 3.181375e+002  4.885182e-004
 3.187562e+002  4.627835e-004
 3.193750e+002  4.549096e-004
 3.199937e+002  3.926021e-004
 3.206125e+002  3.737579e-004
 3.212312e+002  4.037284e-004
 3.218500e+002  4.623203e-004
 3.224687e+002  4.425412e-004
 3.230875e+002  4.410189e-004
 3.237062e+002  4.442969e-004
 3.243250e+002  4.406690e-004
 3.249437e+002  4.794657e-004
 3.255625e+002  4.982991e-004
 3.261812e+002  4.456366e-004
 3.268000e+002  4.637785e-004
 3.274187e+002  4.441653e-004
 3.280375e+002  4.233715e-004
 3.286562e+002  4.189865e-004
 3.292750e+002  4.376772e-004
 3.298937e+002  4.726852e-004
 3.305125e+002  4.274909e-004
 3.311312e+002  4.145295e-004
 3.317500e+002  4.471692e-004
 3.323687e+002  5.112154e-004
 3.329875e+002  5.210613e-004
 3.336062e+002  4.933011e-004
 3.342250e+002  5.168991e-004
 3.348437e+002  4.846086e-004
 3.354625e+002  4.592411e-004
 3.360812e+002  4.660412e-004
 3.367000e+002  4.878920e-004
 3.373187e+002  4.726178e-004
 3.379375e+002  4.833731e-004
 3.385562e+002  4.961489e-004
 3.391750e+002  4.554843e-004
 3.397937e+002  4.564687e-004
 3.404125e+002  4.872184e-004
 3.410312e+002  4.694074e-004
 3.416500e+002  4.443073e-004
 3.422687e+002  4.412632e-004
 3.428875e+002  4.928157e-004
 3.435062e+002  4.482816e-004
 3.441250e+002  4.083225e-004
 3.447437e+002  4.824735e-004
 3.453625e+002  5.023515e-004
 3.459812e+002  4.899778e-004
 3.466000e+002  4.701303e-004
 3.472187e+002  4.185913e-004
 3.478375e+002  4.814387e-004
 3.484562e+002  4.765228e-004
 3.490750e+002  5.164645e-004
 3.496937e+002  1.658401e-003
 3.503125e+002  1.695271e-003
 3.509312e+002  4.988585e-004
 3.515500e+002  4.340143e-004
 3.521687e+002  4.410502e-004
 3.527875e+002  4.741940e-004
 3.534062e+002  4.986149e-004
 3.540250e+002  4.605774e-004
 3.546437e+002  4.799243e-004
 3.552625e+002  4.421119e-004
 3.558812e+002  4.178852e-004
 3.565000e+002  5.087280e-004
 3.571187e+002  5.423226e-004
 3.577375e+002  4.758171e-004
 3.583562e+002  4.415028e-004
 3.589750e+002  4.913439e-004
 3.595937e+002  4.882449e-004
 3.602125e+002  4.903206e-004
 3.608312e+002  4.850522e-004
 3.614500e+002  5.311022e-004
 3.620687e+002  4.974497e-004
 3.626875e+002  5.040912e-004
 3.633062e+002  4.970754e-004
 3.639250e+002  4.819622e-004
 3.645437e+002  4.630297e-004
 3.651625e+002  4.345302e-004
 3.657812e+002  4.144001e-004
 3.664000e+002  4.455392e-004
 3.670187e+002  4.628530e-004
 3.676375e+002  4.704582e-004
 3.682562e+002  4.529841e-004
 3.688750e+002  4.721115e-004
 3.694937e+002  4.362807e-004
 3.701125e+002  4.231212e-004
 3.707312e+002  4.654297e-004
 3.713500e+002  4.806395e-004
 3.719687e+002  4.957077e-004
 3.725875e+002  4.737369e-004
 3.732062e+002  4.877317e-004
 3.738250e+002  5.361567e-004
 3.744437e+002  5.305082e-004
 3.750625e+002  4.770868e-004
 3.756812e+002  4.514857e-004
 3.763000e+002  4.755340e-004
 3.769187e+002  4.953284e-004
 3.775375e+002  4.907652e-004
 3.781562e+002  4.810656e-004
 3.787750e+002  4.971854e-004
 3.793937e+002  4.570475e-004
 3.800125e+002  4.729591e-004
 3.806312e+002  4.462039e-004
 3.812500e+002  4.540252e-004
 3.818687e+002  4.298022e-004
 3.824875e+002  4.033188e-004
 3.831062e+002  4.366341e-004
 3.837250e+002  5.098717e-004
 3.843437e+002  5.226520e-004
 3.849625e+002  5.812273e-004
 3.855812e+002  5.277705e-004
 3.862000e+002  4.736314e-004
 3.868187e+002  5.145719e-004
 3.874375e+002  5.257892e-004
 3.880562e+002  5.178511e-004
 3.886750e+002  4.928652e-004
 3.892937e+002  4.642490e-004
 3.899125e+002  4.799161e-004
 3.905312e+002  4.757980e-004
 3.911500e+002  4.916349e-004
 3.917687e+002  4.511773e-004
 3.923875e+002  4.550484e-004
 3.930062e+002  4.590805e-004
 3.936250e+002  4.621562e-004
 3.942437e+002  4.628199e-004
 3.948625e+002  4.521766e-004
 3.954812e+002  4.836880e-004
 3.961000e+002  4.712420e-004
 3.967187e+002  5.336014e-004
 3.973375e+002  5.282548e-004
 3.979562e+002  4.645954e-004
 3.985750e+002  4.687396e-004
 3.991937e+002  5.052196e-004
 3.998125e+002  9.266924e-004
 4.004312e+002  8.127905e-004
 4.010500e+002  4.655534e-004
 4.016687e+002  4.826474e-004
 4.022875e+002  4.859932e-004
 4.029062e+002  4.552013e-004
 4.035250e+002  4.982953e-004
 4.041437e+002  5.065093e-004
 4.047625e+002  5.107079e-004
 4.053812e+002  5.005964e-004
 4.060000e+002  4.786497e-004
 4.066187e+002  4.635212e-004
 4.072375e+002  4.848198e-004
 4.078562e+002  4.501457e-004
 4.084750e+002  4.635929e-004
 4.090937e+002  4.673994e-004
 4.097125e+002  4.069655e-004
 4.103312e+002  3.842566e-004
 4.109500e+002  4.369423e-004
 4.115687e+002  5.079791e-004
 4.121875e+002  4.894803e-004
 4.128062e+002  4.192103e-004
 4.134250e+002  5.270072e-004
 4.140437e+002  5.254016e-004
 4.146625e+002  4.037319e-004
 4.152812e+002  4.425022e-004
 4.159000e+002  5.058325e-004
 4.165187e+002  4.469380e-004
 4.171375e+002  4.970043e-004
 4.177562e+002  4.890037e-004
 4.183750e+002  4.801579e-004
 4.189937e+002  4.736481e-004
 4.196125e+002  4.818198e-004
 4.202312e+002  4.669261e-004
 4.208500e+002  4.762841e-004
 4.214687e+002  5.061404e-004
 4.220875e+002  4.890118e-004
 4.227062e+002  5.166605e-004
 4.233250e+002  5.096904e-004
 4.239437e+002  4.341046e-004
 4.245625e+002  4.601060e-004
 4.251812e+002  4.228491e-004
 4.258000e+002  4.172081e-004
 4.264187e+002  4.733722e-004
 4.270375e+002  4.814178e-004
 4.276562e+002  4.666361e-004
 4.282750e+002  4.281437e-004
 4.288937e+002  4.292946e-004
 4.295125e+002  4.618848e-004
 4.301312e+002  4.564205e-004
 4.307500e+002  4.530711e-004
 4.313687e+002  4.175415e-004
 4.319875e+002  4.858971e-004
 4.326062e+002  4.769690e-004
 4.332250e+002  4.524744e-004
 4.338437e+002  4.574638e-004
 4.344625e+002  5.043482e-004
 4.350812e+002  4.819615e-004
 4.357000e+002  4.543899e-004
 4.363187e+002  4.313930e-004
 4.369375e+002  4.247930e-004
 4.375562e+002  4.333100e-004
 4.381750e+002  4.460346e-004
 4.387937e+002  4.951452e-004
 4.394125e+002  4.694081e-004
 4.400312e+002  4.579143e-004
 4.406500e+002  4.283717e-004
 4.412687e+002  4.622298e-004
 4.418875e+002  4.737227e-004
 4.425062e+002  5.048314e-004
 4.431250e+002  4.855958e-004
 4.437437e+002  4.587869e-004
 4.443625e+002  4.250826e-004
 4.449812e+002  3.853482e-004
 4.456000e+002  4.459774e-004
 4.462187e+002  4.321852e-004
 4.468375e+002  5.037449e-004
 4.474562e+002  4.700909e-004
 4.480750e+002  3.926626e-004
 4.486937e+002  4.671745e-004
 4.493125e+002  1.043253e-003
 4.499312e+002  2.249094e-003
 4.505500e+002  1.477345e-003
 4.511687e+002  4.656929e-004
 4.517875e+002  5.375716e-004
 4.524062e+002  4.910705e-004
 4.530250e+002  4.577973e-004
 4.536437e+002  5.324116e-004
 4.542625e+002  4.760094e-004
 4.548812e+002  4.257503e-004
 4.555000e+002  4.796808e-004
 4.561187e+002  4.677612e-004
 4.567375e+002  4.594243e-004
 4.573562e+002  5.289040e-004
 4.579750e+002  5.681716e-004
 4.585937e+002  5.270274e-004
 4.592125e+002  5.192517e-004
 4.598312e+002  5.123010e-004
 4.604500e+002  5.011614e-004
 4.610687e+002  5.439105e-004
 4.616875e+002  5.631117e-004
 4.623062e+002  5.294526e-004
 4.629250e+002  5.017528e-004
 4.635437e+002  4.497600e-004
 4.641625e+002  4.849191e-004
 4.647812e+002  4.382972e-004
 4.654000e+002  4.789921e-004
 4.660187e+002  4.698957e-004
 4.666375e+002  4.916596e-004
 4.672562e+002  4.276362e-004
 4.678750e+002  4.929611e-004
 4.684937e+002  5.006699e-004
 4.691125e+002  4.804275e-004
 4.697312e+002  4.478046e-004
 4.703500e+002  4.815502e-004
 4.709687e+002  4.737399e-004
 4.715875e+002  4.854383e-004
 4.722062e+002  5.036129e-004
 4.728250e+002  4.132407e-004
 4.734437e+002  4.345950e-004
 4.740625e+002  4.890376e-004
 4.746812e+002  4.938518e-004
 4.753000e+002  5.168086e-004
 4.759187e+002  5.158123e-004
 4.765375e+002  4.444655e-004
 4.771562e+002  4.802288e-004
 4.777750e+002  4.817497e-004
 4.783937e+002  4.761561e-004
 4.790125e+002  4.875351e-004
 4.796312e+002  4.735322e-004
 4.802500e+002  4.564900e-004
 4.808687e+002  4.698296e-004
 4.814875e+002  4.694308e-004
 4.821062e+002  4.770683e-004
 4.827250e+002  4.879211e-004
 4.833437e+002  4.808626e-004
 4.839625e+002  4.673315e-004
 4.845812e+002  4.910331e-004
 4.852000e+002  5.379379e-004
 4.858187e+002  4.905071e-004
 4.864375e+002  4.179292e-004
 4.870562e+002  4.671868e-004
 4.876750e+002  5.077510e-004
 4.882937e+002  4.474450e-004
 4.889125e+002  4.751124e-004
 4.895312e+002  4.772895e-004
 4.901500e+002  4.637354e-004
 4.907687e+002  3.845564e-004
 4.913875e+002  4.762620e-004
 4.920062e+002  5.676430e-004
 4.926250e+002  4.917089e-004
 4.932437e+002  3.765452e-004
 4.938625e+002  4.661547e-004
 4.944812e+002  5.052061e-004
 4.951000e+002  4.776960e-004
 4.957187e+002  4.747970e-004
 4.963375e+002  4.852983e-004
 4.969562e+002  5.269875e-004
 4.975750e+002  5.702420e-004
 4.981937e+002  5.697769e-004
 4.988125e+002  5.120481e-004
 4.994312e+002  5.925301e-004
 5.000500e+002  7.192522e-004
 5.006687e+002  5.633161e-004
 5.012875e+002  5.261962e-004
 5.019062e+002  4.939810e-004
 5.025250e+002  4.453725e-004
 5.031437e+002  4.889385e-004
 5.037625e+002  4.806097e-004
 5.043812e+002  4.569806e-004
 5.050000e+002  5.382100e-004
 5.056187e+002  5.209030e-004
 5.062375e+002  4.942361e-004
 5.068562e+002  4.546031e-004
 5.074750e+002  4.563659e-004
 5.080937e+002  5.193459e-004
 5.087125e+002  5.353836e-004
 5.093312e+002  5.087187e-004
 5.099500e+002  5.089569e-004
 5.105687e+002  4.864786e-004
 5.111875e+002  4.725326e-004
 5.118062e+002  4.720165e-004
 5.124250e+002  5.168949e-004
 5.130437e+002  5.107039e-004
 5.136625e+002  5.149181e-004
 5.142812e+002  5.001483e-004
 5.149000e+002  5.006918e-004
 5.155187e+002  4.648468e-004
 5.161375e+002  4.390281e-004
 5.167562e+002  3.988622e-004
 5.173750e+002  5.054898e-004
 5.179937e+002  5.276314e-004
 5.186125e+002  5.088208e-004
 5.192312e+002  5.282162e-004
 5.198500e+002  5.417545e-004
 5.204687e+002  4.163621e-004
 5.210875e+002  4.653916e-004
 5.217062e+002  5.183083e-004
 5.223250e+002  5.143642e-004
 5.229437e+002  5.361585e-004
 5.235625e+002  5.216099e-004
 5.241812e+002  5.001652e-004
 5.248000e+002  5.004627e-004
 5.254187e+002  5.147560e-004
 5.260375e+002  4.844339e-004
 5.266562e+002  4.847446e-004
 5.272750e+002  4.767772e-004
 5.278937e+002  4.337099e-004
 5.285125e+002  4.816212e-004
 5.291312e+002  4.947626e-004
 5.297500e+002  4.957697e-004
 5.303687e+002  4.698629e-004
 5.309875e+002  4.926809e-004
 5.316062e+002  4.670916e-004
 5.322250e+002  4.335532e-004
 5.328437e+002  4.543753e-004
 5.334625e+002  4.907563e-004
 5.340812e+002  4.724106e-004
 5.347000e+002  5.103056e-004
 5.353187e+002  5.191382e-004
 5.359375e+002  4.639481e-004
 5.365562e+002  5.101402e-004
 5.371750e+002  5.138724e-004
 5.377937e+002  5.075227e-004
 5.384125e+002  4.892726e-004
 5.390312e+002  4.489850e-004
 5.396500e+002  4.884588e-004
 5.402687e+002  5.617883e-004
 5.408875e+002  5.156006e-004
 5.415062e+002  4.772364e-004
 5.421250e+002  4.779514e-004
 5.427437e+002  5.204531e-004
 5.433625e+002  4.987203e-004
 5.439812e+002  5.242994e-004
 5.446000e+002  5.817892e-004
 5.452187e+002  5.890673e-004
 5.458375e+002  5.556480e-004
 5.464562e+002  4.817988e-004
 5.470750e+002  4.947101e-004
 5.476937e+002  4.371135e-004
 5.483125e+002  4.352036e-004
 5.489312e+002  4.748051e-004
 5.495500e+002  8.478316e-004
 5.501687e+002  1.106319e-003
 5.507875e+002  5.830643e-004
 5.514062e+002  5.440506e-004
 5.520250e+002  4.960980e-004
 5.526437e+002  4.749360e-004
 5.532625e+002  5.395432e-004
 5.538812e+002  4.982475e-004
 5.545000e+002  4.573732e-004
 5.551187e+002  4.117781e-004
 5.557375e+002  4.661138e-004
 5.563562e+002  4.444263e-004
 5.569750e+002  4.651123e-004
 5.575937e+002  4.650925e-004
 5.582125e+002  4.844406e-004
 5.588312e+002  5.331211e-004
 5.594500e+002  4.905506e-004
 5.600687e+002  4.843292e-004
 5.606875e+002  4.909276e-004
 5.613062e+002  4.947393e-004
 5.619250e+002  4.935960e-004
 5.625437e+002  4.205329e-004
 5.631625e+002  4.350842e-004
 5.637812e+002  4.269023e-004
 5.644000e+002  4.412330e-004
 5.650187e+002  4.669115e-004
 5.656375e+002  5.292329e-004
 5.662562e+002  5.373953e-004
 5.668750e+002  5.369972e-004
 5.674937e+002  5.239779e-004
 5.681125e+002  5.288614e-004
 5.687312e+002  4.865541e-004
 5.693500e+002  5.227860e-004
 5.699687e+002  5.154556e-004
 5.705875e+002  4.760122e-004
 5.712062e+002  4.324561e-004
 5.718250e+002  4.869836e-004
 5.724437e+002  5.228156e-004
 5.730625e+002  5.050430e-004
 5.736812e+002  4.677197e-004
 5.743000e+002  4.789419e-004
 5.749187e+002  4.551262e-004
 5.755375e+002  4.317677e-004
 5.761562e+002  4.342397e-004
 5.767750e+002  5.116742e-004
 5.773937e+002  5.423227e-004
 5.780125e+002  5.251688e-004
 5.786312e+002  5.499242e-004
 5.792500e+002  5.063075e-004
 5.798687e+002  5.366052e-004
 5.804875e+002  5.496208e-004
 5.811062e+002  5.050423e-004
 5.817250e+002  4.885483e-004
 5.823437e+002  4.757233e-004
 5.829625e+002  5.069775e-004
 5.835812e+002  5.157826e-004
 5.842000e+002  4.528610e-004
 5.848187e+002  4.748596e-004
 5.854375e+002  4.612179e-004
 5.860562e+002  4.942767e-004
 5.866750e+002  4.982505e-004
 5.872937e+002  5.150538e-004
 5.879125e+002  5.100493e-004
 5.885312e+002  4.764724e-004
 5.891500e+002  4.435188e-004
 5.897687e+002  4.599494e-004
 5.903875e+002  5.164523e-004
 5.910062e+002  5.401125e-004
 5.916250e+002  4.909644e-004
 5.922437e+002  4.699837e-004
 5.928625e+002  5.215515e-004
 5.934812e+002  4.951002e-004
 5.941000e+002  5.029363e-004
 5.947187e+002  5.400689e-004
 5.953375e+002  4.871585e-004
 5.959562e+002  4.814512e-004
 5.965750e+002  4.478269e-004
 5.971937e+002  4.429252e-004
 5.978125e+002  4.641663e-004
 5.984312e+002  5.005854e-004
 5.990500e+002  4.651362e-004
 5.996687e+002  4.993937e-004
 6.002875e+002  5.422788e-004
 6.009062e+002  5.237579e-004
 6.015250e+002  5.182476e-004
 6.021437e+002  4.904672e-004
 6.027625e+002  4.531441e-004
 6.033812e+002  4.411514e-004
 6.040000e+002  4.626732e-004
 6.046187e+002  4.982328e-004
 6.052375e+002  5.694193e-004
 6.058562e+002  3.507393e-003
 6.064750e+002  4.947581e-003
 6.070937e+002  1.826999e-003
 6.077125e+002  6.181819e-004
 6.083312e+002  6.058129e-004
 6.089500e+002  5.659560e-004
 6.095687e+002  5.130437e-004
 6.101875e+002  4.283532e-004
 6.108062e+002  4.526521e-004
 6.114250e+002  5.531947e-004
 6.120437e+002  5.261398e-004
 6.126625e+002  4.814284e-004
 6.132812e+002  4.742612e-004
 6.139000e+002  4.817315e-004
 6.145187e+002  5.437894e-004
 6.151375e+002  5.694029e-004
 6.157562e+002  5.423712e-004
 6.163750e+002  4.811829e-004
 6.169937e+002  4.680245e-004
 6.176125e+002  4.661843e-004
 6.182312e+002  5.158362e-004
 6.188500e+002  5.176702e-004
 6.194687e+002  5.714921e-004
 6.200875e+002  5.374890e-004
 6.207062e+002  5.353724e-004
 6.213250e+002  5.267279e-004
 6.219437e+002  4.691988e-004
 6.225625e+002  5.213780e-004
 6.231812e+002  5.292886e-004
 6.238000e+002  5.364313e-004
 6.244187e+002  5.363895e-004
 6.250375e+002  4.675483e-004
 6.256562e+002  4.991960e-004
 6.262750e+002  4.704785e-004
 6.268937e+002  4.211670e-004
 6.275125e+002  4.634663e-004
 6.281312e+002  5.433583e-004
 6.287500e+002  5.561543e-004
 6.293687e+002  5.201401e-004
 6.299875e+002  5.252601e-004
 6.306062e+002  4.939936e-004
 6.312250e+002  4.408143e-004
 6.318437e+002  4.931359e-004
 6.324625e+002  5.159496e-004
 6.330812e+002  4.547780e-004
 6.337000e+002  4.679676e-004
 6.343187e+002  4.782835e-004
 6.349375e+002  4.572283e-004
 6.355562e+002  4.495159e-004
 6.361750e+002  4.937273e-004
 6.367937e+002  4.732427e-004
 6.374125e+002  4.962260e-004
 6.380312e+002  5.364550e-004
 6.386500e+002  4.627701e-004
 6.392687e+002  4.828512e-004
 6.398875e+002  5.056991e-004
 6.405062e+002  4.868913e-004
 6.411250e+002  4.457595e-004
 6.417437e+002  4.604022e-004
 6.423625e+002  5.372599e-004
 6.429812e+002  5.446496e-004
 6.436000e+002  5.044694e-004
 6.442187e+002  5.063850e-004
 6.448375e+002  5.291683e-004
 6.454562e+002  5.170069e-004
 6.460750e+002  4.837552e-004
 6.466937e+002  4.956387e-004
 6.473125e+002  5.039917e-004
 6.479312e+002  4.557322e-004
 6.485500e+002  4.824653e-004
 6.491687e+002  5.927354e-004
 6.497875e+002  1.080825e-003
 6.504062e+002  9.464707e-004
 6.510250e+002  5.068441e-004
 6.516437e+002  4.314307e-004
 6.522625e+002  4.667276e-004
 6.528812e+002  5.220909e-004
 6.535000e+002  4.826970e-004
 6.541187e+002  5.531006e-004
 6.547375e+002  4.894388e-004
 6.553562e+002  4.864087e-004
 6.559750e+002  5.150466e-004
 6.565937e+002  4.939078e-004
 6.572125e+002  4.835349e-004
 6.578312e+002  5.303752e-004
 6.584500e+002  5.347829e-004
 6.590687e+002  5.047382e-004
 6.596875e+002  4.342210e-004
 6.603062e+002  5.325626e-004
 6.609250e+002  5.279539e-004
 6.615437e+002  4.481456e-004
 6.621625e+002  4.419957e-004
 6.627812e+002  4.472675e-004
 6.634000e+002  5.192525e-004
 6.640187e+002  4.907895e-004
 6.646375e+002  5.196553e-004
 6.652562e+002  5.031698e-004
 6.658750e+002  5.138410e-004
 6.664937e+002  5.182013e-004
 6.671125e+002  5.231722e-004
 6.677312e+002  5.101592e-004
 6.683500e+002  4.971445e-004
 6.689687e+002  4.996955e-004
 6.695875e+002  4.925847e-004
 6.702062e+002  5.164500e-004
 6.708250e+002  4.875334e-004
 6.714437e+002  4.447245e-004
 6.720625e+002  4.467066e-004
 6.726812e+002  4.865077e-004
 6.733000e+002  4.736963e-004
 6.739187e+002  5.432545e-004
 6.745375e+002  5.437951e-004
 6.751562e+002  4.650293e-004
 6.757750e+002  5.604453e-004
 6.763937e+002  5.898625e-004
 6.770125e+002  4.938154e-004
 6.776312e+002  4.304908e-004
 6.782500e+002  4.656017e-004
 6.788687e+002  4.804171e-004
 6.794875e+002  4.899595e-004
 6.801062e+002  4.747818e-004
 6.807250e+002  4.616401e-004
 6.813437e+002  4.773644e-004
 6.819625e+002  5.139587e-004
 6.825812e+002  5.229324e-004
 6.832000e+002  5.775299e-004
 6.838187e+002  5.412599e-004
 6.844375e+002  5.242259e-004
 6.850562e+002  5.606113e-004
 6.856750e+002  4.783784e-004
 6.862937e+002  5.189614e-004
 6.869125e+002  5.394403e-004
 6.875312e+002  5.319094e-004
 6.881500e+002  4.600014e-004
 6.887687e+002  4.769234e-004
 6.893875e+002  5.094919e-004
 6.900062e+002  4.988290e-004
 6.906250e+002  4.929554e-004
 6.912437e+002  4.820415e-004
 6.918625e+002  4.664276e-004
 6.924812e+002  4.762226e-004
 6.931000e+002  5.148446e-004
 6.937187e+002  4.766707e-004
 6.943375e+002  4.970462e-004
 6.949562e+002  4.659627e-004
 6.955750e+002  4.592390e-004
 6.961937e+002  5.167583e-004
 6.968125e+002  5.437689e-004
 6.974312e+002  5.174495e-004
 6.980500e+002  4.980211e-004
 6.986687e+002  5.021961e-004
 6.992875e+002  4.688024e-004
 6.999062e+002  5.219433e-004
 7.005250e+002  4.826340e-004
 7.011437e+002  4.611784e-004
 7.017625e+002  4.529600e-004
 7.023812e+002  4.705998e-004
 7.030000e+002  4.980894e-004
 7.036187e+002  5.555139e-004
 7.042375e+002  5.051341e-004
 7.048562e+002  5.499320e-004
 7.054750e+002  5.535462e-004
 7.060937e+002  4.938830e-004
 7.067125e+002  4.391284e-004
 7.073312e+002  5.023543e-004
 7.079500e+002  5.281514e-004
 7.085687e+002  5.160886e-004
 7.091875e+002  4.705331e-004
 7.098062e+002  4.806089e-004
 7.104250e+002  4.797157e-004
 7.110437e+002  4.574252e-004
 7.116625e+002  4.755658e-004
 7.122812e+002  4.763137e-004
 7.129000e+002  5.019681e-004
 7.135187e+002  4.686150e-004
 7.141375e+002  5.044480e-004
 7.147562e+002  4.990951e-004
 7.153750e+002  4.812333e-004
 7.159937e+002  5.566494e-004
 7.166125e+002  5.422420e-004
 7.172312e+002  4.930251e-004
 7.178500e+002  4.693523e-004
 7.184687e+002  5.861053e-004
 7.190875e+002  5.575440e-004
 7.197062e+002  5.185092e-004
 7.203250e+002  5.298577e-004
 7.209437e+002  5.627654e-004
 7.215625e+002  5.511174e-004
 7.221812e+002  5.033102e-004
 7.228000e+002  4.125087e-004
 7.234187e+002  4.924522e-004
 7.240375e+002  5.483360e-004
 7.246562e+002  5.409345e-004
 7.252750e+002  5.126442e-004
 7.258937e+002  4.915799e-004
 7.265125e+002  5.189897e-004
 7.271312e+002  5.336277e-004
 7.277500e+002  4.816900e-004
 7.283687e+002  4.487565e-004
 7.289875e+002  4.868801e-004
 7.296062e+002  5.347416e-004
 7.302250e+002  5.314359e-004
 7.308437e+002  5.187157e-004
 7.314625e+002  4.516964e-004
 7.320812e+002  4.606525e-004
 7.327000e+002  4.904160e-004
 7.333187e+002  5.041032e-004
 7.339375e+002  4.798106e-004
 7.345562e+002  4.692848e-004
 7.351750e+002  5.439796e-004
 7.357937e+002  5.472130e-004
 7.364125e+002  4.597561e-004
 7.370312e+002  4.607015e-004
 7.376500e+002  5.675579e-004
 7.382687e+002  5.328489e-004
 7.388875e+002  4.393535e-004
 7.395062e+002  4.957582e-004
 7.401250e+002  4.807912e-004
 7.407437e+002  5.006533e-004
 7.413625e+002  5.073133e-004
 7.419812e+002  5.378746e-004
 7.426000e+002  5.577928e-004
 7.432187e+002  5.628272e-004
 7.438375e+002  5.520442e-004
 7.444562e+002  5.736021e-004
 7.450750e+002  4.903270e-004
 7.456937e+002  4.647288e-004
 7.463125e+002  5.679367e-004
 7.469312e+002  5.206859e-004
 7.475500e+002  4.640914e-004
 7.481687e+002  5.021239e-004
 7.487875e+002  4.855671e-004
 7.494062e+002  1.114692e-003
 7.500250e+002  1.933861e-003
 7.506437e+002  1.159338e-003
 7.512625e+002  5.056466e-004
 7.518812e+002  5.163734e-004
 7.525000e+002  4.964422e-004
 7.531187e+002  5.118641e-004
 7.537375e+002  5.125682e-004
 7.543562e+002  4.920315e-004
 7.549750e+002  5.053723e-004
 7.555937e+002  5.480561e-004
 7.562125e+002  5.117753e-004
 7.568312e+002  5.021804e-004
 7.574500e+002  5.544941e-004
 7.580687e+002  5.689280e-004
 7.586875e+002  5.604196e-004
 7.593062e+002  5.402549e-004
 7.599250e+002  5.282552e-004
 7.605437e+002  5.045949e-004
 7.611625e+002  4.923252e-004
 7.617812e+002  5.359026e-004
 7.624000e+002  5.133309e-004
 7.630187e+002  4.804633e-004
 7.636375e+002  5.458548e-004
 7.642562e+002  5.883153e-004
 7.648750e+002  5.733632e-004
 7.654937e+002  4.795948e-004
 7.661125e+002  5.431240e-004
 7.667312e+002  5.570708e-004
 7.673500e+002  5.135038e-004
 7.679687e+002  5.105273e-004
 7.685875e+002  5.116830e-004
 7.692062e+002  5.557803e-004
 7.698250e+002  5.414188e-004
 7.704437e+002  5.074223e-004
 7.710625e+002  5.046604e-004
 7.716812e+002  4.799473e-004
 7.723000e+002  4.863703e-004
 7.729187e+002  4.104200e-004
 7.735375e+002  4.507465e-004
 7.741562e+002  4.887808e-004
 7.747750e+002  5.318963e-004
 7.753937e+002  5.022474e-004
 7.760125e+002  5.190939e-004
 7.766312e+002  4.570470e-004
 7.772500e+002  4.632745e-004
 7.778687e+002  4.875072e-004
 7.784875e+002  4.774064e-004
 7.791062e+002  4.895638e-004
 7.797250e+002  4.833640e-004
 7.803437e+002  4.877882e-004
 7.809625e+002  5.104751e-004
 7.815812e+002  5.321565e-004
 7.822000e+002  5.805332e-004
 7.828187e+002  4.878527e-004
 7.834375e+002  5.096042e-004
 7.840562e+002  5.461950e-004
 7.846750e+002  4.982562e-004
 7.852937e+002  4.676755e-004
 7.859125e+002  5.302746e-004
 7.865312e+002  5.160569e-004
 7.871500e+002  4.700707e-004
 7.877687e+002  4.966137e-004
 7.883875e+002  5.231008e-004
 7.890062e+002  5.381508e-004
 7.896250e+002  5.615366e-004
 7.902437e+002  5.252104e-004
 7.908625e+002  5.244790e-004
 7.914812e+002  5.367347e-004
 7.921000e+002  4.911797e-004
 7.927187e+002  4.694055e-004
 7.933375e+002  3.964084e-004
 7.939562e+002  4.531362e-004
 7.945750e+002  4.778925e-004
 7.951937e+002  4.432929e-004
 7.958125e+002  4.436950e-004
 7.964312e+002  4.796056e-004
 7.970500e+002  5.124779e-004
 7.976687e+002  5.209386e-004
 7.982875e+002  4.822671e-004
 7.989062e+002  5.348008e-004
 7.995250e+002  6.153016e-004
 8.001437e+002  5.603142e-004
 8.007625e+002  4.428573e-004
 8.013812e+002  4.750890e-004
 8.020000e+002  4.396388e-004
 8.026187e+002  5.702010e-004
 8.032375e+002  6.081875e-004
 8.038562e+002  4.718244e-004
 8.044750e+002  4.947574e-004
 8.050937e+002  5.181933e-004
 8.057125e+002  5.154582e-004
 8.063312e+002  5.330352e-004
 8.069500e+002  5.585824e-004
 8.075687e+002  4.816383e-004
 8.081875e+002  5.076525e-004
 8.088062e+002  4.631628e-004
 8.094250e+002  5.100016e-004
 8.100437e+002  5.264652e-004
 8.106625e+002  5.555404e-004
 8.112812e+002  5.483293e-004
 8.119000e+002  4.936970e-004
 8.125187e+002  4.719431e-004
 8.131375e+002  4.756085e-004
 8.137562e+002  5.138384e-004
 8.143750e+002  5.161534e-004
 8.149937e+002  5.254176e-004
 8.156125e+002  5.045288e-004
 8.162312e+002  4.794759e-004
 8.168500e+002  5.185810e-004
 8.174687e+002  4.899511e-004
 8.180875e+002  5.049729e-004
 8.187062e+002  4.655493e-004
 8.193250e+002  4.891009e-004
 8.199437e+002  5.789315e-004
 8.205625e+002  5.464366e-004
 8.211812e+002  5.258284e-004
 8.218000e+002  5.652390e-004
 8.224187e+002  5.020298e-004
 8.230375e+002  4.668197e-004
 8.236562e+002  4.287810e-004
 8.242750e+002  4.629783e-004
 8.248937e+002  4.784514e-004
 8.255125e+002  4.705237e-004
 8.261312e+002  4.849128e-004
 8.267500e+002  4.737486e-004
 8.273687e+002  5.235682e-004
 8.279875e+002  4.847880e-004
 8.286062e+002  4.767551e-004
 8.292250e+002  5.390912e-004
 8.298437e+002  5.794962e-004
 8.304625e+002  6.008944e-004
 8.310812e+002  5.198932e-004
 8.317000e+002  5.694551e-004
 8.323187e+002  5.315519e-004
 8.329375e+002  5.337524e-004
 8.335562e+002  5.697174e-004
 8.341750e+002  5.690583e-004
 8.347937e+002  5.474271e-004
 8.354125e+002  5.456218e-004
 8.360312e+002  5.241324e-004
 8.366500e+002  5.420678e-004
 8.372687e+002  5.813683e-004
 8.378875e+002  5.114352e-004
 8.385062e+002  4.641102e-004
 8.391250e+002  5.104268e-004
 8.397437e+002  5.112324e-004
 8.403625e+002  5.021130e-004
 8.409812e+002  4.982405e-004
 8.416000e+002  4.900317e-004
 8.422187e+002  4.858819e-004
 8.428375e+002  5.240095e-004
 8.434562e+002  5.016127e-004
 8.440750e+002  4.786015e-004
 8.446937e+002  4.713525e-004
 8.453125e+002  5.359665e-004
 8.459312e+002  5.440342e-004
 8.465500e+002  5.273178e-004
 8.471687e+002  5.351743e-004
 8.477875e+002  4.784355e-004
 8.484062e+002  5.404610e-004
 8.490250e+002  5.668771e-004
 8.496437e+002  9.686228e-004
 8.502625e+002  1.039955e-003
 8.508812e+002  6.177346e-004
 8.515000e+002  5.639859e-004
 8.521187e+002  5.503194e-004
 8.527375e+002  5.007106e-004
 8.533562e+002  4.698874e-004
 8.539750e+002  5.013270e-004
 8.545937e+002  5.189833e-004
 8.552125e+002  5.159337e-004
 8.558312e+002  4.740465e-004
 8.564500e+002  4.759449e-004
 8.570687e+002  5.258422e-004
 8.576875e+002  4.808191e-004
 8.583062e+002  4.597695e-004
 8.589250e+002  5.050848e-004
 8.595437e+002  5.194440e-004
 8.601625e+002  5.111063e-004
 8.607812e+002  5.214801e-004
 8.614000e+002  5.102024e-004
 8.620187e+002  4.161305e-004
 8.626375e+002  5.028775e-004
 8.632562e+002  5.325822e-004
 8.638750e+002  5.539648e-004
 8.644937e+002  5.245252e-004
 8.651125e+002  4.448603e-004
 8.657312e+002  4.822917e-004
 8.663500e+002  5.657780e-004
 8.669687e+002  5.418511e-004
 8.675875e+002  4.579651e-004
 8.682062e+002  4.392033e-004
 8.688250e+002  5.063404e-004
 8.694437e+002  5.165594e-004
 8.700625e+002  4.922089e-004
 8.706812e+002  4.879216e-004
 8.713000e+002  4.940359e-004
 8.719187e+002  5.401026e-004
 8.725375e+002  5.937826e-004
 8.731562e+002  5.476146e-004
 8.737750e+002  5.328435e-004
 8.743937e+002  5.560754e-004
 8.750125e+002  4.865731e-004
 8.756312e+002  5.123081e-004
 8.762500e+002  4.976867e-004
 8.768687e+002  4.546489e-004
 8.774875e+002  5.142840e-004
 8.781062e+002  4.601151e-004
 8.787250e+002  4.932867e-004
 8.793437e+002  5.466273e-004
 8.799625e+002  5.289815e-004
 8.805812e+002  4.682722e-004
 8.812000e+002  5.216752e-004
 8.818187e+002  4.806043e-004
 8.824375e+002  5.539409e-004
 8.830562e+002  5.310417e-004
 8.836750e+002  5.582262e-004
 8.842937e+002  5.942864e-004
 8.849125e+002  5.945467e-004
 8.855312e+002  4.646030e-004
 8.861500e+002  4.831953e-004
 8.867687e+002  4.955162e-004
 8.873875e+002  4.806488e-004
 8.880062e+002  4.903429e-004
 8.886250e+002  4.894313e-004
 8.892437e+002  5.437829e-004
 8.898625e+002  5.783346e-004
 8.904812e+002  5.194558e-004
 8.911000e+002  4.902208e-004
 8.917187e+002  5.329412e-004
 8.923375e+002  5.129001e-004
 8.929562e+002  4.567146e-004
 8.935750e+002  4.972142e-004
 8.941937e+002  5.147248e-004
 8.948125e+002  5.272916e-004
 8.954312e+002  5.352612e-004
 8.960500e+002  4.977680e-004
 8.966687e+002  5.146449e-004
 8.972875e+002  5.072655e-004
 8.979062e+002  5.506412e-004
 8.985250e+002  5.440179e-004
 8.991437e+002  5.579515e-004
 8.997625e+002  5.624149e-004
 9.003812e+002  5.461561e-004
 9.010000e+002  5.271195e-004
 9.016187e+002  5.010926e-004
 9.022375e+002  5.814760e-004
 9.028562e+002  5.740191e-004
 9.034750e+002  5.190490e-004
 9.040937e+002  5.087424e-004
 9.047125e+002  5.288763e-004
 9.053312e+002  5.949779e-004
 9.059500e+002  5.996092e-004
 9.065687e+002  5.648205e-004
 9.071875e+002  4.897414e-004
 9.078062e+002  5.456897e-004
 9.084250e+002  5.101011e-004
 9.090437e+002  2.098963e-003
 9.096625e+002  2.885415e-003
 9.102812e+002  1.018609e-003
 9.109000e+002  5.305629e-004
 9.115187e+002  4.066867e-004
 9.121375e+002  4.132935e-004
 9.127562e+002  4.386193e-004
 9.133750e+002  5.199617e-004
 9.139937e+002  5.969249e-004
 9.146125e+002  5.959350e-004
 9.152312e+002  5.507048e-004
 9.158500e+002  5.029169e-004
 9.164687e+002  4.916700e-004
 9.170875e+002  4.593906e-004
 9.177062e+002  4.992499e-004
 9.183250e+002  5.424261e-004
 9.189437e+002  4.819781e-004
 9.195625e+002  4.980428e-004
 9.201812e+002  5.016601e-004
 9.208000e+002  4.710772e-004
 9.214187e+002  4.659355e-004
 9.220375e+002  5.677975e-004
 9.226562e+002  5.985307e-004
 9.232750e+002  5.312510e-004
 9.238937e+002  4.396643e-004
 9.245125e+002  4.369896e-004
 9.251312e+002  5.010004e-004
 9.257500e+002  4.765858e-004
 9.263687e+002  5.139902e-004
 9.269875e+002  4.875524e-004
 9.276062e+002  4.882319e-004
 9.282250e+002  5.326255e-004
 9.288437e+002  5.700519e-004
 9.294625e+002  5.319991e-004
 9.300812e+002  5.010972e-004
 9.307000e+002  4.588524e-004
 9.313187e+002  4.547816e-004
 9.319375e+002  4.924408e-004
 9.325562e+002  5.104754e-004
 9.331750e+002  4.990548e-004
 9.337937e+002  4.970137e-004
 9.344125e+002  5.062394e-004
 9.350312e+002  5.064043e-004
 9.356500e+002  4.999742e-004
 9.362687e+002  5.021719e-004
 9.368875e+002  5.406443e-004
 9.375062e+002  5.299608e-004
 9.381250e+002  5.003789e-004
 9.387437e+002  5.336067e-004
 9.393625e+002  5.766643e-004
 9.399812e+002  5.203708e-004
 9.406000e+002  5.269015e-004
 9.412187e+002  4.705359e-004
 9.418375e+002  5.049010e-004
 9.424562e+002  4.803042e-004
 9.430750e+002  4.636986e-004
 9.436937e+002  4.698502e-004
 9.443125e+002  4.881414e-004
 9.449312e+002  4.971496e-004
 9.455500e+002  5.513803e-004
 9.461687e+002  5.664543e-004
 9.467875e+002  5.361698e-004
 9.474062e+002  5.740985e-004
 9.480250e+002  5.298693e-004
 9.486437e+002  4.415260e-004
 9.492625e+002  5.922016e-004
 9.498812e+002  8.571086e-004
 9.505000e+002  7.145037e-004
 9.511187e+002  5.617227e-004
 9.517375e+002  5.519742e-004
 9.523562e+002  4.887239e-004
 9.529750e+002  4.688218e-004
 9.535937e+002  5.184634e-004
 9.542125e+002  4.821391e-004
 9.548312e+002  4.414976e-004
 9.554500e+002  4.704754e-004
 9.560687e+002  5.020547e-004
 9.566875e+002  5.278315e-004
 9.573062e+002  5.524043e-004
 9.579250e+002  5.556741e-004
 9.585437e+002  5.020773e-004
 9.591625e+002  4.941478e-004
 9.597812e+002  5.605788e-004
 9.604000e+002  5.697430e-004
 9.610187e+002  5.710742e-004
 9.616375e+002  5.718862e-004
 9.622562e+002  5.138613e-004
 9.628750e+002  5.401043e-004
 9.634937e+002  5.046062e-004
 9.641125e+002  5.196681e-004
 9.647312e+002  5.341829e-004
 9.653500e+002  5.447814e-004
 9.659687e+002  4.837435e-004
 9.665875e+002  4.620959e-004
 9.672062e+002  4.816711e-004
 9.678250e+002  5.220636e-004
 9.684437e+002  5.005969e-004
 9.690625e+002  4.941110e-004
 9.696812e+002  5.420876e-004
 9.703000e+002  5.498956e-004
 9.709187e+002  5.019679e-004
 9.715375e+002  5.112271e-004
 9.721562e+002  5.146378e-004
 9.727750e+002  5.101506e-004
 9.733937e+002  4.833660e-004
 9.740125e+002  4.902803e-004
 9.746312e+002  5.278023e-004
 9.752500e+002  5.078917e-004
 9.758687e+002  5.256085e-004
 9.764875e+002  4.760461e-004
 9.771062e+002  4.448083e-004
 9.777250e+002  4.398999e-004
 9.783437e+002  4.666215e-004
 9.789625e+002  5.136628e-004
 9.795812e+002  5.506888e-004
 9.802000e+002  4.634536e-004
 9.808187e+002  5.302728e-004
 9.814375e+002  5.463686e-004
 9.820562e+002  5.178967e-004
 9.826750e+002  4.434510e-004
 9.832937e+002  5.100157e-004
 9.839125e+002  5.129396e-004
 9.845312e+002  5.242397e-004
 9.851500e+002  5.694020e-004
 9.857687e+002  5.181125e-004
 9.863875e+002  4.752359e-004
 9.870062e+002  4.552023e-004
 9.876250e+002  5.310218e-004
 9.882437e+002  4.883522e-004
 9.888625e+002  4.360661e-004
 9.894812e+002  5.003323e-004
 9.901000e+002  5.226321e-004
 9.907187e+002  5.300070e-004
 9.913375e+002  4.965154e-004
 9.919562e+002  6.063320e-004
 9.925750e+002  6.350322e-004
 9.931937e+002  5.327918e-004
 9.938125e+002  4.836427e-004
 9.944312e+002  4.578768e-004
 9.950500e+002  4.654400e-004
 9.956687e+002  5.005575e-004
 9.962875e+002  5.766288e-004
 9.969062e+002  5.192467e-004
 9.975250e+002  5.459619e-004
 9.981437e+002  4.717556e-004
 9.987625e+002  5.143833e-004
 9.993812e+002  5.793011e-004
 1.000000e+003  5.525274e-004
