 1.000000e+001  1.116558e-003
 1.061875e+001  8.736775e-004
 1.123750e+001  8.178656e-004
 1.185625e+001  9.486914e-004
 1.247500e+001  8.859950e-004
 1.309375e+001  9.052881e-004
 1.371250e+001  9.799794e-004
 1.433125e+001  7.333931e-004
 1.495000e+001  7.205369e-004
 1.556875e+001  9.014800e-004
 1.618750e+001  9.823366e-004
 1.680625e+001  8.819356e-004
 1.742500e+001  9.039788e-004
 1.804375e+001  1.051052e-003
 1.866250e+001  8.711418e-004
 1.928125e+001  6.770329e-004
 1.990000e+001  6.635367e-004
 2.051875e+001  6.253869e-004
 2.113750e+001  6.735515e-004
 2.175625e+001  7.810529e-004
 2.237500e+001  7.778571e-004
 2.299375e+001  7.730157e-004
 2.361250e+001  7.140880e-004
 2.423125e+001  8.558414e-004
 2.485000e+001  7.461863e-004
 2.546875e+001  6.616642e-004
 2.608750e+001  7.187996e-004
 2.670625e+001  7.175407e-004
 2.732500e+001  6.099869e-004
 2.794375e+001  7.745415e-004
 2.856250e+001  6.538522e-004
 2.918125e+001  7.676313e-004
 2.980000e+001  6.653519e-004
 3.041875e+001  6.732148e-004
 3.103750e+001  5.567559e-004
 3.165625e+001  5.500132e-004
 3.227500e+001  6.613351e-004
 3.289375e+001  6.327592e-004
 3.351250e+001  6.355352e-004
 3.413125e+001  7.055830e-004
 3.475000e+001  6.924792e-004
 3.536875e+001  7.744932e-004
 3.598750e+001  7.138335e-004
 3.660625e+001  5.211368e-004
 3.722500e+001  4.910809e-004
 3.784375e+001  5.156647e-004
 3.846250e+001  4.408525e-004
 3.908125e+001  4.955445e-004
 3.970000e+001  5.306197e-004
 4.031875e+001  5.293277e-004
 4.093750e+001  5.557856e-004
 4.155625e+001  5.972708e-004
 4.217500e+001  5.791672e-004
 4.279375e+001  5.650127e-004
 4.341250e+001  5.430963e-004
 4.403125e+001  5.350767e-004
 4.465000e+001  4.729141e-004
 4.526875e+001  5.570650e-004
 4.588750e+001  5.427979e-004
 4.650625e+001  4.716777e-004
 4.712500e+001  4.309444e-004
 4.774375e+001  5.189589e-004
 4.836250e+001  6.174919e-004
 4.898125e+001  1.186742e-003
 4.960000e+001  6.798296e-003
 5.021875e+001  7.911752e-003
 5.083750e+001  2.100375e-003
 5.145625e+001  5.146805e-004
 5.207500e+001  4.240253e-004
 5.269375e+001  4.128514e-004
 5.331250e+001  4.456426e-004
 5.393125e+001  4.623916e-004
 5.455000e+001  4.230029e-004
 5.516875e+001  4.026363e-004
 5.578750e+001  3.965120e-004
 5.640625e+001  3.717033e-004
 5.702500e+001  4.228103e-004
 5.764375e+001  4.410840e-004
 5.826250e+001  4.439109e-004
 5.888125e+001  4.530759e-004
 5.950000e+001  3.758678e-004
 6.011875e+001  3.869065e-004
 6.073750e+001  4.216365e-004
 6.135625e+001  3.931431e-004
 6.197500e+001  3.873167e-004
 6.259375e+001  3.603305e-004
 6.321250e+001  3.748506e-004
 6.383125e+001  4.511131e-004
 6.445000e+001  4.446808e-004
 6.506875e+001  3.908710e-004
 6.568750e+001  3.906927e-004
 6.630625e+001  3.582307e-004
 6.692500e+001  3.403209e-004
 6.754375e+001  4.173731e-004
 6.816250e+001  4.480429e-004
 6.878125e+001  3.646228e-004
 6.940000e+001  4.425261e-004
 7.001875e+001  3.634261e-004
 7.063750e+001  4.037392e-004
 7.125625e+001  3.939707e-004
 7.187500e+001  3.268613e-004
 7.249375e+001  4.001489e-004
 7.311250e+001  3.770854e-004
 7.373125e+001  3.509348e-004
 7.435000e+001  3.603250e-004
 7.496875e+001  3.607787e-004
 7.558750e+001  4.101899e-004
 7.620625e+001  4.115075e-004
 7.682500e+001  4.001705e-004
 7.744375e+001  3.597259e-004
 7.806250e+001  4.101594e-004
 7.868125e+001  3.778315e-004
 7.930000e+001  3.986047e-004
 7.991875e+001  3.630955e-004
 8.053750e+001  3.249554e-004
 8.115625e+001  3.591106e-004
 8.177500e+001  3.110134e-004
 8.239375e+001  3.501183e-004
 8.301250e+001  4.272280e-004
 8.363125e+001  4.177784e-004
 8.425000e+001  3.743918e-004
 8.486875e+001  3.276366e-004
 8.548750e+001  3.512916e-004
 8.610625e+001  3.287866e-004
 8.672500e+001  3.506536e-004
 8.734375e+001  3.623747e-004
 8.796250e+001  3.997102e-004
 8.858125e+001  3.280467e-004
 8.920000e+001  4.279482e-004
 8.981875e+001  3.691002e-004
 9.043750e+001  3.124258e-004
 9.105625e+001  3.291419e-004
 9.167500e+001  3.391683e-004
 9.229375e+001  3.672529e-004
 9.291250e+001  3.618345e-004
 9.353125e+001  3.929041e-004
 9.415000e+001  3.617057e-004
 9.476875e+001  2.925078e-004
 9.538750e+001  3.460521e-004
 9.600625e+001  2.908023e-004
 9.662500e+001  2.977059e-004
 9.724375e+001  3.793422e-004
 9.786250e+001  3.613697e-004
 9.848125e+001  3.790819e-004
 9.910000e+001  3.461507e-004
 9.971875e+001  6.761250e-004
 1.003375e+002  6.584913e-004
 1.009563e+002  3.653153e-004
 1.015750e+002  3.408250e-004
 1.021938e+002  3.191470e-004
 1.028125e+002  3.561447e-004
 1.034313e+002  3.864127e-004
 1.040500e+002  3.252580e-004
 1.046688e+002  3.026536e-004
 1.052875e+002  3.164218e-004
 1.059063e+002  3.718094e-004
 1.065250e+002  4.114779e-004
 1.071438e+002  3.777104e-004
 1.077625e+002  4.047739e-004
 1.083813e+002  4.307019e-004
 1.090000e+002  4.114793e-004
 1.096188e+002  3.295621e-004
 1.102375e+002  3.386909e-004
 1.108563e+002  3.430644e-004
 1.114750e+002  3.609877e-004
 1.120938e+002  3.591470e-004
 1.127125e+002  3.372457e-004
 1.133313e+002  3.567997e-004
 1.139500e+002  3.254425e-004
 1.145688e+002  3.510148e-004
 1.151875e+002  3.640276e-004
 1.158063e+002  2.938404e-004
 1.164250e+002  2.675994e-004
 1.170438e+002  3.372837e-004
 1.176625e+002  3.105252e-004
 1.182813e+002  3.441792e-004
 1.189000e+002  3.587812e-004
 1.195188e+002  3.476485e-004
 1.201375e+002  3.846070e-004
 1.207563e+002  3.385592e-004
 1.213750e+002  3.837432e-004
 1.219938e+002  3.963373e-004
 1.226125e+002  4.349290e-004
 1.232313e+002  4.395186e-004
 1.238500e+002  3.960859e-004
 1.244688e+002  3.105688e-004
 1.250875e+002  3.219406e-004
 1.257063e+002  3.570837e-004
 1.263250e+002  3.725488e-004
 1.269438e+002  4.111533e-004
 1.275625e+002  3.285741e-004
 1.281813e+002  2.971715e-004
 1.288000e+002  3.595952e-004
 1.294188e+002  3.653403e-004
 1.300375e+002  3.784615e-004
 1.306563e+002  3.740365e-004
 1.312750e+002  3.577844e-004
 1.318938e+002  3.889150e-004
 1.325125e+002  3.469606e-004
 1.331313e+002  3.695274e-004
 1.337500e+002  3.759149e-004
 1.343688e+002  3.959633e-004
 1.349875e+002  4.184209e-004
 1.356063e+002  4.182717e-004
 1.362250e+002  4.032350e-004
 1.368438e+002  4.082157e-004
 1.374625e+002  3.202979e-004
 1.380813e+002  3.411512e-004
 1.387000e+002  3.586877e-004
 1.393188e+002  3.431134e-004
 1.399375e+002  3.785790e-004
 1.405563e+002  3.491960e-004
 1.411750e+002  3.405882e-004
 1.417938e+002  3.785618e-004
 1.424125e+002  3.751210e-004
 1.430313e+002  3.417414e-004
 1.436500e+002  3.650701e-004
 1.442688e+002  3.894958e-004
 1.448875e+002  3.858921e-004
 1.455063e+002  3.856902e-004
 1.461250e+002  3.886350e-004
 1.467438e+002  4.130452e-004
 1.473625e+002  4.373771e-004
 1.479813e+002  3.740691e-004
 1.486000e+002  3.308921e-004
 1.492188e+002  1.917694e-003
 1.498375e+002  5.494086e-003
 1.504563e+002  3.807579e-003
 1.510750e+002  4.810617e-004
 1.516938e+002  3.793887e-004
 1.523125e+002  3.480181e-004
 1.529313e+002  3.385158e-004
 1.535500e+002  3.480029e-004
 1.541688e+002  3.457906e-004
 1.547875e+002  3.704249e-004
 1.554063e+002  3.383684e-004
 1.560250e+002  3.813852e-004
 1.566438e+002  4.138110e-004
 1.572625e+002  3.531209e-004
 1.578813e+002  3.486529e-004
 1.585000e+002  3.402569e-004
 1.591188e+002  4.089663e-004
 1.597375e+002  4.142088e-004
 1.603563e+002  4.175736e-004
 1.609750e+002  4.081695e-004
 1.615938e+002  3.027336e-004
 1.622125e+002  2.955543e-004
 1.628313e+002  3.522383e-004
 1.634500e+002  3.560255e-004
 1.640688e+002  4.546990e-004
 1.646875e+002  3.695241e-004
 1.653063e+002  4.169155e-004
 1.659250e+002  4.617567e-004
 1.665438e+002  4.069708e-004
 1.671625e+002  4.098127e-004
 1.677813e+002  3.758061e-004
 1.684000e+002  3.878979e-004
 1.690188e+002  3.789539e-004
 1.696375e+002  3.541843e-004
 1.702563e+002  3.770693e-004
 1.708750e+002  3.833103e-004
 1.714938e+002  3.253376e-004
 1.721125e+002  4.089010e-004
 1.727313e+002  4.444996e-004
 1.733500e+002  4.366875e-004
 1.739688e+002  3.805152e-004
 1.745875e+002  3.866807e-004
 1.752063e+002  3.957932e-004
 1.758250e+002  4.376498e-004
 1.764438e+002  3.858589e-004
 1.770625e+002  3.713695e-004
 1.776813e+002  3.815196e-004
 1.783000e+002  3.828051e-004
 1.789188e+002  4.174480e-004
 1.795375e+002  3.579029e-004
 1.801563e+002  3.617352e-004
 1.807750e+002  3.582143e-004
 1.813938e+002  3.635866e-004
 1.820125e+002  3.064539e-004
 1.826313e+002  3.459356e-004
 1.832500e+002  3.985408e-004
 1.838688e+002  3.872020e-004
 1.844875e+002  4.115610e-004
 1.851063e+002  4.644316e-004
 1.857250e+002  4.212745e-004
 1.863438e+002  4.172168e-004
 1.869625e+002  4.183400e-004
 1.875813e+002  3.987152e-004
 1.882000e+002  4.055918e-004
 1.888188e+002  4.161383e-004
 1.894375e+002  4.295070e-004
 1.900563e+002  4.156627e-004
 1.906750e+002  4.837385e-004
 1.912938e+002  4.334684e-004
 1.919125e+002  4.008880e-004
 1.925313e+002  4.315677e-004
 1.931500e+002  4.265132e-004
 1.937688e+002  3.767595e-004
 1.943875e+002  3.750673e-004
 1.950063e+002  4.273633e-004
 1.956250e+002  3.911772e-004
 1.962438e+002  3.875078e-004
 1.968625e+002  3.705171e-004
 1.974813e+002  3.780257e-004
 1.981000e+002  3.822396e-004
 1.987188e+002  3.957198e-004
 1.993375e+002  7.069558e-004
 1.999563e+002  1.391831e-003
 2.005750e+002  8.209065e-004
 2.011938e+002  3.563691e-004
 2.018125e+002  4.022994e-004
 2.024313e+002  3.895334e-004
 2.030500e+002  3.766553e-004
 2.036688e+002  3.753892e-004
 2.042875e+002  3.596982e-004
 2.049063e+002  4.456363e-004
 2.055250e+002  4.877381e-004
 2.061438e+002  4.689906e-004
 2.067625e+002  4.059479e-004
 2.073813e+002  3.989144e-004
 2.080000e+002  3.986186e-004
 2.086188e+002  3.786982e-004
 2.092375e+002  3.874604e-004
 2.098563e+002  4.070210e-004
 2.104750e+002  4.242836e-004
 2.110938e+002  4.278537e-004
 2.117125e+002  3.891433e-004
 2.123313e+002  3.910749e-004
 2.129500e+002  4.682908e-004
 2.135688e+002  4.292877e-004
 2.141875e+002  3.977318e-004
 2.148063e+002  4.807355e-004
 2.154250e+002  3.851750e-004
 2.160438e+002  3.490105e-004
 2.166625e+002  3.791310e-004
 2.172813e+002  4.421426e-004
 2.179000e+002  4.322440e-004
 2.185188e+002  4.175147e-004
 2.191375e+002  4.382414e-004
 2.197563e+002  4.244776e-004
 2.203750e+002  3.905355e-004
 2.209938e+002  3.654932e-004
 2.216125e+002  4.030964e-004
 2.222313e+002  4.523594e-004
 2.228500e+002  3.714364e-004
 2.234688e+002  3.811156e-004
 2.240875e+002  4.329743e-004
 2.247063e+002  4.223010e-004
 2.253250e+002  4.375807e-004
 2.259438e+002  4.435244e-004
 2.265625e+002  4.035501e-004
 2.271813e+002  3.630247e-004
 2.278000e+002  4.127017e-004
 2.284188e+002  4.928318e-004
 2.290375e+002  4.224028e-004
 2.296563e+002  3.998863e-004
 2.302750e+002  4.431930e-004
 2.308938e+002  4.601044e-004
 2.315125e+002  4.721769e-004
 2.321313e+002  4.115001e-004
 2.327500e+002  4.666079e-004
 2.333688e+002  4.335679e-004
 2.339875e+002  3.861387e-004
 2.346063e+002  3.359427e-004
 2.352250e+002  4.132925e-004
 2.358438e+002  4.685159e-004
 2.364625e+002  4.703281e-004
 2.370813e+002  3.967954e-004
 2.377000e+002  4.010675e-004
 2.383188e+002  4.238345e-004
 2.389375e+002  4.363874e-004
 2.395563e+002  4.080133e-004
 2.401750e+002  4.800732e-004
 2.407938e+002  4.196888e-004
 2.414125e+002  3.493142e-004
 2.420313e+002  4.123260e-004
 2.426500e+002  4.397814e-004
 2.432688e+002  4.538119e-004
 2.438875e+002  4.220480e-004
 2.445063e+002  4.634783e-004
 2.451250e+002  4.601494e-004
 2.457438e+002  4.784836e-004
 2.463625e+002  4.478123e-004
 2.469813e+002  4.209347e-004
 2.476000e+002  4.239306e-004
 2.482188e+002  4.086041e-004
 2.488375e+002  4.238384e-004
 2.494563e+002  9.773770e-004
 2.500750e+002  1.516602e-003
 2.506938e+002  7.270026e-004
 2.513125e+002  3.375596e-004
 2.519313e+002  3.642943e-004
 2.525500e+002  4.410423e-004
 2.531688e+002  3.823179e-004
 2.537875e+002  4.127107e-004
 2.544063e+002  4.798708e-004
 2.550250e+002  4.412392e-004
 2.556438e+002  4.146081e-004
 2.562625e+002  4.406467e-004
 2.568813e+002  4.170977e-004
 2.575000e+002  4.374553e-004
 2.581188e+002  4.029182e-004
 2.587375e+002  4.268848e-004
 2.593563e+002  4.016620e-004
 2.599750e+002  3.944460e-004
 2.605938e+002  4.144932e-004
 2.612125e+002  4.108247e-004
 2.618313e+002  4.090572e-004
 2.624500e+002  4.153405e-004
 2.630688e+002  4.266644e-004
 2.636875e+002  4.723586e-004
 2.643063e+002  4.365437e-004
 2.649250e+002  4.141739e-004
 2.655438e+002  4.448748e-004
 2.661625e+002  4.772738e-004
 2.667813e+002  5.166374e-004
 2.674000e+002  4.269485e-004
 2.680188e+002  3.884054e-004
 2.686375e+002  4.400773e-004
 2.692563e+002  4.321826e-004
 2.698750e+002  5.214218e-004
 2.704938e+002  4.744282e-004
 2.711125e+002  4.657410e-004
 2.717313e+002  4.662739e-004
 2.723500e+002  4.938030e-004
 2.729688e+002  4.627564e-004
 2.735875e+002  4.044873e-004
 2.742063e+002  3.960787e-004
 2.748250e+002  5.029187e-004
 2.754438e+002  4.789030e-004
 2.760625e+002  4.567073e-004
 2.766813e+002  4.623757e-004
 2.773000e+002  4.985386e-004
 2.779188e+002  4.626761e-004
 2.785375e+002  4.964548e-004
 2.791563e+002  4.217122e-004
 2.797750e+002  3.833421e-004
 2.803938e+002  4.356356e-004
 2.810125e+002  4.544727e-004
 2.816313e+002  3.290122e-004
 2.822500e+002  4.152071e-004
 2.828688e+002  4.406013e-004
 2.834875e+002  3.552701e-004
 2.841063e+002  3.803470e-004
 2.847250e+002  3.889337e-004
 2.853438e+002  3.881390e-004
 2.859625e+002  4.193694e-004
 2.865813e+002  4.510659e-004
 2.872000e+002  4.789286e-004
 2.878188e+002  5.464057e-004
 2.884375e+002  4.380882e-004
 2.890563e+002  4.005866e-004
 2.896750e+002  4.198700e-004
 2.902938e+002  4.227789e-004
 2.909125e+002  4.383726e-004
 2.915313e+002  4.459064e-004
 2.921500e+002  5.037220e-004
 2.927688e+002  5.069024e-004
 2.933875e+002  5.090378e-004
 2.940063e+002  5.302245e-004
 2.946250e+002  4.626984e-004
 2.952438e+002  3.766828e-004
 2.958625e+002  4.591891e-004
 2.964813e+002  5.050993e-004
 2.971000e+002  4.796126e-004
 2.977188e+002  4.236342e-004
 2.983375e+002  4.686764e-004
 2.989563e+002  5.442715e-004
 2.995750e+002  7.933315e-004
 3.001938e+002  8.154570e-004
 3.008125e+002  4.549101e-004
 3.014313e+002  4.449234e-004
 3.020500e+002  5.744172e-004
 3.026688e+002  4.815788e-003
 3.032875e+002  7.279167e-003
 3.039063e+002  2.708016e-003
 3.045250e+002  4.993781e-004
 3.051438e+002  4.565987e-004
 3.057625e+002  4.339414e-004
 3.063813e+002  4.949602e-004
 3.070000e+002  5.600245e-004
 3.076188e+002  5.080231e-004
 3.082375e+002  4.515412e-004
 3.088563e+002  4.566470e-004
 3.094750e+002  3.931870e-004
 3.100938e+002  4.654336e-004
 3.107125e+002  4.685600e-004
 3.113313e+002  4.110182e-004
 3.119500e+002  4.160014e-004
 3.125688e+002  4.627181e-004
 3.131875e+002  4.341127e-004
 3.138063e+002  4.105000e-004
 3.144250e+002  4.119585e-004
 3.150437e+002  4.413510e-004
 3.156625e+002  4.825459e-004
 3.162812e+002  4.836988e-004
 3.169000e+002  4.636134e-004
 3.175187e+002  4.770676e-004
 3.181375e+002  4.999868e-004
 3.187562e+002  4.789118e-004
 3.193750e+002  4.433869e-004
 3.199937e+002  4.897657e-004
 3.206125e+002  5.381190e-004
 3.212312e+002  5.224126e-004
 3.218500e+002  4.966452e-004
 3.224687e+002  4.585733e-004
 3.230875e+002  5.100491e-004
 3.237062e+002  4.852795e-004
 3.243250e+002  4.139605e-004
 3.249437e+002  4.035387e-004
 3.255625e+002  4.975451e-004
 3.261812e+002  4.643931e-004
 3.268000e+002  4.559567e-004
 3.274187e+002  4.608427e-004
 3.280375e+002  4.497543e-004
 3.286562e+002  4.325245e-004
 3.292750e+002  4.188091e-004
 3.298937e+002  4.211514e-004
 3.305125e+002  4.684702e-004
 3.311312e+002  5.441429e-004
 3.317500e+002  5.816693e-004
 3.323687e+002  5.094321e-004
 3.329875e+002  4.556291e-004
 3.336062e+002  4.344132e-004
 3.342250e+002  4.408374e-004
 3.348437e+002  4.478588e-004
 3.354625e+002  4.015938e-004
 3.360812e+002  4.010545e-004
 3.367000e+002  3.886983e-004
 3.373187e+002  4.632405e-004
 3.379375e+002  5.028887e-004
 3.385562e+002  4.295210e-004
 3.391750e+002  4.333831e-004
 3.397937e+002  4.998479e-004
 3.404125e+002  5.457296e-004
 3.410312e+002  5.195047e-004
 3.416500e+002  5.338105e-004
 3.422687e+002  4.482957e-004
 3.428875e+002  4.742135e-004
 3.435062e+002  5.124531e-004
 3.441250e+002  5.101564e-004
 3.447437e+002  4.617373e-004
 3.453625e+002  4.193386e-004
 3.459812e+002  3.862818e-004
 3.466000e+002  4.901736e-004
 3.472187e+002  4.967837e-004
 3.478375e+002  5.692225e-004
 3.484562e+002  5.013832e-004
 3.490750e+002  6.559813e-004
 3.496937e+002  1.962734e-003
 3.503125e+002  1.796130e-003
 3.509312e+002  6.031411e-004
 3.515500e+002  5.012515e-004
 3.521687e+002  5.120161e-004
 3.527875e+002  5.614270e-004
 3.534062e+002  4.875325e-004
 3.540250e+002  3.800642e-004
 3.546437e+002  4.465029e-004
 3.552625e+002  4.575267e-004
 3.558812e+002  4.417392e-004
 3.565000e+002  4.810154e-004
 3.571187e+002  4.881933e-004
 3.577375e+002  4.808554e-004
 3.583562e+002  4.649460e-004
 3.589750e+002  4.592750e-004
 3.595937e+002  4.589058e-004
 3.602125e+002  4.096050e-004
 3.608312e+002  4.918815e-004
 3.614500e+002  4.940505e-004
 3.620687e+002  4.526696e-004
 3.626875e+002  4.461220e-004
 3.633062e+002  4.401812e-004
 3.639250e+002  3.954579e-004
 3.645437e+002  4.148724e-004
 3.651625e+002  4.612835e-004
 3.657812e+002  4.294032e-004
 3.664000e+002  3.954896e-004
 3.670187e+002  3.782478e-004
 3.676375e+002  4.517497e-004
 3.682562e+002  4.991558e-004
 3.688750e+002  5.274018e-004
 3.694937e+002  4.468464e-004
 3.701125e+002  5.260255e-004
 3.707312e+002  5.306950e-004
 3.713500e+002  4.794369e-004
 3.719687e+002  5.270955e-004
 3.725875e+002  5.414446e-004
 3.732062e+002  4.602069e-004
 3.738250e+002  4.841606e-004
 3.744437e+002  4.559514e-004
 3.750625e+002  4.479018e-004
 3.756812e+002  4.777008e-004
 3.763000e+002  4.416052e-004
 3.769187e+002  4.111939e-004
 3.775375e+002  4.611315e-004
 3.781562e+002  4.158980e-004
 3.787750e+002  4.302404e-004
 3.793937e+002  4.775078e-004
 3.800125e+002  4.491330e-004
 3.806312e+002  4.425687e-004
 3.812500e+002  4.832509e-004
 3.818687e+002  5.418289e-004
 3.824875e+002  5.258113e-004
 3.831062e+002  5.064535e-004
 3.837250e+002  5.236742e-004
 3.843437e+002  4.444984e-004
 3.849625e+002  4.265413e-004
 3.855812e+002  5.196732e-004
 3.862000e+002  4.874314e-004
 3.868187e+002  4.568579e-004
 3.874375e+002  4.785877e-004
 3.880562e+002  4.859433e-004
 3.886750e+002  5.915338e-004
 3.892937e+002  5.258048e-004
 3.899125e+002  4.809500e-004
 3.905312e+002  4.756751e-004
 3.911500e+002  4.844417e-004
 3.917687e+002  4.972705e-004
 3.923875e+002  4.734509e-004
 3.930062e+002  3.970609e-004
 3.936250e+002  4.876347e-004
 3.942437e+002  4.647411e-004
 3.948625e+002  4.918463e-004
 3.954812e+002  4.902063e-004
 3.961000e+002  4.680559e-004
 3.967187e+002  4.769306e-004
 3.973375e+002  5.094304e-004
 3.979562e+002  5.034567e-004
 3.985750e+002  4.705654e-004
 3.991937e+002  5.977576e-004
 3.998125e+002  1.021330e-003
 4.004312e+002  7.315423e-004
 4.010500e+002  4.768112e-004
 4.016687e+002  5.130671e-004
 4.022875e+002  4.902707e-004
 4.029062e+002  4.450493e-004
 4.035250e+002  4.635550e-004
 4.041437e+002  4.693500e-004
 4.047625e+002  4.543473e-004
 4.053812e+002  4.979363e-004
 4.060000e+002  4.525267e-004
 4.066187e+002  4.828155e-004
 4.072375e+002  4.762370e-004
 4.078562e+002  4.310777e-004
 4.084750e+002  4.030157e-004
 4.090937e+002  4.597566e-004
 4.097125e+002  4.778340e-004
 4.103312e+002  5.064474e-004
 4.109500e+002  4.531131e-004
 4.115687e+002  4.557539e-004
 4.121875e+002  5.027664e-004
 4.128062e+002  5.093606e-004
 4.134250e+002  5.494166e-004
 4.140437e+002  5.471735e-004
 4.146625e+002  4.698379e-004
 4.152812e+002  4.208268e-004
 4.159000e+002  3.857389e-004
 4.165187e+002  4.123997e-004
 4.171375e+002  4.043733e-004
 4.177562e+002  4.384181e-004
 4.183750e+002  4.878891e-004
 4.189937e+002  4.927698e-004
 4.196125e+002  4.584098e-004
 4.202312e+002  4.451456e-004
 4.208500e+002  3.859590e-004
 4.214687e+002  4.240542e-004
 4.220875e+002  4.563780e-004
 4.227062e+002  4.895705e-004
 4.233250e+002  4.956399e-004
 4.239437e+002  4.166701e-004
 4.245625e+002  4.049650e-004
 4.251812e+002  4.554137e-004
 4.258000e+002  4.967103e-004
 4.264187e+002  5.477916e-004
 4.270375e+002  5.534081e-004
 4.276562e+002  4.988600e-004
 4.282750e+002  5.212861e-004
 4.288937e+002  5.005374e-004
 4.295125e+002  5.100462e-004
 4.301312e+002  5.719898e-004
 4.307500e+002  4.743447e-004
 4.313687e+002  4.611612e-004
 4.319875e+002  4.812924e-004
 4.326062e+002  5.227662e-004
 4.332250e+002  5.417843e-004
 4.338437e+002  4.776465e-004
 4.344625e+002  4.792152e-004
 4.350812e+002  4.563756e-004
 4.357000e+002  4.008580e-004
 4.363187e+002  4.263902e-004
 4.369375e+002  4.617857e-004
 4.375562e+002  5.572707e-004
 4.381750e+002  5.045608e-004
 4.387937e+002  4.822697e-004
 4.394125e+002  5.154853e-004
 4.400312e+002  4.969044e-004
 4.406500e+002  5.227143e-004
 4.412687e+002  5.219151e-004
 4.418875e+002  4.593873e-004
 4.425062e+002  4.662617e-004
 4.431250e+002  4.468121e-004
 4.437437e+002  5.113270e-004
 4.443625e+002  5.172810e-004
 4.449812e+002  4.483619e-004
 4.456000e+002  4.852835e-004
 4.462187e+002  4.948270e-004
 4.468375e+002  5.214523e-004
 4.474562e+002  4.747914e-004
 4.480750e+002  5.419731e-004
 4.486937e+002  5.415748e-004
 4.493125e+002  1.166088e-003
 4.499312e+002  2.197032e-003
 4.505500e+002  1.196099e-003
 4.511687e+002  4.556306e-004
 4.517875e+002  4.614280e-004
 4.524062e+002  4.288576e-004
 4.530250e+002  4.336828e-004
 4.536437e+002  4.496958e-004
 4.542625e+002  4.250396e-004
 4.548812e+002  4.333243e-004
 4.555000e+002  4.705923e-004
 4.561187e+002  4.366166e-004
 4.567375e+002  4.935509e-004
 4.573562e+002  5.260290e-004
 4.579750e+002  4.601366e-004
 4.585937e+002  4.369129e-004
 4.592125e+002  4.267075e-004
 4.598312e+002  4.296115e-004
 4.604500e+002  4.683045e-004
 4.610687e+002  5.001709e-004
 4.616875e+002  4.858148e-004
 4.623062e+002  4.641761e-004
 4.629250e+002  4.975573e-004
 4.635437e+002  5.429654e-004
 4.641625e+002  5.246324e-004
 4.647812e+002  4.778287e-004
 4.654000e+002  4.451708e-004
 4.660187e+002  5.360200e-004
 4.666375e+002  4.656667e-004
 4.672562e+002  4.636251e-004
 4.678750e+002  5.057685e-004
 4.684937e+002  5.326631e-004
 4.691125e+002  5.140697e-004
 4.697312e+002  4.220496e-004
 4.703500e+002  4.665278e-004
 4.709687e+002  4.705974e-004
 4.715875e+002  4.226150e-004
 4.722062e+002  4.605453e-004
 4.728250e+002  5.027211e-004
 4.734437e+002  5.526312e-004
 4.740625e+002  5.266592e-004
 4.746812e+002  4.785235e-004
 4.753000e+002  4.435665e-004
 4.759187e+002  5.150946e-004
 4.765375e+002  5.065089e-004
 4.771562e+002  4.476858e-004
 4.777750e+002  4.111127e-004
 4.783937e+002  4.536079e-004
 4.790125e+002  4.878180e-004
 4.796312e+002  4.569502e-004
 4.802500e+002  4.731167e-004
 4.808687e+002  4.698403e-004
 4.814875e+002  5.032691e-004
 4.821062e+002  4.738012e-004
 4.827250e+002  5.171107e-004
 4.833437e+002  4.975839e-004
 4.839625e+002  4.883487e-004
 4.845812e+002  5.349442e-004
 4.852000e+002  5.448291e-004
 4.858187e+002  4.404988e-004
 4.864375e+002  4.483198e-004
 4.870562e+002  4.588834e-004
 4.876750e+002  4.501701e-004
 4.882937e+002  4.676385e-004
 4.889125e+002  4.960732e-004
 4.895312e+002  5.304738e-004
 4.901500e+002  4.303055e-004
 4.907687e+002  4.637296e-004
 4.913875e+002  4.971878e-004
 4.920062e+002  6.115064e-004
 4.926250e+002  5.065844e-004
 4.932437e+002  4.535244e-004
 4.938625e+002  5.256540e-004
 4.944812e+002  5.872150e-004
 4.951000e+002  4.030864e-004
 4.957187e+002  4.086497e-004
 4.963375e+002  5.363460e-004
 4.969562e+002  5.019585e-004
 4.975750e+002  5.006727e-004
 4.981937e+002  4.778895e-004
 4.988125e+002  3.905715e-004
 4.994312e+002  5.335699e-004
 5.000500e+002  6.535552e-004
 5.006687e+002  4.594647e-004
 5.012875e+002  4.411119e-004
 5.019062e+002  3.914136e-004
 5.025250e+002  5.004002e-004
 5.031437e+002  5.215847e-004
 5.037625e+002  4.442682e-004
 5.043812e+002  4.876952e-004
 5.050000e+002  5.598571e-004
 5.056187e+002  5.076094e-004
 5.062375e+002  4.687703e-004
 5.068562e+002  5.065892e-004
 5.074750e+002  4.892826e-004
 5.080937e+002  5.311702e-004
 5.087125e+002  5.261478e-004
 5.093312e+002  5.416860e-004
 5.099500e+002  5.201625e-004
 5.105687e+002  5.114399e-004
 5.111875e+002  5.038755e-004
 5.118062e+002  4.406912e-004
 5.124250e+002  5.501186e-004
 5.130437e+002  5.848578e-004
 5.136625e+002  5.320559e-004
 5.142812e+002  5.104959e-004
 5.149000e+002  5.263153e-004
 5.155187e+002  5.064929e-004
 5.161375e+002  4.428879e-004
 5.167562e+002  4.917495e-004
 5.173750e+002  4.915891e-004
 5.179937e+002  5.379819e-004
 5.186125e+002  5.749528e-004
 5.192312e+002  4.937803e-004
 5.198500e+002  5.420452e-004
 5.204687e+002  5.495141e-004
 5.210875e+002  5.358766e-004
 5.217062e+002  5.380627e-004
 5.223250e+002  4.255565e-004
 5.229437e+002  4.640377e-004
 5.235625e+002  5.503903e-004
 5.241812e+002  4.968201e-004
 5.248000e+002  4.346512e-004
 5.254187e+002  4.843021e-004
 5.260375e+002  4.728382e-004
 5.266562e+002  4.159271e-004
 5.272750e+002  4.480601e-004
 5.278937e+002  4.931058e-004
 5.285125e+002  5.141447e-004
 5.291312e+002  4.865581e-004
 5.297500e+002  4.550202e-004
 5.303687e+002  5.020261e-004
 5.309875e+002  5.249359e-004
 5.316062e+002  4.537089e-004
 5.322250e+002  4.947687e-004
 5.328437e+002  5.571332e-004
 5.334625e+002  5.096571e-004
 5.340812e+002  5.296125e-004
 5.347000e+002  4.521840e-004
 5.353187e+002  4.482152e-004
 5.359375e+002  3.739389e-004
 5.365562e+002  4.598969e-004
 5.371750e+002  5.136716e-004
 5.377937e+002  5.605748e-004
 5.384125e+002  5.284383e-004
 5.390312e+002  5.097223e-004
 5.396500e+002  4.707549e-004
 5.402687e+002  3.693461e-004
 5.408875e+002  4.494233e-004
 5.415062e+002  6.143096e-004
 5.421250e+002  5.427892e-004
 5.427437e+002  4.986566e-004
 5.433625e+002  4.775707e-004
 5.439812e+002  4.765312e-004
 5.446000e+002  5.000963e-004
 5.452187e+002  5.331935e-004
 5.458375e+002  5.442042e-004
 5.464562e+002  4.673891e-004
 5.470750e+002  5.016271e-004
 5.476937e+002  4.769425e-004
 5.483125e+002  4.652711e-004
 5.489312e+002  4.810882e-004
 5.495500e+002  1.075537e-003
 5.501687e+002  1.204599e-003
 5.507875e+002  5.547748e-004
 5.514062e+002  4.220289e-004
 5.520250e+002  4.827138e-004
 5.526437e+002  4.755186e-004
 5.532625e+002  5.519892e-004
 5.538812e+002  6.155817e-004
 5.545000e+002  5.341464e-004
 5.551187e+002  4.069194e-004
 5.557375e+002  4.445908e-004
 5.563562e+002  5.175852e-004
 5.569750e+002  5.607155e-004
 5.575937e+002  6.202535e-004
 5.582125e+002  6.000772e-004
 5.588312e+002  4.716663e-004
 5.594500e+002  4.865146e-004
 5.600687e+002  5.517941e-004
 5.606875e+002  5.129988e-004
 5.613062e+002  5.586604e-004
 5.619250e+002  5.811180e-004
 5.625437e+002  5.367872e-004
 5.631625e+002  5.509732e-004
 5.637812e+002  5.197057e-004
 5.644000e+002  5.280069e-004
 5.650187e+002  5.976435e-004
 5.656375e+002  5.300695e-004
 5.662562e+002  4.568454e-004
 5.668750e+002  4.393663e-004
 5.674937e+002  4.382784e-004
 5.681125e+002  4.570805e-004
 5.687312e+002  4.257044e-004
 5.693500e+002  3.966237e-004
 5.699687e+002  4.176124e-004
 5.705875e+002  4.835705e-004
 5.712062e+002  4.670648e-004
 5.718250e+002  4.846857e-004
 5.724437e+002  5.556502e-004
 5.730625e+002  5.858226e-004
 5.736812e+002  4.976904e-004
 5.743000e+002  4.912685e-004
 5.749187e+002  5.458189e-004
 5.755375e+002  4.612024e-004
 5.761562e+002  4.346078e-004
 5.767750e+002  3.848700e-004
 5.773937e+002  3.962118e-004
 5.780125e+002  4.277042e-004
 5.786312e+002  4.818769e-004
 5.792500e+002  4.503023e-004
 5.798687e+002  4.657230e-004
 5.804875e+002  4.792432e-004
 5.811062e+002  4.162894e-004
 5.817250e+002  5.054747e-004
 5.823437e+002  4.798998e-004
 5.829625e+002  4.302025e-004
 5.835812e+002  4.252004e-004
 5.842000e+002  4.549346e-004
 5.848187e+002  4.676291e-004
 5.854375e+002  4.561290e-004
 5.860562e+002  4.613941e-004
 5.866750e+002  5.502900e-004
 5.872937e+002  5.445585e-004
 5.879125e+002  4.619350e-004
 5.885312e+002  5.212639e-004
 5.891500e+002  4.421020e-004
 5.897687e+002  4.733031e-004
 5.903875e+002  5.137988e-004
 5.910062e+002  6.375886e-004
 5.916250e+002  6.192404e-004
 5.922437e+002  5.221904e-004
 5.928625e+002  3.993704e-004
 5.934812e+002  4.959115e-004
 5.941000e+002  5.087858e-004
 5.947187e+002  5.012842e-004
 5.953375e+002  4.272514e-004
 5.959562e+002  4.548841e-004
 5.965750e+002  5.799283e-004
 5.971937e+002  4.702330e-004
 5.978125e+002  4.563353e-004
 5.984312e+002  5.319059e-004
 5.990500e+002  5.202075e-004
 5.996687e+002  5.845029e-004
 6.002875e+002  5.434545e-004
 6.009062e+002  5.099196e-004
 6.015250e+002  4.939552e-004
 6.021437e+002  5.482977e-004
 6.027625e+002  5.608483e-004
 6.033812e+002  5.312469e-004
 6.040000e+002  5.132031e-004
 6.046187e+002  4.776134e-004
 6.052375e+002  5.429774e-004
 6.058562e+002  3.450691e-003
 6.064750e+002  4.886619e-003
 6.070937e+002  1.755225e-003
 6.077125e+002  5.676127e-004
 6.083312e+002  5.122264e-004
 6.089500e+002  3.657746e-004
 6.095687e+002  4.803430e-004
 6.101875e+002  5.436035e-004
 6.108062e+002  5.464195e-004
 6.114250e+002  4.235342e-004
 6.120437e+002  4.105693e-004
 6.126625e+002  5.105170e-004
 6.132812e+002  5.076686e-004
 6.139000e+002  5.012285e-004
 6.145187e+002  5.504816e-004
 6.151375e+002  5.277402e-004
 6.157562e+002  4.569267e-004
 6.163750e+002  4.706570e-004
 6.169937e+002  5.118341e-004
 6.176125e+002  4.690088e-004
 6.182312e+002  3.994269e-004
 6.188500e+002  4.511972e-004
 6.194687e+002  4.440775e-004
 6.200875e+002  4.742733e-004
 6.207062e+002  5.076964e-004
 6.213250e+002  5.286782e-004
 6.219437e+002  4.667018e-004
 6.225625e+002  4.471837e-004
 6.231812e+002  4.433858e-004
 6.238000e+002  5.030389e-004
 6.244187e+002  5.628425e-004
 6.250375e+002  4.357053e-004
 6.256562e+002  5.151864e-004
 6.262750e+002  5.416779e-004
 6.268937e+002  5.387115e-004
 6.275125e+002  5.157661e-004
 6.281312e+002  4.642069e-004
 6.287500e+002  4.340596e-004
 6.293687e+002  4.572317e-004
 6.299875e+002  4.887844e-004
 6.306062e+002  5.034096e-004
 6.312250e+002  5.198921e-004
 6.318437e+002  4.862543e-004
 6.324625e+002  5.386771e-004
 6.330812e+002  4.955809e-004
 6.337000e+002  5.240650e-004
 6.343187e+002  4.597412e-004
 6.349375e+002  4.390575e-004
 6.355562e+002  4.882140e-004
 6.361750e+002  4.717128e-004
 6.367937e+002  3.999619e-004
 6.374125e+002  4.342878e-004
 6.380312e+002  4.821350e-004
 6.386500e+002  4.551489e-004
 6.392687e+002  4.777227e-004
 6.398875e+002  5.350463e-004
 6.405062e+002  5.420522e-004
 6.411250e+002  5.663384e-004
 6.417437e+002  5.251056e-004
 6.423625e+002  5.135399e-004
 6.429812e+002  5.376884e-004
 6.436000e+002  5.118545e-004
 6.442187e+002  4.620622e-004
 6.448375e+002  6.050926e-004
 6.454562e+002  5.132002e-004
 6.460750e+002  4.465596e-004
 6.466937e+002  5.106329e-004
 6.473125e+002  5.459236e-004
 6.479312e+002  5.206169e-004
 6.485500e+002  5.501501e-004
 6.491687e+002  6.133085e-004
 6.497875e+002  1.115490e-003
 6.504062e+002  8.375296e-004
 6.510250e+002  5.385841e-004
 6.516437e+002  4.417033e-004
 6.522625e+002  4.352554e-004
 6.528812e+002  5.051932e-004
 6.535000e+002  5.308821e-004
 6.541187e+002  5.627486e-004
 6.547375e+002  5.064316e-004
 6.553562e+002  5.643000e-004
 6.559750e+002  5.305465e-004
 6.565937e+002  4.673030e-004
 6.572125e+002  4.395522e-004
 6.578312e+002  4.505766e-004
 6.584500e+002  5.346361e-004
 6.590687e+002  5.593390e-004
 6.596875e+002  4.995035e-004
 6.603062e+002  4.103559e-004
 6.609250e+002  4.126626e-004
 6.615437e+002  4.796116e-004
 6.621625e+002  4.385560e-004
 6.627812e+002  4.634752e-004
 6.634000e+002  4.538182e-004
 6.640187e+002  4.899897e-004
 6.646375e+002  4.726527e-004
 6.652562e+002  5.292347e-004
 6.658750e+002  5.125410e-004
 6.664937e+002  4.843712e-004
 6.671125e+002  4.506812e-004
 6.677312e+002  4.564737e-004
 6.683500e+002  4.129591e-004
 6.689687e+002  4.115697e-004
 6.695875e+002  4.526219e-004
 6.702062e+002  5.243270e-004
 6.708250e+002  5.903674e-004
 6.714437e+002  5.008114e-004
 6.720625e+002  5.261531e-004
 6.726812e+002  5.868365e-004
 6.733000e+002  4.755674e-004
 6.739187e+002  4.578778e-004
 6.745375e+002  4.548914e-004
 6.751562e+002  4.413114e-004
 6.757750e+002  5.889438e-004
 6.763937e+002  5.475748e-004
 6.770125e+002  4.073689e-004
 6.776312e+002  4.908507e-004
 6.782500e+002  4.362098e-004
 6.788687e+002  5.088098e-004
 6.794875e+002  5.490556e-004
 6.801062e+002  5.804446e-004
 6.807250e+002  5.898873e-004
 6.813437e+002  6.265332e-004
 6.819625e+002  4.941959e-004
 6.825812e+002  4.795558e-004
 6.832000e+002  4.950332e-004
 6.838187e+002  5.310690e-004
 6.844375e+002  5.589761e-004
 6.850562e+002  5.086493e-004
 6.856750e+002  5.271947e-004
 6.862937e+002  5.355964e-004
 6.869125e+002  4.730568e-004
 6.875312e+002  5.268641e-004
 6.881500e+002  4.908378e-004
 6.887687e+002  4.979174e-004
 6.893875e+002  5.484104e-004
 6.900062e+002  5.134973e-004
 6.906250e+002  4.417207e-004
 6.912437e+002  4.851798e-004
 6.918625e+002  4.818717e-004
 6.924812e+002  4.138372e-004
 6.931000e+002  4.423477e-004
 6.937187e+002  4.632032e-004
 6.943375e+002  5.705869e-004
 6.949562e+002  5.781691e-004
 6.955750e+002  4.429373e-004
 6.961937e+002  4.041781e-004
 6.968125e+002  4.742868e-004
 6.974312e+002  5.436612e-004
 6.980500e+002  5.509098e-004
 6.986687e+002  4.905122e-004
 6.992875e+002  4.422768e-004
 6.999062e+002  4.532629e-004
 7.005250e+002  4.856647e-004
 7.011437e+002  4.790597e-004
 7.017625e+002  4.671617e-004
 7.023812e+002  4.287989e-004
 7.030000e+002  5.585553e-004
 7.036187e+002  6.249381e-004
 7.042375e+002  5.758607e-004
 7.048562e+002  5.277050e-004
 7.054750e+002  5.194670e-004
 7.060937e+002  4.826465e-004
 7.067125e+002  5.148680e-004
 7.073312e+002  4.468958e-004
 7.079500e+002  3.698331e-004
 7.085687e+002  3.890578e-004
 7.091875e+002  4.720298e-004
 7.098062e+002  5.025012e-004
 7.104250e+002  4.323140e-004
 7.110437e+002  4.867386e-004
 7.116625e+002  5.372703e-004
 7.122812e+002  4.971140e-004
 7.129000e+002  4.579938e-004
 7.135187e+002  4.934330e-004
 7.141375e+002  4.899664e-004
 7.147562e+002  4.334963e-004
 7.153750e+002  4.705266e-004
 7.159937e+002  4.585905e-004
 7.166125e+002  4.835522e-004
 7.172312e+002  5.222584e-004
 7.178500e+002  4.444749e-004
 7.184687e+002  4.330841e-004
 7.190875e+002  4.672747e-004
 7.197062e+002  4.726408e-004
 7.203250e+002  5.065377e-004
 7.209437e+002  4.789589e-004
 7.215625e+002  4.842818e-004
 7.221812e+002  5.458213e-004
 7.228000e+002  4.828806e-004
 7.234187e+002  4.006147e-004
 7.240375e+002  5.066650e-004
 7.246562e+002  5.299901e-004
 7.252750e+002  4.122986e-004
 7.258937e+002  3.688874e-004
 7.265125e+002  4.049606e-004
 7.271312e+002  4.466504e-004
 7.277500e+002  4.460580e-004
 7.283687e+002  5.193544e-004
 7.289875e+002  4.813745e-004
 7.296062e+002  4.338350e-004
 7.302250e+002  4.536335e-004
 7.308437e+002  4.669930e-004
 7.314625e+002  5.529044e-004
 7.320812e+002  5.726875e-004
 7.327000e+002  5.191658e-004
 7.333187e+002  5.252876e-004
 7.339375e+002  5.209421e-004
 7.345562e+002  5.323175e-004
 7.351750e+002  5.655195e-004
 7.357937e+002  5.469599e-004
 7.364125e+002  6.041177e-004
 7.370312e+002  6.108150e-004
 7.376500e+002  6.596376e-004
 7.382687e+002  6.008484e-004
 7.388875e+002  5.166169e-004
 7.395062e+002  4.282483e-004
 7.401250e+002  4.504652e-004
 7.407437e+002  4.719724e-004
 7.413625e+002  5.482664e-004
 7.419812e+002  6.216888e-004
 7.426000e+002  5.271618e-004
 7.432187e+002  5.125684e-004
 7.438375e+002  4.421042e-004
 7.444562e+002  4.329269e-004
 7.450750e+002  5.007780e-004
 7.456937e+002  5.045139e-004
 7.463125e+002  4.717852e-004
 7.469312e+002  5.066388e-004
 7.475500e+002  5.443688e-004
 7.481687e+002  4.917291e-004
 7.487875e+002  4.502263e-004
 7.494062e+002  1.312014e-003
 7.500250e+002  1.903268e-003
 7.506437e+002  8.628996e-004
 7.512625e+002  5.170573e-004
 7.518812e+002  4.739851e-004
 7.525000e+002  5.856922e-004
 7.531187e+002  6.100351e-004
 7.537375e+002  5.990520e-004
 7.543562e+002  5.692736e-004
 7.549750e+002  5.143743e-004
 7.555937e+002  4.701749e-004
 7.562125e+002  4.825645e-004
 7.568312e+002  5.388310e-004
 7.574500e+002  4.942033e-004
 7.580687e+002  4.978984e-004
 7.586875e+002  5.311548e-004
 7.593062e+002  4.875976e-004
 7.599250e+002  4.356844e-004
 7.605437e+002  4.185565e-004
 7.611625e+002  4.865804e-004
 7.617812e+002  5.227438e-004
 7.624000e+002  4.138779e-004
 7.630187e+002  4.460440e-004
 7.636375e+002  4.280155e-004
 7.642562e+002  4.742859e-004
 7.648750e+002  4.604708e-004
 7.654937e+002  3.966744e-004
 7.661125e+002  4.743726e-004
 7.667312e+002  5.801352e-004
 7.673500e+002  5.104070e-004
 7.679687e+002  5.015767e-004
 7.685875e+002  5.931297e-004
 7.692062e+002  5.579701e-004
 7.698250e+002  4.675839e-004
 7.704437e+002  5.330620e-004
 7.710625e+002  5.361682e-004
 7.716812e+002  5.082045e-004
 7.723000e+002  4.971232e-004
 7.729187e+002  5.380294e-004
 7.735375e+002  5.496975e-004
 7.741562e+002  4.733925e-004
 7.747750e+002  5.167459e-004
 7.753937e+002  5.452057e-004
 7.760125e+002  5.089613e-004
 7.766312e+002  5.169414e-004
 7.772500e+002  4.744935e-004
 7.778687e+002  4.904465e-004
 7.784875e+002  5.179633e-004
 7.791062e+002  4.869126e-004
 7.797250e+002  4.589844e-004
 7.803437e+002  4.938666e-004
 7.809625e+002  4.323979e-004
 7.815812e+002  4.881757e-004
 7.822000e+002  6.132923e-004
 7.828187e+002  5.568147e-004
 7.834375e+002  5.100931e-004
 7.840562e+002  6.161921e-004
 7.846750e+002  5.906689e-004
 7.852937e+002  4.953422e-004
 7.859125e+002  4.933246e-004
 7.865312e+002  5.253371e-004
 7.871500e+002  4.720359e-004
 7.877687e+002  4.312018e-004
 7.883875e+002  5.193138e-004
 7.890062e+002  6.624452e-004
 7.896250e+002  6.359826e-004
 7.902437e+002  5.129007e-004
 7.908625e+002  5.140741e-004
 7.914812e+002  5.245766e-004
 7.921000e+002  4.764035e-004
 7.927187e+002  5.025471e-004
 7.933375e+002  5.565306e-004
 7.939562e+002  5.281485e-004
 7.945750e+002  5.148101e-004
 7.951937e+002  5.129568e-004
 7.958125e+002  4.590141e-004
 7.964312e+002  4.879293e-004
 7.970500e+002  5.506960e-004
 7.976687e+002  5.578240e-004
 7.982875e+002  5.804269e-004
 7.989062e+002  5.503622e-004
 7.995250e+002  5.729473e-004
 8.001437e+002  4.658304e-004
 8.007625e+002  5.074359e-004
 8.013812e+002  5.295956e-004
 8.020000e+002  5.314903e-004
 8.026187e+002  5.020285e-004
 8.032375e+002  4.743358e-004
 8.038562e+002  4.813803e-004
 8.044750e+002  5.322458e-004
 8.050937e+002  4.457565e-004
 8.057125e+002  4.765032e-004
 8.063312e+002  5.143882e-004
 8.069500e+002  5.185181e-004
 8.075687e+002  5.054803e-004
 8.081875e+002  4.881079e-004
 8.088062e+002  4.796203e-004
 8.094250e+002  4.973298e-004
 8.100437e+002  5.222986e-004
 8.106625e+002  5.290772e-004
 8.112812e+002  6.026523e-004
 8.119000e+002  5.769060e-004
 8.125187e+002  4.876312e-004
 8.131375e+002  4.870237e-004
 8.137562e+002  4.316285e-004
 8.143750e+002  5.170387e-004
 8.149937e+002  5.531150e-004
 8.156125e+002  4.854197e-004
 8.162312e+002  5.229708e-004
 8.168500e+002  5.118779e-004
 8.174687e+002  5.326066e-004
 8.180875e+002  5.265801e-004
 8.187062e+002  4.876652e-004
 8.193250e+002  4.963544e-004
 8.199437e+002  5.502426e-004
 8.205625e+002  6.034106e-004
 8.211812e+002  4.790367e-004
 8.218000e+002  4.376074e-004
 8.224187e+002  4.521167e-004
 8.230375e+002  4.691264e-004
 8.236562e+002  5.006057e-004
 8.242750e+002  4.747347e-004
 8.248937e+002  5.504268e-004
 8.255125e+002  5.793624e-004
 8.261312e+002  5.240278e-004
 8.267500e+002  5.317905e-004
 8.273687e+002  5.323645e-004
 8.279875e+002  4.919582e-004
 8.286062e+002  6.235261e-004
 8.292250e+002  5.855031e-004
 8.298437e+002  4.934710e-004
 8.304625e+002  4.738406e-004
 8.310812e+002  5.517714e-004
 8.317000e+002  4.790424e-004
 8.323187e+002  4.800781e-004
 8.329375e+002  4.970763e-004
 8.335562e+002  4.852744e-004
 8.341750e+002  5.213324e-004
 8.347937e+002  5.270837e-004
 8.354125e+002  4.321975e-004
 8.360312e+002  4.405218e-004
 8.366500e+002  4.959683e-004
 8.372687e+002  5.365588e-004
 8.378875e+002  5.215735e-004
 8.385062e+002  5.600665e-004
 8.391250e+002  5.096798e-004
 8.397437e+002  4.713833e-004
 8.403625e+002  4.986547e-004
 8.409812e+002  5.593623e-004
 8.416000e+002  5.316900e-004
 8.422187e+002  4.783507e-004
 8.428375e+002  5.267827e-004
 8.434562e+002  5.404948e-004
 8.440750e+002  5.562935e-004
 8.446937e+002  4.818669e-004
 8.453125e+002  4.966808e-004
 8.459312e+002  5.318149e-004
 8.465500e+002  5.205379e-004
 8.471687e+002  5.784690e-004
 8.477875e+002  5.260601e-004
 8.484062e+002  4.134945e-004
 8.490250e+002  5.298768e-004
 8.496437e+002  9.454464e-004
 8.502625e+002  9.257074e-004
 8.508812e+002  5.188831e-004
 8.515000e+002  5.327488e-004
 8.521187e+002  4.881795e-004
 8.527375e+002  4.548314e-004
 8.533562e+002  4.764891e-004
 8.539750e+002  5.033766e-004
 8.545937e+002  4.472141e-004
 8.552125e+002  5.412814e-004
 8.558312e+002  5.177832e-004
 8.564500e+002  5.501556e-004
 8.570687e+002  6.666078e-004
 8.576875e+002  5.769424e-004
 8.583062e+002  5.278361e-004
 8.589250e+002  5.822377e-004
 8.595437e+002  5.823720e-004
 8.601625e+002  4.735863e-004
 8.607812e+002  5.650610e-004
 8.614000e+002  5.561757e-004
 8.620187e+002  5.021437e-004
 8.626375e+002  4.649675e-004
 8.632562e+002  5.162454e-004
 8.638750e+002  5.878393e-004
 8.644937e+002  5.696677e-004
 8.651125e+002  5.391184e-004
 8.657312e+002  5.537965e-004
 8.663500e+002  5.835482e-004
 8.669687e+002  5.824211e-004
 8.675875e+002  5.190671e-004
 8.682062e+002  4.622192e-004
 8.688250e+002  5.186558e-004
 8.694437e+002  5.052451e-004
 8.700625e+002  4.557295e-004
 8.706812e+002  4.600134e-004
 8.713000e+002  4.479915e-004
 8.719187e+002  4.795775e-004
 8.725375e+002  4.947154e-004
 8.731562e+002  4.953510e-004
 8.737750e+002  4.336392e-004
 8.743937e+002  4.603133e-004
 8.750125e+002  5.748856e-004
 8.756312e+002  5.122164e-004
 8.762500e+002  4.824044e-004
 8.768687e+002  4.984875e-004
 8.774875e+002  4.300441e-004
 8.781062e+002  5.034342e-004
 8.787250e+002  4.910017e-004
 8.793437e+002  4.705467e-004
 8.799625e+002  4.449126e-004
 8.805812e+002  4.765579e-004
 8.812000e+002  6.086846e-004
 8.818187e+002  5.981033e-004
 8.824375e+002  5.038362e-004
 8.830562e+002  5.286291e-004
 8.836750e+002  5.055317e-004
 8.842937e+002  5.598811e-004
 8.849125e+002  5.575920e-004
 8.855312e+002  5.258771e-004
 8.861500e+002  5.453677e-004
 8.867687e+002  4.862264e-004
 8.873875e+002  4.976345e-004
 8.880062e+002  5.504868e-004
 8.886250e+002  4.833386e-004
 8.892437e+002  5.377760e-004
 8.898625e+002  5.709343e-004
 8.904812e+002  5.131864e-004
 8.911000e+002  4.805975e-004
 8.917187e+002  5.402440e-004
 8.923375e+002  5.143937e-004
 8.929562e+002  5.484280e-004
 8.935750e+002  4.896085e-004
 8.941937e+002  4.756493e-004
 8.948125e+002  5.397587e-004
 8.954312e+002  4.958482e-004
 8.960500e+002  5.004196e-004
 8.966687e+002  5.355005e-004
 8.972875e+002  5.354021e-004
 8.979062e+002  5.077179e-004
 8.985250e+002  5.037285e-004
 8.991437e+002  5.055555e-004
 8.997625e+002  5.600601e-004
 9.003812e+002  5.810471e-004
 9.010000e+002  6.094929e-004
 9.016187e+002  5.825229e-004
 9.022375e+002  4.371887e-004
 9.028562e+002  4.543461e-004
 9.034750e+002  5.270980e-004
 9.040937e+002  6.262334e-004
 9.047125e+002  6.065138e-004
 9.053312e+002  5.058375e-004
 9.059500e+002  4.782218e-004
 9.065687e+002  4.629257e-004
 9.071875e+002  5.038339e-004
 9.078062e+002  5.124909e-004
 9.084250e+002  5.869206e-004
 9.090437e+002  2.152418e-003
 9.096625e+002  2.872487e-003
 9.102812e+002  9.849499e-004
 9.109000e+002  4.920340e-004
 9.115187e+002  5.043170e-004
 9.121375e+002  5.175393e-004
 9.127562e+002  5.139396e-004
 9.133750e+002  4.232909e-004
 9.139937e+002  4.341648e-004
 9.146125e+002  3.893694e-004
 9.152312e+002  4.585762e-004
 9.158500e+002  6.249973e-004
 9.164687e+002  6.231872e-004
 9.170875e+002  5.933719e-004
 9.177062e+002  5.511234e-004
 9.183250e+002  4.477162e-004
 9.189437e+002  5.189721e-004
 9.195625e+002  5.854823e-004
 9.201812e+002  5.456420e-004
 9.208000e+002  6.223948e-004
 9.214187e+002  6.089840e-004
 9.220375e+002  6.635374e-004
 9.226562e+002  7.018773e-004
 9.232750e+002  5.017987e-004
 9.238937e+002  4.567709e-004
 9.245125e+002  5.530975e-004
 9.251312e+002  5.365590e-004
 9.257500e+002  5.374856e-004
 9.263687e+002  4.637266e-004
 9.269875e+002  5.157714e-004
 9.276062e+002  5.980412e-004
 9.282250e+002  5.452843e-004
 9.288437e+002  5.298191e-004
 9.294625e+002  5.494239e-004
 9.300812e+002  6.121712e-004
 9.307000e+002  5.696450e-004
 9.313187e+002  5.711391e-004
 9.319375e+002  5.267573e-004
 9.325562e+002  5.358856e-004
 9.331750e+002  4.251669e-004
 9.337937e+002  4.813534e-004
 9.344125e+002  5.223532e-004
 9.350312e+002  5.872446e-004
 9.356500e+002  5.588399e-004
 9.362687e+002  5.044433e-004
 9.368875e+002  5.527867e-004
 9.375062e+002  4.459520e-004
 9.381250e+002  4.780919e-004
 9.387437e+002  5.251536e-004
 9.393625e+002  5.041417e-004
 9.399812e+002  4.878896e-004
 9.406000e+002  5.200037e-004
 9.412187e+002  4.827044e-004
 9.418375e+002  4.782564e-004
 9.424562e+002  4.942569e-004
 9.430750e+002  5.415780e-004
 9.436937e+002  4.740710e-004
 9.443125e+002  5.091424e-004
 9.449312e+002  4.973575e-004
 9.455500e+002  4.135268e-004
 9.461687e+002  4.337199e-004
 9.467875e+002  5.029698e-004
 9.474062e+002  5.580110e-004
 9.480250e+002  5.601198e-004
 9.486437e+002  5.453639e-004
 9.492625e+002  6.673928e-004
 9.498812e+002  9.900034e-004
 9.505000e+002  6.415777e-004
 9.511187e+002  4.642639e-004
 9.517375e+002  4.171577e-004
 9.523562e+002  4.497714e-004
 9.529750e+002  5.913409e-004
 9.535937e+002  5.926750e-004
 9.542125e+002  5.834391e-004
 9.548312e+002  5.633115e-004
 9.554500e+002  5.293008e-004
 9.560687e+002  4.486604e-004
 9.566875e+002  4.689219e-004
 9.573062e+002  4.889904e-004
 9.579250e+002  5.202478e-004
 9.585437e+002  5.019485e-004
 9.591625e+002  4.598163e-004
 9.597812e+002  5.005607e-004
 9.604000e+002  4.779924e-004
 9.610187e+002  4.446131e-004
 9.616375e+002  4.434482e-004
 9.622562e+002  5.379986e-004
 9.628750e+002  5.954366e-004
 9.634937e+002  5.097440e-004
 9.641125e+002  5.288536e-004
 9.647312e+002  5.195569e-004
 9.653500e+002  5.089177e-004
 9.659687e+002  4.822945e-004
 9.665875e+002  4.586283e-004
 9.672062e+002  4.854043e-004
 9.678250e+002  4.971752e-004
 9.684437e+002  5.069531e-004
 9.690625e+002  5.344486e-004
 9.696812e+002  5.311009e-004
 9.703000e+002  4.783169e-004
 9.709187e+002  5.511195e-004
 9.715375e+002  5.509926e-004
 9.721562e+002  5.259806e-004
 9.727750e+002  5.054850e-004
 9.733937e+002  5.883661e-004
 9.740125e+002  4.256571e-004
 9.746312e+002  4.958567e-004
 9.752500e+002  4.936111e-004
 9.758687e+002  5.229314e-004
 9.764875e+002  4.711089e-004
 9.771062e+002  4.734497e-004
 9.777250e+002  5.258848e-004
 9.783437e+002  6.052389e-004
 9.789625e+002  5.327621e-004
 9.795812e+002  4.656220e-004
 9.802000e+002  4.990013e-004
 9.808187e+002  5.165283e-004
 9.814375e+002  5.342293e-004
 9.820562e+002  5.654888e-004
 9.826750e+002  4.586617e-004
 9.832937e+002  4.694140e-004
 9.839125e+002  5.054636e-004
 9.845312e+002  4.977743e-004
 9.851500e+002  4.310173e-004
 9.857687e+002  4.930413e-004
 9.863875e+002  5.481395e-004
 9.870062e+002  5.657303e-004
 9.876250e+002  5.229605e-004
 9.882437e+002  4.809528e-004
 9.888625e+002  5.459778e-004
 9.894812e+002  4.658973e-004
 9.901000e+002  5.645882e-004
 9.907187e+002  5.882337e-004
 9.913375e+002  4.598466e-004
 9.919562e+002  5.434041e-004
 9.925750e+002  5.297862e-004
 9.931937e+002  4.692529e-004
 9.938125e+002  4.946697e-004
 9.944312e+002  4.915119e-004
 9.950500e+002  5.174331e-004
 9.956687e+002  5.028728e-004
 9.962875e+002  4.895780e-004
 9.969062e+002  4.291405e-004
 9.975250e+002  4.673974e-004
 9.981437e+002  5.076851e-004
 9.987625e+002  5.831851e-004
 9.993812e+002  5.362352e-004
 1.000000e+003  4.941543e-004
