 1.000000e+000  1.474531e-003
 1.247500e+000  1.365740e-003
 1.495000e+000  1.326057e-003
 1.742500e+000  1.217814e-003
 1.990000e+000  1.200422e-003
 2.237500e+000  1.200402e-003
 2.485000e+000  1.120303e-003
 2.732500e+000  1.114618e-003
 2.980000e+000  1.215288e-003
 3.227500e+000  1.081611e-003
 3.475000e+000  8.714419e-004
 3.722500e+000  8.585054e-004
 3.970000e+000  8.731270e-004
 4.217500e+000  1.022223e-003
 4.465000e+000  9.788547e-004
 4.712500e+000  8.492729e-004
 4.960000e+000  8.982189e-004
 5.207500e+000  8.695087e-004
 5.455000e+000  8.828017e-004
 5.702500e+000  8.691265e-004
 5.950000e+000  8.575080e-004
 6.197500e+000  7.548311e-004
 6.445000e+000  7.448449e-004
 6.692500e+000  8.350462e-004
 6.940000e+000  8.646152e-004
 7.187500e+000  8.544464e-004
 7.435000e+000  8.593252e-004
 7.682500e+000  9.991048e-004
 7.930000e+000  1.086869e-003
 8.177500e+000  7.903200e-004
 8.425000e+000  7.432966e-004
 8.672500e+000  7.450898e-004
 8.920000e+000  7.597862e-004
 9.167500e+000  1.005838e-003
 9.415000e+000  9.413436e-004
 9.662500e+000  8.940961e-004
 9.910000e+000  8.496850e-004
 1.015750e+001  7.500421e-004
 1.040500e+001  7.447640e-004
 1.065250e+001  7.748998e-004
 1.090000e+001  8.178484e-004
 1.114750e+001  7.574849e-004
 1.139500e+001  8.347067e-004
 1.164250e+001  8.539230e-004
 1.189000e+001  7.931045e-004
 1.213750e+001  1.033203e-003
 1.238500e+001  8.499139e-004
 1.263250e+001  7.140212e-004
 1.288000e+001  7.191892e-004
 1.312750e+001  6.810192e-004
 1.337500e+001  7.555416e-004
 1.362250e+001  7.858490e-004
 1.387000e+001  6.809812e-004
 1.411750e+001  7.483750e-004
 1.436500e+001  7.145120e-004
 1.461250e+001  7.491408e-004
 1.486000e+001  7.829944e-004
 1.510750e+001  8.056909e-004
 1.535500e+001  7.629230e-004
 1.560250e+001  8.408092e-004
 1.585000e+001  8.835435e-004
 1.609750e+001  7.744878e-004
 1.634500e+001  6.927120e-004
 1.659250e+001  6.910279e-004
 1.684000e+001  7.438805e-004
 1.708750e+001  9.215289e-004
 1.733500e+001  8.639026e-004
 1.758250e+001  9.429072e-004
 1.783000e+001  1.239113e-003
 1.807750e+001  9.756468e-004
 1.832500e+001  6.565407e-004
 1.857250e+001  6.309450e-004
 1.882000e+001  6.578668e-004
 1.906750e+001  6.510812e-004
 1.931500e+001  6.581986e-004
 1.956250e+001  7.175838e-004
 1.981000e+001  6.606354e-004
 2.005750e+001  6.351075e-004
 2.030500e+001  6.569351e-004
 2.055250e+001  7.191481e-004
 2.080000e+001  7.420613e-004
 2.104750e+001  6.831837e-004
 2.129500e+001  6.517491e-004
 2.154250e+001  6.080459e-004
 2.179000e+001  6.017415e-004
 2.203750e+001  6.046575e-004
 2.228500e+001  6.585378e-004
 2.253250e+001  6.206029e-004
 2.278000e+001  6.115223e-004
 2.302750e+001  6.581991e-004
 2.327500e+001  6.582422e-004
 2.352250e+001  6.769640e-004
 2.377000e+001  6.972667e-004
 2.401750e+001  6.986057e-004
 2.426500e+001  7.692988e-004
 2.451250e+001  6.530530e-004
 2.476000e+001  6.220984e-004
 2.500750e+001  6.105837e-004
 2.525500e+001  5.472389e-004
 2.550250e+001  6.280954e-004
 2.575000e+001  6.931045e-004
 2.599750e+001  6.918684e-004
 2.624500e+001  6.688400e-004
 2.649250e+001  6.189420e-004
 2.674000e+001  6.045298e-004
 2.698750e+001  6.867430e-004
 2.723500e+001  6.162624e-004
 2.748250e+001  6.728352e-004
 2.773000e+001  8.623168e-004
 2.797750e+001  8.811669e-004
 2.822500e+001  6.358935e-004
 2.847250e+001  5.873991e-004
 2.872000e+001  5.161676e-004
 2.896750e+001  5.291485e-004
 2.921500e+001  6.907452e-004
 2.946250e+001  6.494953e-004
 2.971000e+001  6.269874e-004
 2.995750e+001  6.028767e-004
 3.020500e+001  5.809010e-004
 3.045250e+001  5.172995e-004
 3.070000e+001  5.890866e-004
 3.094750e+001  6.147087e-004
 3.119500e+001  5.661008e-004
 3.144250e+001  5.715518e-004
 3.169000e+001  5.697482e-004
 3.193750e+001  5.260675e-004
 3.218500e+001  6.585527e-004
 3.243250e+001  5.268174e-004
 3.268000e+001  5.568381e-004
 3.292750e+001  5.562189e-004
 3.317500e+001  5.391469e-004
 3.342250e+001  5.760166e-004
 3.367000e+001  5.657204e-004
 3.391750e+001  4.757003e-004
 3.416500e+001  4.434501e-004
 3.441250e+001  4.537122e-004
 3.466000e+001  5.027852e-004
 3.490750e+001  4.827351e-004
 3.515500e+001  5.119255e-004
 3.540250e+001  5.627140e-004
 3.565000e+001  9.317369e-004
 3.589750e+001  9.005988e-004
 3.614500e+001  5.012192e-004
 3.639250e+001  4.475100e-004
 3.664000e+001  4.483631e-004
 3.688750e+001  4.929119e-004
 3.713500e+001  6.027311e-004
 3.738250e+001  4.824625e-004
 3.763000e+001  4.644806e-004
 3.787750e+001  5.115713e-004
 3.812500e+001  4.846867e-004
 3.837250e+001  5.097166e-004
 3.862000e+001  4.984026e-004
 3.886750e+001  4.686597e-004
 3.911500e+001  4.764684e-004
 3.936250e+001  4.634798e-004
 3.961000e+001  4.666179e-004
 3.985750e+001  5.037369e-004
 4.010500e+001  4.977235e-004
 4.035250e+001  4.333035e-004
 4.060000e+001  4.537155e-004
 4.084750e+001  4.457326e-004
 4.109500e+001  4.425744e-004
 4.134250e+001  4.532726e-004
 4.159000e+001  4.579070e-004
 4.183750e+001  4.425905e-004
 4.208500e+001  4.119871e-004
 4.233250e+001  4.215945e-004
 4.258000e+001  4.038067e-004
 4.282750e+001  4.515515e-004
 4.307500e+001  5.242838e-004
 4.332250e+001  4.927998e-004
 4.357000e+001  4.687171e-004
 4.381750e+001  4.671928e-004
 4.406500e+001  4.469176e-004
 4.431250e+001  5.177070e-004
 4.456000e+001  4.922522e-004
 4.480750e+001  4.103147e-004
 4.505500e+001  4.393887e-004
 4.530250e+001  4.069551e-004
 4.555000e+001  3.982155e-004
 4.579750e+001  3.604684e-004
 4.604500e+001  4.223237e-004
 4.629250e+001  4.362858e-004
 4.654000e+001  4.208503e-004
 4.678750e+001  4.249369e-004
 4.703500e+001  3.946534e-004
 4.728250e+001  3.887637e-004
 4.753000e+001  4.079827e-004
 4.777750e+001  4.833558e-004
 4.802500e+001  5.040983e-004
 4.827250e+001  3.521703e-004
 4.852000e+001  3.966871e-004
 4.876750e+001  3.908231e-004
 4.901500e+001  4.271508e-004
 4.926250e+001  5.543642e-004
 4.951000e+001  5.061145e-004
 4.975750e+001  6.150645e-003
 5.000500e+001  1.348384e-002
 5.025250e+001  7.415012e-003
 5.050000e+001  4.639108e-004
 5.074750e+001  4.294279e-004
 5.099500e+001  4.011120e-004
 5.124250e+001  3.817596e-004
 5.149000e+001  3.783473e-004
 5.173750e+001  4.053894e-004
 5.198500e+001  3.656907e-004
 5.223250e+001  4.159220e-004
 5.248000e+001  3.990654e-004
 5.272750e+001  3.843426e-004
 5.297500e+001  4.049880e-004
 5.322250e+001  3.616205e-004
 5.347000e+001  4.882251e-004
 5.371750e+001  5.354123e-004
 5.396500e+001  3.958948e-004
 5.421250e+001  3.823155e-004
 5.446000e+001  3.567523e-004
 5.470750e+001  3.645183e-004
 5.495500e+001  3.767212e-004
 5.520250e+001  3.648907e-004
 5.545000e+001  3.729062e-004
 5.569750e+001  3.681413e-004
 5.594500e+001  3.671271e-004
 5.619250e+001  3.233166e-004
 5.644000e+001  3.293691e-004
 5.668750e+001  3.715065e-004
 5.693500e+001  3.844608e-004
 5.718250e+001  4.331216e-004
 5.743000e+001  3.703308e-004
 5.767750e+001  3.288753e-004
 5.792500e+001  3.756424e-004
 5.817250e+001  3.904213e-004
 5.842000e+001  3.571640e-004
 5.866750e+001  3.566265e-004
 5.891500e+001  3.532266e-004
 5.916250e+001  3.090487e-004
 5.941000e+001  3.349553e-004
 5.965750e+001  3.676711e-004
 5.990500e+001  4.358964e-004
 6.015250e+001  4.032716e-004
 6.040000e+001  3.602286e-004
 6.064750e+001  3.495878e-004
 6.089500e+001  3.459299e-004
 6.114250e+001  3.641315e-004
 6.139000e+001  3.453513e-004
 6.163750e+001  3.329258e-004
 6.188500e+001  3.415157e-004
 6.213250e+001  3.419221e-004
 6.238000e+001  3.375823e-004
 6.262750e+001  3.209929e-004
 6.287500e+001  3.560633e-004
 6.312250e+001  3.613991e-004
 6.337000e+001  3.612483e-004
 6.361750e+001  3.877762e-004
 6.386500e+001  3.628647e-004
 6.411250e+001  3.406679e-004
 6.436000e+001  3.777540e-004
 6.460750e+001  3.778126e-004
 6.485500e+001  3.615434e-004
 6.510250e+001  3.553802e-004
 6.535000e+001  3.617653e-004
 6.559750e+001  3.424452e-004
 6.584500e+001  3.347198e-004
 6.609250e+001  3.645692e-004
 6.634000e+001  3.407835e-004
 6.658750e+001  3.095174e-004
 6.683500e+001  3.314655e-004
 6.708250e+001  3.314869e-004
 6.733000e+001  3.214411e-004
 6.757750e+001  3.235806e-004
 6.782500e+001  4.000913e-004
 6.807250e+001  4.202384e-004
 6.832000e+001  3.275771e-004
 6.856750e+001  3.328317e-004
 6.881500e+001  3.370416e-004
 6.906250e+001  3.312063e-004
 6.931000e+001  4.352116e-004
 6.955750e+001  3.734952e-004
 6.980500e+001  3.505364e-004
 7.005250e+001  3.665309e-004
 7.030000e+001  3.380781e-004
 7.054750e+001  2.826923e-004
 7.079500e+001  3.009172e-004
 7.104250e+001  3.263812e-004
 7.129000e+001  3.600709e-004
 7.153750e+001  4.180806e-004
 7.178500e+001  3.515036e-004
 7.203250e+001  3.436529e-004
 7.228000e+001  3.665866e-004
 7.252750e+001  3.326476e-004
 7.277500e+001  3.140128e-004
 7.302250e+001  3.119471e-004
 7.327000e+001  3.160323e-004
 7.351750e+001  3.204565e-004
 7.376500e+001  3.050760e-004
 7.401250e+001  3.335366e-004
 7.426000e+001  3.417519e-004
 7.450750e+001  3.071903e-004
 7.475500e+001  2.738922e-004
 7.500250e+001  3.018967e-004
 7.525000e+001  3.303108e-004
 7.549750e+001  3.267906e-004
 7.574500e+001  3.541453e-004
 7.599250e+001  3.434229e-004
 7.624000e+001  3.233450e-004
 7.648750e+001  3.245618e-004
 7.673500e+001  3.147243e-004
 7.698250e+001  3.535789e-004
 7.723000e+001  3.766125e-004
 7.747750e+001  3.291483e-004
 7.772500e+001  3.344302e-004
 7.797250e+001  3.291634e-004
 7.822000e+001  3.374830e-004
 7.846750e+001  3.642541e-004
 7.871500e+001  3.541656e-004
 7.896250e+001  3.388781e-004
 7.921000e+001  3.050266e-004
 7.945750e+001  3.335920e-004
 7.970500e+001  3.441372e-004
 7.995250e+001  3.423291e-004
 8.020000e+001  3.239688e-004
 8.044750e+001  3.179840e-004
 8.069500e+001  3.509235e-004
 8.094250e+001  3.998125e-004
 8.119000e+001  3.547954e-004
 8.143750e+001  3.360596e-004
 8.168500e+001  3.282460e-004
 8.193250e+001  3.115950e-004
 8.218000e+001  3.212951e-004
 8.242750e+001  3.160993e-004
 8.267500e+001  3.285322e-004
 8.292250e+001  3.189878e-004
 8.317000e+001  3.170180e-004
 8.341750e+001  3.332363e-004
 8.366500e+001  3.477653e-004
 8.391250e+001  3.161183e-004
 8.416000e+001  2.965685e-004
 8.440750e+001  2.872845e-004
 8.465500e+001  2.995296e-004
 8.490250e+001  3.416513e-004
 8.515000e+001  3.148235e-004
 8.539750e+001  2.936419e-004
 8.564500e+001  2.986019e-004
 8.589250e+001  3.165823e-004
 8.614000e+001  3.110477e-004
 8.638750e+001  3.008430e-004
 8.663500e+001  2.879187e-004
 8.688250e+001  2.973189e-004
 8.713000e+001  3.298829e-004
 8.737750e+001  3.240752e-004
 8.762500e+001  3.223380e-004
 8.787250e+001  3.643305e-004
 8.812000e+001  3.384727e-004
 8.836750e+001  3.077127e-004
 8.861500e+001  3.189875e-004
 8.886250e+001  2.966029e-004
 8.911000e+001  3.608630e-004
 8.935750e+001  4.634601e-004
 8.960500e+001  3.663706e-004
 8.985250e+001  3.232072e-004
 9.010000e+001  3.427613e-004
 9.034750e+001  3.329094e-004
 9.059500e+001  3.006246e-004
 9.084250e+001  3.405182e-004
 9.109000e+001  3.332216e-004
 9.133750e+001  3.141038e-004
 9.158500e+001  3.084038e-004
 9.183250e+001  3.340226e-004
 9.208000e+001  3.246672e-004
 9.232750e+001  3.253591e-004
 9.257500e+001  3.431979e-004
 9.282250e+001  3.316485e-004
 9.307000e+001  3.023231e-004
 9.331750e+001  2.934976e-004
 9.356500e+001  2.961298e-004
 9.381250e+001  2.936165e-004
 9.406000e+001  2.822849e-004
 9.430750e+001  3.098325e-004
 9.455500e+001  3.388296e-004
 9.480250e+001  2.981496e-004
 9.505000e+001  3.190805e-004
 9.529750e+001  3.178921e-004
 9.554500e+001  3.093380e-004
 9.579250e+001  3.172874e-004
 9.604000e+001  3.391698e-004
 9.628750e+001  3.170463e-004
 9.653500e+001  2.899630e-004
 9.678250e+001  3.040039e-004
 9.703000e+001  3.323325e-004
 9.727750e+001  3.453900e-004
 9.752500e+001  3.409188e-004
 9.777250e+001  3.303759e-004
 9.802000e+001  3.157896e-004
 9.826750e+001  2.490768e-004
 9.851500e+001  2.778323e-004
 9.876250e+001  3.172234e-004
 9.901000e+001  3.068192e-004
 9.925750e+001  2.914669e-004
 9.950500e+001  3.006553e-004
 9.975250e+001  5.347509e-004
 1.000000e+002  1.123525e-003
