 1.000000e+001  5.067994e-004
 1.061875e+001  5.187027e-004
 1.123750e+001  4.680449e-004
 1.185625e+001  4.655212e-004
 1.247500e+001  4.728505e-004
 1.309375e+001  4.176665e-004
 1.371250e+001  4.517827e-004
 1.433125e+001  4.320466e-004
 1.495000e+001  4.156953e-004
 1.556875e+001  4.564308e-004
 1.618750e+001  4.443051e-004
 1.680625e+001  4.525461e-004
 1.742500e+001  4.880093e-004
 1.804375e+001  4.854927e-004
 1.866250e+001  4.183500e-004
 1.928125e+001  3.763896e-004
 1.990000e+001  3.784448e-004
 2.051875e+001  3.790185e-004
 2.113750e+001  3.722581e-004
 2.175625e+001  3.753583e-004
 2.237500e+001  3.687998e-004
 2.299375e+001  3.785675e-004
 2.361250e+001  3.650482e-004
 2.423125e+001  3.824968e-004
 2.485000e+001  3.644951e-004
 2.546875e+001  3.510538e-004
 2.608750e+001  3.429905e-004
 2.670625e+001  3.429530e-004
 2.732500e+001  3.825604e-004
 2.794375e+001  4.261248e-004
 2.856250e+001  3.426934e-004
 2.918125e+001  3.606399e-004
 2.980000e+001  3.508413e-004
 3.041875e+001  3.295048e-004
 3.103750e+001  3.151268e-004
 3.165625e+001  3.085059e-004
 3.227500e+001  3.189836e-004
 3.289375e+001  2.959418e-004
 3.351250e+001  3.070714e-004
 3.413125e+001  2.901650e-004
 3.475000e+001  2.852462e-004
 3.536875e+001  3.672877e-004
 3.598750e+001  3.893785e-004
 3.660625e+001  2.937028e-004
 3.722500e+001  2.931826e-004
 3.784375e+001  2.747737e-004
 3.846250e+001  2.723976e-004
 3.908125e+001  2.598113e-004
 3.970000e+001  2.682641e-004
 4.031875e+001  2.775300e-004
 4.093750e+001  2.599415e-004
 4.155625e+001  2.516886e-004
 4.217500e+001  2.535870e-004
 4.279375e+001  2.454830e-004
 4.341250e+001  2.481637e-004
 4.403125e+001  2.563747e-004
 4.465000e+001  2.558098e-004
 4.526875e+001  2.470884e-004
 4.588750e+001  2.459089e-004
 4.650625e+001  2.500055e-004
 4.712500e+001  2.506341e-004
 4.774375e+001  2.630638e-004
 4.836250e+001  2.535424e-004
 4.898125e+001  4.221759e-004
 4.960000e+001  3.169341e-003
 5.021875e+001  4.209461e-003
 5.083750e+001  1.329797e-003
 5.145625e+001  2.570176e-004
 5.207500e+001  2.316851e-004
 5.269375e+001  2.196892e-004
 5.331250e+001  2.459253e-004
 5.393125e+001  2.533214e-004
 5.455000e+001  2.172298e-004
 5.516875e+001  2.191927e-004
 5.578750e+001  2.282717e-004
 5.640625e+001  2.215406e-004
 5.702500e+001  2.292112e-004
 5.764375e+001  2.200544e-004
 5.826250e+001  2.142400e-004
 5.888125e+001  2.096797e-004
 5.950000e+001  2.087497e-004
 6.011875e+001  2.248621e-004
 6.073750e+001  2.060065e-004
 6.135625e+001  2.012601e-004
 6.197500e+001  2.007060e-004
 6.259375e+001  2.082676e-004
 6.321250e+001  2.052697e-004
 6.383125e+001  1.961408e-004
 6.445000e+001  1.921936e-004
 6.506875e+001  1.892467e-004
 6.568750e+001  1.912930e-004
 6.630625e+001  1.978375e-004
 6.692500e+001  1.917488e-004
 6.754375e+001  2.010681e-004
 6.816250e+001  2.133324e-004
 6.878125e+001  2.086831e-004
 6.940000e+001  2.147634e-004
 7.001875e+001  1.928923e-004
 7.063750e+001  1.910557e-004
 7.125625e+001  2.055404e-004
 7.187500e+001  1.940070e-004
 7.249375e+001  1.901806e-004
 7.311250e+001  1.948848e-004
 7.373125e+001  1.819035e-004
 7.435000e+001  1.915502e-004
 7.496875e+001  1.975149e-004
 7.558750e+001  1.847092e-004
 7.620625e+001  1.756337e-004
 7.682500e+001  1.888545e-004
 7.744375e+001  1.973994e-004
 7.806250e+001  1.792963e-004
 7.868125e+001  1.815533e-004
 7.930000e+001  1.851894e-004
 7.991875e+001  1.885341e-004
 8.053750e+001  1.899322e-004
 8.115625e+001  1.807221e-004
 8.177500e+001  1.830661e-004
 8.239375e+001  1.969878e-004
 8.301250e+001  1.924707e-004
 8.363125e+001  1.853400e-004
 8.425000e+001  1.897031e-004
 8.486875e+001  1.875612e-004
 8.548750e+001  1.869680e-004
 8.610625e+001  1.904053e-004
 8.672500e+001  1.834207e-004
 8.734375e+001  1.786481e-004
 8.796250e+001  1.833478e-004
 8.858125e+001  1.845066e-004
 8.920000e+001  2.131288e-004
 8.981875e+001  1.920111e-004
 9.043750e+001  1.782393e-004
 9.105625e+001  1.818609e-004
 9.167500e+001  1.827231e-004
 9.229375e+001  1.827426e-004
 9.291250e+001  1.866826e-004
 9.353125e+001  1.796150e-004
 9.415000e+001  1.807451e-004
 9.476875e+001  1.813102e-004
 9.538750e+001  1.781803e-004
 9.600625e+001  1.755799e-004
 9.662500e+001  1.793166e-004
 9.724375e+001  1.831854e-004
 9.786250e+001  1.765596e-004
 9.848125e+001  1.774039e-004
 9.910000e+001  1.827778e-004
 9.971875e+001  3.465041e-004
 1.003375e+002  3.719504e-004
 1.009563e+002  1.929247e-004
 1.015750e+002  1.761816e-004
 1.021938e+002  1.765207e-004
 1.028125e+002  1.750512e-004
 1.034313e+002  1.747159e-004
 1.040500e+002  1.777758e-004
 1.046688e+002  1.799404e-004
 1.052875e+002  1.815512e-004
 1.059063e+002  1.896852e-004
 1.065250e+002  1.892506e-004
 1.071438e+002  1.835046e-004
 1.077625e+002  1.772384e-004
 1.083813e+002  1.720696e-004
 1.090000e+002  1.858405e-004
 1.096188e+002  1.819445e-004
 1.102375e+002  1.755692e-004
 1.108563e+002  1.795402e-004
 1.114750e+002  1.745212e-004
 1.120938e+002  1.723991e-004
 1.127125e+002  1.798670e-004
 1.133313e+002  1.755317e-004
 1.139500e+002  1.845130e-004
 1.145688e+002  1.947311e-004
 1.151875e+002  1.948094e-004
 1.158063e+002  1.807534e-004
 1.164250e+002  1.759074e-004
 1.170438e+002  1.813434e-004
 1.176625e+002  1.778932e-004
 1.182813e+002  1.776552e-004
 1.189000e+002  1.831466e-004
 1.195188e+002  1.907344e-004
 1.201375e+002  1.965531e-004
 1.207563e+002  1.796196e-004
 1.213750e+002  1.757158e-004
 1.219938e+002  1.781118e-004
 1.226125e+002  1.915371e-004
 1.232313e+002  2.003462e-004
 1.238500e+002  1.830903e-004
 1.244688e+002  1.863180e-004
 1.250875e+002  1.971806e-004
 1.257063e+002  1.948462e-004
 1.263250e+002  1.955259e-004
 1.269438e+002  1.842071e-004
 1.275625e+002  1.773764e-004
 1.281813e+002  1.782467e-004
 1.288000e+002  1.834389e-004
 1.294188e+002  1.862120e-004
 1.300375e+002  1.906675e-004
 1.306563e+002  1.890221e-004
 1.312750e+002  1.855465e-004
 1.318938e+002  1.792770e-004
 1.325125e+002  1.759781e-004
 1.331313e+002  1.807209e-004
 1.337500e+002  1.772266e-004
 1.343688e+002  1.838828e-004
 1.349875e+002  1.916617e-004
 1.356063e+002  1.923257e-004
 1.362250e+002  1.839197e-004
 1.368438e+002  1.879812e-004
 1.374625e+002  1.904636e-004
 1.380813e+002  1.906966e-004
 1.387000e+002  1.838040e-004
 1.393188e+002  1.835844e-004
 1.399375e+002  1.909139e-004
 1.405563e+002  1.844951e-004
 1.411750e+002  1.848573e-004
 1.417938e+002  1.937615e-004
 1.424125e+002  1.872248e-004
 1.430313e+002  1.849211e-004
 1.436500e+002  1.849556e-004
 1.442688e+002  1.809099e-004
 1.448875e+002  1.834570e-004
 1.455063e+002  1.862373e-004
 1.461250e+002  1.846707e-004
 1.467438e+002  1.862240e-004
 1.473625e+002  1.872729e-004
 1.479813e+002  1.850627e-004
 1.486000e+002  2.000712e-004
 1.492188e+002  5.873881e-004
 1.498375e+002  2.493126e-003
 1.504563e+002  2.379259e-003
 1.510750e+002  4.932019e-004
 1.516938e+002  2.057873e-004
 1.523125e+002  1.898398e-004
 1.529313e+002  1.897960e-004
 1.535500e+002  1.887092e-004
 1.541688e+002  1.982360e-004
 1.547875e+002  1.960780e-004
 1.554063e+002  1.920324e-004
 1.560250e+002  1.916603e-004
 1.566438e+002  1.921636e-004
 1.572625e+002  1.879820e-004
 1.578813e+002  1.925869e-004
 1.585000e+002  1.986677e-004
 1.591188e+002  1.869995e-004
 1.597375e+002  1.911836e-004
 1.603563e+002  1.942361e-004
 1.609750e+002  1.881968e-004
 1.615938e+002  1.903794e-004
 1.622125e+002  1.903466e-004
 1.628313e+002  1.932112e-004
 1.634500e+002  1.990089e-004
 1.640688e+002  1.940595e-004
 1.646875e+002  1.957847e-004
 1.653063e+002  1.936659e-004
 1.659250e+002  2.069291e-004
 1.665438e+002  2.131272e-004
 1.671625e+002  1.997529e-004
 1.677813e+002  1.975054e-004
 1.684000e+002  2.046989e-004
 1.690188e+002  2.036609e-004
 1.696375e+002  1.996748e-004
 1.702563e+002  2.007451e-004
 1.708750e+002  1.926817e-004
 1.714938e+002  1.878999e-004
 1.721125e+002  1.969853e-004
 1.727313e+002  1.992357e-004
 1.733500e+002  1.932325e-004
 1.739688e+002  1.914994e-004
 1.745875e+002  1.943468e-004
 1.752063e+002  2.010300e-004
 1.758250e+002  1.983111e-004
 1.764438e+002  1.922215e-004
 1.770625e+002  1.938421e-004
 1.776813e+002  1.956996e-004
 1.783000e+002  2.041574e-004
 1.789188e+002  2.074326e-004
 1.795375e+002  1.996205e-004
 1.801563e+002  1.997210e-004
 1.807750e+002  1.953340e-004
 1.813938e+002  1.981751e-004
 1.820125e+002  1.994171e-004
 1.826313e+002  1.996978e-004
 1.832500e+002  2.029801e-004
 1.838688e+002  2.104245e-004
 1.844875e+002  2.290837e-004
 1.851063e+002  2.084476e-004
 1.857250e+002  2.104858e-004
 1.863438e+002  2.231275e-004
 1.869625e+002  2.044791e-004
 1.875813e+002  2.054804e-004
 1.882000e+002  2.125069e-004
 1.888188e+002  2.199099e-004
 1.894375e+002  2.062018e-004
 1.900563e+002  1.998102e-004
 1.906750e+002  1.998907e-004
 1.912938e+002  1.975700e-004
 1.919125e+002  1.971419e-004
 1.925313e+002  2.072655e-004
 1.931500e+002  2.111887e-004
 1.937688e+002  2.074353e-004
 1.943875e+002  2.065746e-004
 1.950063e+002  2.095319e-004
 1.956250e+002  2.097989e-004
 1.962438e+002  2.106235e-004
 1.968625e+002  2.050838e-004
 1.974813e+002  2.119797e-004
 1.981000e+002  2.079480e-004
 1.987188e+002  2.099371e-004
 1.993375e+002  2.777459e-004
 1.999563e+002  6.582060e-004
 2.005750e+002  5.460096e-004
 2.011938e+002  2.239459e-004
 2.018125e+002  2.029234e-004
 2.024313e+002  2.201681e-004
 2.030500e+002  2.180081e-004
 2.036688e+002  2.193961e-004
 2.042875e+002  2.131875e-004
 2.049063e+002  2.032344e-004
 2.055250e+002  2.171337e-004
 2.061438e+002  2.221218e-004
 2.067625e+002  2.112529e-004
 2.073813e+002  2.133005e-004
 2.080000e+002  2.091017e-004
 2.086188e+002  2.000417e-004
 2.092375e+002  2.077543e-004
 2.098563e+002  2.143396e-004
 2.104750e+002  2.055973e-004
 2.110938e+002  2.002551e-004
 2.117125e+002  2.095288e-004
 2.123313e+002  2.076106e-004
 2.129500e+002  2.078365e-004
 2.135688e+002  2.183332e-004
 2.141875e+002  2.222921e-004
 2.148063e+002  2.112818e-004
 2.154250e+002  2.180995e-004
 2.160438e+002  2.151469e-004
 2.166625e+002  2.124793e-004
 2.172813e+002  2.141552e-004
 2.179000e+002  2.180280e-004
 2.185188e+002  2.142083e-004
 2.191375e+002  2.080966e-004
 2.197563e+002  2.209926e-004
 2.203750e+002  2.181961e-004
 2.209938e+002  2.146576e-004
 2.216125e+002  2.140259e-004
 2.222313e+002  2.080678e-004
 2.228500e+002  2.083114e-004
 2.234688e+002  2.248570e-004
 2.240875e+002  2.203237e-004
 2.247063e+002  2.075844e-004
 2.253250e+002  2.207863e-004
 2.259438e+002  2.417992e-004
 2.265625e+002  2.223000e-004
 2.271813e+002  2.039647e-004
 2.278000e+002  2.115102e-004
 2.284188e+002  2.117250e-004
 2.290375e+002  2.156940e-004
 2.296563e+002  2.113149e-004
 2.302750e+002  2.175903e-004
 2.308938e+002  2.136229e-004
 2.315125e+002  2.117590e-004
 2.321313e+002  2.111250e-004
 2.327500e+002  2.196839e-004
 2.333688e+002  2.212882e-004
 2.339875e+002  2.194987e-004
 2.346063e+002  2.159035e-004
 2.352250e+002  2.168834e-004
 2.358438e+002  2.183508e-004
 2.364625e+002  2.044625e-004
 2.370813e+002  2.048086e-004
 2.377000e+002  2.101971e-004
 2.383188e+002  2.116741e-004
 2.389375e+002  2.222834e-004
 2.395563e+002  2.288493e-004
 2.401750e+002  2.303308e-004
 2.407938e+002  2.221238e-004
 2.414125e+002  2.234149e-004
 2.420313e+002  2.184704e-004
 2.426500e+002  2.250193e-004
 2.432688e+002  2.254891e-004
 2.438875e+002  2.247382e-004
 2.445063e+002  2.190686e-004
 2.451250e+002  2.183246e-004
 2.457438e+002  2.336750e-004
 2.463625e+002  2.280820e-004
 2.469813e+002  2.149111e-004
 2.476000e+002  2.220062e-004
 2.482188e+002  2.329872e-004
 2.488375e+002  2.271194e-004
 2.494563e+002  3.188493e-004
 2.500750e+002  6.885944e-004
 2.506938e+002  4.985852e-004
 2.513125e+002  2.234359e-004
 2.519313e+002  2.159268e-004
 2.525500e+002  2.260785e-004
 2.531688e+002  2.322807e-004
 2.537875e+002  2.249296e-004
 2.544063e+002  2.268967e-004
 2.550250e+002  2.262615e-004
 2.556438e+002  2.242803e-004
 2.562625e+002  2.247815e-004
 2.568813e+002  2.301923e-004
 2.575000e+002  2.290072e-004
 2.581188e+002  2.301770e-004
 2.587375e+002  2.255069e-004
 2.593563e+002  2.273648e-004
 2.599750e+002  2.307622e-004
 2.605938e+002  2.322279e-004
 2.612125e+002  2.274561e-004
 2.618313e+002  2.217469e-004
 2.624500e+002  2.176348e-004
 2.630688e+002  2.163538e-004
 2.636875e+002  2.151966e-004
 2.643063e+002  2.230750e-004
 2.649250e+002  2.258404e-004
 2.655438e+002  2.262178e-004
 2.661625e+002  2.287286e-004
 2.667813e+002  2.121326e-004
 2.674000e+002  2.124132e-004
 2.680188e+002  2.123491e-004
 2.686375e+002  2.222280e-004
 2.692563e+002  2.233746e-004
 2.698750e+002  2.293224e-004
 2.704938e+002  2.276563e-004
 2.711125e+002  2.275139e-004
 2.717313e+002  2.267171e-004
 2.723500e+002  2.308629e-004
 2.729688e+002  2.272562e-004
 2.735875e+002  2.254091e-004
 2.742063e+002  2.206707e-004
 2.748250e+002  2.211144e-004
 2.754438e+002  2.242156e-004
 2.760625e+002  2.287510e-004
 2.766813e+002  2.225229e-004
 2.773000e+002  2.295772e-004
 2.779188e+002  2.325583e-004
 2.785375e+002  2.305973e-004
 2.791563e+002  2.212485e-004
 2.797750e+002  2.243020e-004
 2.803938e+002  2.270835e-004
 2.810125e+002  2.338563e-004
 2.816313e+002  2.282880e-004
 2.822500e+002  2.219854e-004
 2.828688e+002  2.224641e-004
 2.834875e+002  2.219658e-004
 2.841063e+002  2.252927e-004
 2.847250e+002  2.285075e-004
 2.853438e+002  2.376953e-004
 2.859625e+002  2.385314e-004
 2.865813e+002  2.322421e-004
 2.872000e+002  2.274490e-004
 2.878188e+002  2.235899e-004
 2.884375e+002  2.265681e-004
 2.890563e+002  2.211646e-004
 2.896750e+002  2.182392e-004
 2.902938e+002  2.287987e-004
 2.909125e+002  2.389247e-004
 2.915313e+002  2.298948e-004
 2.921500e+002  2.272438e-004
 2.927688e+002  2.280548e-004
 2.933875e+002  2.319345e-004
 2.940063e+002  2.264288e-004
 2.946250e+002  2.281659e-004
 2.952438e+002  2.298762e-004
 2.958625e+002  2.208308e-004
 2.964813e+002  2.217776e-004
 2.971000e+002  2.256294e-004
 2.977188e+002  2.201057e-004
 2.983375e+002  2.314038e-004
 2.989563e+002  2.257927e-004
 2.995750e+002  2.651506e-004
 3.001938e+002  4.019466e-004
 3.008125e+002  2.980650e-004
 3.014313e+002  2.444506e-004
 3.020500e+002  3.642268e-004
 3.026688e+002  2.734290e-003
 3.032875e+002  3.684874e-003
 3.039063e+002  1.222243e-003
 3.045250e+002  3.065507e-004
 3.051438e+002  2.398591e-004
 3.057625e+002  2.434456e-004
 3.063813e+002  2.444813e-004
 3.070000e+002  2.398111e-004
 3.076188e+002  2.334936e-004
 3.082375e+002  2.240404e-004
 3.088563e+002  2.369117e-004
 3.094750e+002  2.349306e-004
 3.100938e+002  2.266046e-004
 3.107125e+002  2.295823e-004
 3.113313e+002  2.348739e-004
 3.119500e+002  2.345507e-004
 3.125688e+002  2.463716e-004
 3.131875e+002  2.403367e-004
 3.138063e+002  2.290355e-004
 3.144250e+002  2.313613e-004
 3.150437e+002  2.296800e-004
 3.156625e+002  2.207641e-004
 3.162812e+002  2.216780e-004
 3.169000e+002  2.431024e-004
 3.175187e+002  2.364077e-004
 3.181375e+002  2.287717e-004
 3.187562e+002  2.258157e-004
 3.193750e+002  2.347828e-004
 3.199937e+002  2.357559e-004
 3.206125e+002  2.254903e-004
 3.212312e+002  2.376196e-004
 3.218500e+002  2.233177e-004
 3.224687e+002  2.255498e-004
 3.230875e+002  2.318363e-004
 3.237062e+002  2.380742e-004
 3.243250e+002  2.389970e-004
 3.249437e+002  2.254634e-004
 3.255625e+002  2.301313e-004
 3.261812e+002  2.350662e-004
 3.268000e+002  2.365918e-004
 3.274187e+002  2.319575e-004
 3.280375e+002  2.234427e-004
 3.286562e+002  2.169048e-004
 3.292750e+002  2.304626e-004
 3.298937e+002  2.236474e-004
 3.305125e+002  2.229867e-004
 3.311312e+002  2.297374e-004
 3.317500e+002  2.429016e-004
 3.323687e+002  2.496102e-004
 3.329875e+002  2.220199e-004
 3.336062e+002  2.267595e-004
 3.342250e+002  2.416101e-004
 3.348437e+002  2.384019e-004
 3.354625e+002  2.367055e-004
 3.360812e+002  2.400942e-004
 3.367000e+002  2.380513e-004
 3.373187e+002  2.299407e-004
 3.379375e+002  2.390702e-004
 3.385562e+002  2.387324e-004
 3.391750e+002  2.304030e-004
 3.397937e+002  2.215149e-004
 3.404125e+002  2.195823e-004
 3.410312e+002  2.375970e-004
 3.416500e+002  2.472820e-004
 3.422687e+002  2.472098e-004
 3.428875e+002  2.344134e-004
 3.435062e+002  2.314852e-004
 3.441250e+002  2.327320e-004
 3.447437e+002  2.370421e-004
 3.453625e+002  2.258458e-004
 3.459812e+002  2.353545e-004
 3.466000e+002  2.428258e-004
 3.472187e+002  2.332678e-004
 3.478375e+002  2.395592e-004
 3.484562e+002  2.443126e-004
 3.490750e+002  2.425666e-004
 3.496937e+002  5.898055e-004
 3.503125e+002  1.034317e-003
 3.509312e+002  5.481808e-004
 3.515500e+002  2.333976e-004
 3.521687e+002  2.490832e-004
 3.527875e+002  2.449125e-004
 3.534062e+002  2.285814e-004
 3.540250e+002  2.316199e-004
 3.546437e+002  2.376575e-004
 3.552625e+002  2.360658e-004
 3.558812e+002  2.360385e-004
 3.565000e+002  2.437028e-004
 3.571187e+002  2.499828e-004
 3.577375e+002  2.401704e-004
 3.583562e+002  2.366330e-004
 3.589750e+002  2.299424e-004
 3.595937e+002  2.247607e-004
 3.602125e+002  2.481022e-004
 3.608312e+002  2.368269e-004
 3.614500e+002  2.401517e-004
 3.620687e+002  2.344127e-004
 3.626875e+002  2.343932e-004
 3.633062e+002  2.353519e-004
 3.639250e+002  2.426852e-004
 3.645437e+002  2.370696e-004
 3.651625e+002  2.409024e-004
 3.657812e+002  2.408127e-004
 3.664000e+002  2.436285e-004
 3.670187e+002  2.391121e-004
 3.676375e+002  2.379309e-004
 3.682562e+002  2.478002e-004
 3.688750e+002  2.655370e-004
 3.694937e+002  2.529417e-004
 3.701125e+002  2.413828e-004
 3.707312e+002  2.382537e-004
 3.713500e+002  2.380859e-004
 3.719687e+002  2.499047e-004
 3.725875e+002  2.560178e-004
 3.732062e+002  2.459252e-004
 3.738250e+002  2.411058e-004
 3.744437e+002  2.500178e-004
 3.750625e+002  2.411829e-004
 3.756812e+002  2.384707e-004
 3.763000e+002  2.460173e-004
 3.769187e+002  2.410195e-004
 3.775375e+002  2.419565e-004
 3.781562e+002  2.479012e-004
 3.787750e+002  2.438197e-004
 3.793937e+002  2.469026e-004
 3.800125e+002  2.325812e-004
 3.806312e+002  2.274232e-004
 3.812500e+002  2.420468e-004
 3.818687e+002  2.520101e-004
 3.824875e+002  2.456279e-004
 3.831062e+002  2.428293e-004
 3.837250e+002  2.488252e-004
 3.843437e+002  2.529288e-004
 3.849625e+002  2.453328e-004
 3.855812e+002  2.420117e-004
 3.862000e+002  2.432760e-004
 3.868187e+002  2.468545e-004
 3.874375e+002  2.527166e-004
 3.880562e+002  2.421047e-004
 3.886750e+002  2.376508e-004
 3.892937e+002  2.408547e-004
 3.899125e+002  2.496446e-004
 3.905312e+002  2.440784e-004
 3.911500e+002  2.377512e-004
 3.917687e+002  2.406435e-004
 3.923875e+002  2.484785e-004
 3.930062e+002  2.426124e-004
 3.936250e+002  2.371193e-004
 3.942437e+002  2.380275e-004
 3.948625e+002  2.362566e-004
 3.954812e+002  2.403899e-004
 3.961000e+002  2.455563e-004
 3.967187e+002  2.445537e-004
 3.973375e+002  2.352367e-004
 3.979562e+002  2.309626e-004
 3.985750e+002  2.442688e-004
 3.991937e+002  2.437360e-004
 3.998125e+002  3.414096e-004
 4.004312e+002  4.491275e-004
 4.010500e+002  2.847850e-004
 4.016687e+002  2.535195e-004
 4.022875e+002  2.539627e-004
 4.029062e+002  2.494930e-004
 4.035250e+002  2.388976e-004
 4.041437e+002  2.378048e-004
 4.047625e+002  2.440651e-004
 4.053812e+002  2.391560e-004
 4.060000e+002  2.462301e-004
 4.066187e+002  2.505365e-004
 4.072375e+002  2.563948e-004
 4.078562e+002  2.362502e-004
 4.084750e+002  2.404144e-004
 4.090937e+002  2.482480e-004
 4.097125e+002  2.338951e-004
 4.103312e+002  2.456553e-004
 4.109500e+002  2.481870e-004
 4.115687e+002  2.423769e-004
 4.121875e+002  2.609562e-004
 4.128062e+002  2.465072e-004
 4.134250e+002  2.394544e-004
 4.140437e+002  2.388666e-004
 4.146625e+002  2.384820e-004
 4.152812e+002  2.423181e-004
 4.159000e+002  2.495771e-004
 4.165187e+002  2.482676e-004
 4.171375e+002  2.548840e-004
 4.177562e+002  2.448497e-004
 4.183750e+002  2.431453e-004
 4.189937e+002  2.396287e-004
 4.196125e+002  2.317884e-004
 4.202312e+002  2.491974e-004
 4.208500e+002  2.464173e-004
 4.214687e+002  2.438382e-004
 4.220875e+002  2.413853e-004
 4.227062e+002  2.340353e-004
 4.233250e+002  2.370292e-004
 4.239437e+002  2.368305e-004
 4.245625e+002  2.451925e-004
 4.251812e+002  2.409538e-004
 4.258000e+002  2.426978e-004
 4.264187e+002  2.457110e-004
 4.270375e+002  2.422883e-004
 4.276562e+002  2.441946e-004
 4.282750e+002  2.461404e-004
 4.288937e+002  2.441042e-004
 4.295125e+002  2.407979e-004
 4.301312e+002  2.623315e-004
 4.307500e+002  2.580661e-004
 4.313687e+002  2.415001e-004
 4.319875e+002  2.509207e-004
 4.326062e+002  2.499735e-004
 4.332250e+002  2.445352e-004
 4.338437e+002  2.375673e-004
 4.344625e+002  2.302568e-004
 4.350812e+002  2.338731e-004
 4.357000e+002  2.460171e-004
 4.363187e+002  2.491545e-004
 4.369375e+002  2.422504e-004
 4.375562e+002  2.435394e-004
 4.381750e+002  2.377704e-004
 4.387937e+002  2.442067e-004
 4.394125e+002  2.415439e-004
 4.400312e+002  2.313047e-004
 4.406500e+002  2.388719e-004
 4.412687e+002  2.511579e-004
 4.418875e+002  2.451981e-004
 4.425062e+002  2.418776e-004
 4.431250e+002  2.423819e-004
 4.437437e+002  2.366764e-004
 4.443625e+002  2.451708e-004
 4.449812e+002  2.499299e-004
 4.456000e+002  2.533311e-004
 4.462187e+002  2.506097e-004
 4.468375e+002  2.414718e-004
 4.474562e+002  2.384644e-004
 4.480750e+002  2.414502e-004
 4.486937e+002  2.411691e-004
 4.493125e+002  2.802882e-004
 4.499312e+002  8.713595e-004
 4.505500e+002  1.119222e-003
 4.511687e+002  4.564072e-004
 4.517875e+002  2.461247e-004
 4.524062e+002  2.528939e-004
 4.530250e+002  2.393802e-004
 4.536437e+002  2.403549e-004
 4.542625e+002  2.384407e-004
 4.548812e+002  2.426502e-004
 4.555000e+002  2.420772e-004
 4.561187e+002  2.405945e-004
 4.567375e+002  2.367255e-004
 4.573562e+002  2.460932e-004
 4.579750e+002  2.565102e-004
 4.585937e+002  2.682657e-004
 4.592125e+002  2.532357e-004
 4.598312e+002  2.422343e-004
 4.604500e+002  2.489489e-004
 4.610687e+002  2.402653e-004
 4.616875e+002  2.365474e-004
 4.623062e+002  2.426346e-004
 4.629250e+002  2.511066e-004
 4.635437e+002  2.513552e-004
 4.641625e+002  2.549029e-004
 4.647812e+002  2.479832e-004
 4.654000e+002  2.358764e-004
 4.660187e+002  2.444857e-004
 4.666375e+002  2.549798e-004
 4.672562e+002  2.533172e-004
 4.678750e+002  2.554930e-004
 4.684937e+002  2.538913e-004
 4.691125e+002  2.456855e-004
 4.697312e+002  2.516443e-004
 4.703500e+002  2.519292e-004
 4.709687e+002  2.452820e-004
 4.715875e+002  2.511213e-004
 4.722062e+002  2.592967e-004
 4.728250e+002  2.549481e-004
 4.734437e+002  2.446633e-004
 4.740625e+002  2.473168e-004
 4.746812e+002  2.450217e-004
 4.753000e+002  2.442632e-004
 4.759187e+002  2.581678e-004
 4.765375e+002  2.546163e-004
 4.771562e+002  2.477369e-004
 4.777750e+002  2.409975e-004
 4.783937e+002  2.423074e-004
 4.790125e+002  2.420348e-004
 4.796312e+002  2.443748e-004
 4.802500e+002  2.579355e-004
 4.808687e+002  2.604730e-004
 4.814875e+002  2.651953e-004
 4.821062e+002  2.588355e-004
 4.827250e+002  2.588509e-004
 4.833437e+002  2.468050e-004
 4.839625e+002  2.466883e-004
 4.845812e+002  2.419129e-004
 4.852000e+002  2.504974e-004
 4.858187e+002  2.551854e-004
 4.864375e+002  2.431754e-004
 4.870562e+002  2.357010e-004
 4.876750e+002  2.530185e-004
 4.882937e+002  2.456679e-004
 4.889125e+002  2.422981e-004
 4.895312e+002  2.433138e-004
 4.901500e+002  2.463422e-004
 4.907687e+002  2.536990e-004
 4.913875e+002  2.709927e-004
 4.920062e+002  2.907237e-004
 4.926250e+002  2.620954e-004
 4.932437e+002  2.499816e-004
 4.938625e+002  2.538082e-004
 4.944812e+002  2.502739e-004
 4.951000e+002  2.491296e-004
 4.957187e+002  2.622210e-004
 4.963375e+002  2.551247e-004
 4.969562e+002  2.591162e-004
 4.975750e+002  2.453578e-004
 4.981937e+002  2.447117e-004
 4.988125e+002  2.490763e-004
 4.994312e+002  2.483448e-004
 5.000500e+002  3.318536e-004
 5.006687e+002  3.476989e-004
 5.012875e+002  2.639026e-004
 5.019062e+002  2.500227e-004
 5.025250e+002  2.454271e-004
 5.031437e+002  2.489161e-004
 5.037625e+002  2.509837e-004
 5.043812e+002  2.516162e-004
 5.050000e+002  2.486800e-004
 5.056187e+002  2.484336e-004
 5.062375e+002  2.472088e-004
 5.068562e+002  2.560201e-004
 5.074750e+002  2.557266e-004
 5.080937e+002  2.533575e-004
 5.087125e+002  2.546644e-004
 5.093312e+002  2.589336e-004
 5.099500e+002  2.645820e-004
 5.105687e+002  2.586053e-004
 5.111875e+002  2.521017e-004
 5.118062e+002  2.500807e-004
 5.124250e+002  2.473803e-004
 5.130437e+002  2.569600e-004
 5.136625e+002  2.628907e-004
 5.142812e+002  2.542236e-004
 5.149000e+002  2.558757e-004
 5.155187e+002  2.665990e-004
 5.161375e+002  2.536422e-004
 5.167562e+002  2.490783e-004
 5.173750e+002  2.604537e-004
 5.179937e+002  2.568282e-004
 5.186125e+002  2.474374e-004
 5.192312e+002  2.441871e-004
 5.198500e+002  2.576003e-004
 5.204687e+002  2.515856e-004
 5.210875e+002  2.462054e-004
 5.217062e+002  2.537609e-004
 5.223250e+002  2.560036e-004
 5.229437e+002  2.550251e-004
 5.235625e+002  2.508432e-004
 5.241812e+002  2.464389e-004
 5.248000e+002  2.505017e-004
 5.254187e+002  2.535882e-004
 5.260375e+002  2.533471e-004
 5.266562e+002  2.503984e-004
 5.272750e+002  2.551119e-004
 5.278937e+002  2.414328e-004
 5.285125e+002  2.418790e-004
 5.291312e+002  2.410276e-004
 5.297500e+002  2.411292e-004
 5.303687e+002  2.487638e-004
 5.309875e+002  2.566257e-004
 5.316062e+002  2.567344e-004
 5.322250e+002  2.459203e-004
 5.328437e+002  2.402618e-004
 5.334625e+002  2.384058e-004
 5.340812e+002  2.428596e-004
 5.347000e+002  2.513434e-004
 5.353187e+002  2.504629e-004
 5.359375e+002  2.554737e-004
 5.365562e+002  2.466714e-004
 5.371750e+002  2.471934e-004
 5.377937e+002  2.455782e-004
 5.384125e+002  2.682726e-004
 5.390312e+002  2.716552e-004
 5.396500e+002  2.611782e-004
 5.402687e+002  2.627569e-004
 5.408875e+002  2.503060e-004
 5.415062e+002  2.481274e-004
 5.421250e+002  2.502747e-004
 5.427437e+002  2.523408e-004
 5.433625e+002  2.519801e-004
 5.439812e+002  2.508311e-004
 5.446000e+002  2.375861e-004
 5.452187e+002  2.389195e-004
 5.458375e+002  2.473491e-004
 5.464562e+002  2.540638e-004
 5.470750e+002  2.588869e-004
 5.476937e+002  2.608479e-004
 5.483125e+002  2.582234e-004
 5.489312e+002  2.607475e-004
 5.495500e+002  2.850738e-004
 5.501687e+002  5.673124e-004
 5.507875e+002  5.504435e-004
 5.514062e+002  2.815895e-004
 5.520250e+002  2.430663e-004
 5.526437e+002  2.547965e-004
 5.532625e+002  2.691280e-004
 5.538812e+002  2.493473e-004
 5.545000e+002  2.527857e-004
 5.551187e+002  2.519918e-004
 5.557375e+002  2.573509e-004
 5.563562e+002  2.533280e-004
 5.569750e+002  2.479726e-004
 5.575937e+002  2.571310e-004
 5.582125e+002  2.656493e-004
 5.588312e+002  2.587976e-004
 5.594500e+002  2.523296e-004
 5.600687e+002  2.494646e-004
 5.606875e+002  2.495424e-004
 5.613062e+002  2.496408e-004
 5.619250e+002  2.511876e-004
 5.625437e+002  2.578132e-004
 5.631625e+002  2.647835e-004
 5.637812e+002  2.565235e-004
 5.644000e+002  2.518695e-004
 5.650187e+002  2.584267e-004
 5.656375e+002  2.469310e-004
 5.662562e+002  2.545195e-004
 5.668750e+002  2.481815e-004
 5.674937e+002  2.463093e-004
 5.681125e+002  2.475468e-004
 5.687312e+002  2.521211e-004
 5.693500e+002  2.520612e-004
 5.699687e+002  2.428556e-004
 5.705875e+002  2.484103e-004
 5.712062e+002  2.567500e-004
 5.718250e+002  2.515784e-004
 5.724437e+002  2.481361e-004
 5.730625e+002  2.541048e-004
 5.736812e+002  2.648349e-004
 5.743000e+002  2.549025e-004
 5.749187e+002  2.466583e-004
 5.755375e+002  2.573691e-004
 5.761562e+002  2.612439e-004
 5.767750e+002  2.552516e-004
 5.773937e+002  2.442388e-004
 5.780125e+002  2.538059e-004
 5.786312e+002  2.650025e-004
 5.792500e+002  2.587308e-004
 5.798687e+002  2.612301e-004
 5.804875e+002  2.551320e-004
 5.811062e+002  2.596667e-004
 5.817250e+002  2.580452e-004
 5.823437e+002  2.481016e-004
 5.829625e+002  2.468711e-004
 5.835812e+002  2.606272e-004
 5.842000e+002  2.514262e-004
 5.848187e+002  2.440700e-004
 5.854375e+002  2.542588e-004
 5.860562e+002  2.536765e-004
 5.866750e+002  2.504683e-004
 5.872937e+002  2.610625e-004
 5.879125e+002  2.738603e-004
 5.885312e+002  2.566877e-004
 5.891500e+002  2.689133e-004
 5.897687e+002  2.563042e-004
 5.903875e+002  2.510497e-004
 5.910062e+002  2.531360e-004
 5.916250e+002  2.504196e-004
 5.922437e+002  2.491694e-004
 5.928625e+002  2.511241e-004
 5.934812e+002  2.537287e-004
 5.941000e+002  2.498485e-004
 5.947187e+002  2.487652e-004
 5.953375e+002  2.452505e-004
 5.959562e+002  2.508401e-004
 5.965750e+002  2.563284e-004
 5.971937e+002  2.561803e-004
 5.978125e+002  2.557759e-004
 5.984312e+002  2.687826e-004
 5.990500e+002  2.636091e-004
 5.996687e+002  2.665240e-004
 6.002875e+002  2.878130e-004
 6.009062e+002  2.683312e-004
 6.015250e+002  2.584327e-004
 6.021437e+002  2.621636e-004
 6.027625e+002  2.538688e-004
 6.033812e+002  2.560027e-004
 6.040000e+002  2.616523e-004
 6.046187e+002  2.588009e-004
 6.052375e+002  4.022417e-004
 6.058562e+002  2.037799e-003
 6.064750e+002  2.350005e-003
 6.070937e+002  6.623434e-004
 6.077125e+002  2.794493e-004
 6.083312e+002  2.589138e-004
 6.089500e+002  2.596574e-004
 6.095687e+002  2.597342e-004
 6.101875e+002  2.555847e-004
 6.108062e+002  2.653874e-004
 6.114250e+002  2.535615e-004
 6.120437e+002  2.379589e-004
 6.126625e+002  2.479230e-004
 6.132812e+002  2.562624e-004
 6.139000e+002  2.625995e-004
 6.145187e+002  3.025554e-004
 6.151375e+002  3.063445e-004
 6.157562e+002  2.524098e-004
 6.163750e+002  2.391789e-004
 6.169937e+002  2.468308e-004
 6.176125e+002  2.503714e-004
 6.182312e+002  2.510964e-004
 6.188500e+002  2.619178e-004
 6.194687e+002  2.655797e-004
 6.200875e+002  2.483797e-004
 6.207062e+002  2.514654e-004
 6.213250e+002  2.594278e-004
 6.219437e+002  2.563077e-004
 6.225625e+002  2.455337e-004
 6.231812e+002  2.555581e-004
 6.238000e+002  2.571042e-004
 6.244187e+002  2.471660e-004
 6.250375e+002  2.480265e-004
 6.256562e+002  2.557518e-004
 6.262750e+002  2.598918e-004
 6.268937e+002  2.640559e-004
 6.275125e+002  2.628217e-004
 6.281312e+002  2.663077e-004
 6.287500e+002  2.666595e-004
 6.293687e+002  2.543331e-004
 6.299875e+002  2.440641e-004
 6.306062e+002  2.468469e-004
 6.312250e+002  2.481885e-004
 6.318437e+002  2.567689e-004
 6.324625e+002  2.525115e-004
 6.330812e+002  2.506090e-004
 6.337000e+002  2.509315e-004
 6.343187e+002  2.642970e-004
 6.349375e+002  2.651323e-004
 6.355562e+002  2.539556e-004
 6.361750e+002  2.610037e-004
 6.367937e+002  2.589256e-004
 6.374125e+002  2.451985e-004
 6.380312e+002  2.500671e-004
 6.386500e+002  2.584714e-004
 6.392687e+002  2.490379e-004
 6.398875e+002  2.638124e-004
 6.405062e+002  2.578377e-004
 6.411250e+002  2.522068e-004
 6.417437e+002  2.539216e-004
 6.423625e+002  2.556758e-004
 6.429812e+002  2.545481e-004
 6.436000e+002  2.584940e-004
 6.442187e+002  2.654496e-004
 6.448375e+002  2.521490e-004
 6.454562e+002  2.528450e-004
 6.460750e+002  2.535254e-004
 6.466937e+002  2.595399e-004
 6.473125e+002  2.634766e-004
 6.479312e+002  2.675517e-004
 6.485500e+002  2.583722e-004
 6.491687e+002  2.479904e-004
 6.497875e+002  3.150366e-004
 6.504062e+002  4.972573e-004
 6.510250e+002  3.932258e-004
 6.516437e+002  2.720799e-004
 6.522625e+002  2.626643e-004
 6.528812e+002  2.646835e-004
 6.535000e+002  2.581794e-004
 6.541187e+002  2.632419e-004
 6.547375e+002  2.703585e-004
 6.553562e+002  2.546588e-004
 6.559750e+002  2.491551e-004
 6.565937e+002  2.436000e-004
 6.572125e+002  2.363932e-004
 6.578312e+002  2.546284e-004
 6.584500e+002  2.630161e-004
 6.590687e+002  2.531995e-004
 6.596875e+002  2.534352e-004
 6.603062e+002  2.599067e-004
 6.609250e+002  2.493936e-004
 6.615437e+002  2.528246e-004
 6.621625e+002  2.471156e-004
 6.627812e+002  2.441623e-004
 6.634000e+002  2.606943e-004
 6.640187e+002  2.779783e-004
 6.646375e+002  2.679909e-004
 6.652562e+002  2.525792e-004
 6.658750e+002  2.562280e-004
 6.664937e+002  2.583879e-004
 6.671125e+002  2.553235e-004
 6.677312e+002  2.549180e-004
 6.683500e+002  2.586651e-004
 6.689687e+002  2.659076e-004
 6.695875e+002  2.664389e-004
 6.702062e+002  2.666371e-004
 6.708250e+002  2.590624e-004
 6.714437e+002  2.550317e-004
 6.720625e+002  2.478391e-004
 6.726812e+002  2.540495e-004
 6.733000e+002  2.549329e-004
 6.739187e+002  2.518736e-004
 6.745375e+002  2.598072e-004
 6.751562e+002  2.620395e-004
 6.757750e+002  2.680420e-004
 6.763937e+002  2.676980e-004
 6.770125e+002  2.612458e-004
 6.776312e+002  2.652257e-004
 6.782500e+002  2.518233e-004
 6.788687e+002  2.522083e-004
 6.794875e+002  2.569867e-004
 6.801062e+002  2.494201e-004
 6.807250e+002  2.506074e-004
 6.813437e+002  2.521166e-004
 6.819625e+002  2.486391e-004
 6.825812e+002  2.565836e-004
 6.832000e+002  2.631828e-004
 6.838187e+002  2.658136e-004
 6.844375e+002  2.611098e-004
 6.850562e+002  2.585250e-004
 6.856750e+002  2.577824e-004
 6.862937e+002  2.550369e-004
 6.869125e+002  2.596644e-004
 6.875312e+002  2.519619e-004
 6.881500e+002  2.453670e-004
 6.887687e+002  2.414288e-004
 6.893875e+002  2.508506e-004
 6.900062e+002  2.593210e-004
 6.906250e+002  2.589694e-004
 6.912437e+002  2.468770e-004
 6.918625e+002  2.583966e-004
 6.924812e+002  2.610310e-004
 6.931000e+002  2.616740e-004
 6.937187e+002  2.494080e-004
 6.943375e+002  2.528098e-004
 6.949562e+002  2.461165e-004
 6.955750e+002  2.423853e-004
 6.961937e+002  2.477113e-004
 6.968125e+002  2.586300e-004
 6.974312e+002  2.461759e-004
 6.980500e+002  2.468259e-004
 6.986687e+002  2.567427e-004
 6.992875e+002  2.541245e-004
 6.999062e+002  2.641418e-004
 7.005250e+002  2.699485e-004
 7.011437e+002  2.645709e-004
 7.017625e+002  2.511324e-004
 7.023812e+002  2.495155e-004
 7.030000e+002  2.608547e-004
 7.036187e+002  2.558714e-004
 7.042375e+002  2.574769e-004
 7.048562e+002  2.736346e-004
 7.054750e+002  2.729402e-004
 7.060937e+002  2.645686e-004
 7.067125e+002  2.567209e-004
 7.073312e+002  2.560948e-004
 7.079500e+002  2.611521e-004
 7.085687e+002  2.711201e-004
 7.091875e+002  2.679783e-004
 7.098062e+002  2.571551e-004
 7.104250e+002  2.569080e-004
 7.110437e+002  2.547636e-004
 7.116625e+002  2.670113e-004
 7.122812e+002  2.716514e-004
 7.129000e+002  2.683776e-004
 7.135187e+002  2.571257e-004
 7.141375e+002  2.628077e-004
 7.147562e+002  2.596832e-004
 7.153750e+002  2.599727e-004
 7.159937e+002  2.591206e-004
 7.166125e+002  2.480244e-004
 7.172312e+002  2.477754e-004
 7.178500e+002  2.600521e-004
 7.184687e+002  2.590932e-004
 7.190875e+002  2.590653e-004
 7.197062e+002  2.667589e-004
 7.203250e+002  2.683920e-004
 7.209437e+002  2.613425e-004
 7.215625e+002  2.547114e-004
 7.221812e+002  2.629746e-004
 7.228000e+002  2.604226e-004
 7.234187e+002  2.539554e-004
 7.240375e+002  2.524842e-004
 7.246562e+002  2.606726e-004
 7.252750e+002  2.570055e-004
 7.258937e+002  2.552403e-004
 7.265125e+002  2.691065e-004
 7.271312e+002  2.734447e-004
 7.277500e+002  2.647974e-004
 7.283687e+002  2.567981e-004
 7.289875e+002  2.577788e-004
 7.296062e+002  2.475298e-004
 7.302250e+002  2.449267e-004
 7.308437e+002  2.551616e-004
 7.314625e+002  2.617860e-004
 7.320812e+002  2.605188e-004
 7.327000e+002  2.542527e-004
 7.333187e+002  2.402439e-004
 7.339375e+002  2.483520e-004
 7.345562e+002  2.499450e-004
 7.351750e+002  2.430821e-004
 7.357937e+002  2.503691e-004
 7.364125e+002  2.673624e-004
 7.370312e+002  2.651450e-004
 7.376500e+002  2.975255e-004
 7.382687e+002  2.826234e-004
 7.388875e+002  2.623920e-004
 7.395062e+002  2.572797e-004
 7.401250e+002  2.600947e-004
 7.407437e+002  2.575248e-004
 7.413625e+002  2.606629e-004
 7.419812e+002  2.661204e-004
 7.426000e+002  2.610475e-004
 7.432187e+002  2.501208e-004
 7.438375e+002  2.493817e-004
 7.444562e+002  2.658444e-004
 7.450750e+002  2.683786e-004
 7.456937e+002  2.631027e-004
 7.463125e+002  2.567974e-004
 7.469312e+002  2.522025e-004
 7.475500e+002  2.544738e-004
 7.481687e+002  2.499946e-004
 7.487875e+002  2.558173e-004
 7.494062e+002  2.615095e-004
 7.500250e+002  6.245664e-004
 7.506437e+002  9.821524e-004
 7.512625e+002  5.728547e-004
 7.518812e+002  2.528942e-004
 7.525000e+002  2.521921e-004
 7.531187e+002  2.429517e-004
 7.537375e+002  2.423618e-004
 7.543562e+002  2.498068e-004
 7.549750e+002  2.566884e-004
 7.555937e+002  2.579512e-004
 7.562125e+002  2.451742e-004
 7.568312e+002  2.551365e-004
 7.574500e+002  2.606424e-004
 7.580687e+002  2.591572e-004
 7.586875e+002  2.658757e-004
 7.593062e+002  2.558099e-004
 7.599250e+002  2.581721e-004
 7.605437e+002  2.583644e-004
 7.611625e+002  2.539877e-004
 7.617812e+002  2.711604e-004
 7.624000e+002  2.702034e-004
 7.630187e+002  2.588178e-004
 7.636375e+002  2.623681e-004
 7.642562e+002  2.639759e-004
 7.648750e+002  2.512622e-004
 7.654937e+002  2.500919e-004
 7.661125e+002  2.609311e-004
 7.667312e+002  2.605589e-004
 7.673500e+002  2.506978e-004
 7.679687e+002  2.630681e-004
 7.685875e+002  2.538906e-004
 7.692062e+002  2.539128e-004
 7.698250e+002  2.625367e-004
 7.704437e+002  2.633243e-004
 7.710625e+002  2.520348e-004
 7.716812e+002  2.499292e-004
 7.723000e+002  2.661999e-004
 7.729187e+002  2.559508e-004
 7.735375e+002  2.472607e-004
 7.741562e+002  2.499975e-004
 7.747750e+002  2.617894e-004
 7.753937e+002  2.591737e-004
 7.760125e+002  2.543891e-004
 7.766312e+002  2.663497e-004
 7.772500e+002  2.616702e-004
 7.778687e+002  2.580361e-004
 7.784875e+002  2.523936e-004
 7.791062e+002  2.739579e-004
 7.797250e+002  2.731010e-004
 7.803437e+002  2.675361e-004
 7.809625e+002  2.652051e-004
 7.815812e+002  2.662039e-004
 7.822000e+002  2.617055e-004
 7.828187e+002  2.593410e-004
 7.834375e+002  2.618714e-004
 7.840562e+002  2.586290e-004
 7.846750e+002  2.672431e-004
 7.852937e+002  2.603062e-004
 7.859125e+002  2.565533e-004
 7.865312e+002  2.674312e-004
 7.871500e+002  2.617422e-004
 7.877687e+002  2.616512e-004
 7.883875e+002  2.584427e-004
 7.890062e+002  2.544133e-004
 7.896250e+002  2.541115e-004
 7.902437e+002  2.675922e-004
 7.908625e+002  2.604123e-004
 7.914812e+002  2.538956e-004
 7.921000e+002  2.607034e-004
 7.927187e+002  2.582391e-004
 7.933375e+002  2.565449e-004
 7.939562e+002  2.537601e-004
 7.945750e+002  2.512044e-004
 7.951937e+002  2.552679e-004
 7.958125e+002  2.635682e-004
 7.964312e+002  2.646661e-004
 7.970500e+002  2.513566e-004
 7.976687e+002  2.540535e-004
 7.982875e+002  2.729960e-004
 7.989062e+002  2.926820e-004
 7.995250e+002  2.920524e-004
 8.001437e+002  2.755636e-004
 8.007625e+002  2.809657e-004
 8.013812e+002  2.721279e-004
 8.020000e+002  2.666415e-004
 8.026187e+002  2.624861e-004
 8.032375e+002  2.565717e-004
 8.038562e+002  2.585944e-004
 8.044750e+002  2.642934e-004
 8.050937e+002  2.647611e-004
 8.057125e+002  2.711668e-004
 8.063312e+002  2.553971e-004
 8.069500e+002  2.590071e-004
 8.075687e+002  2.589166e-004
 8.081875e+002  2.579349e-004
 8.088062e+002  2.562127e-004
 8.094250e+002  2.553654e-004
 8.100437e+002  2.619902e-004
 8.106625e+002  2.576163e-004
 8.112812e+002  2.625486e-004
 8.119000e+002  2.629543e-004
 8.125187e+002  2.561588e-004
 8.131375e+002  2.509622e-004
 8.137562e+002  2.542553e-004
 8.143750e+002  2.600965e-004
 8.149937e+002  2.637205e-004
 8.156125e+002  2.631232e-004
 8.162312e+002  2.557387e-004
 8.168500e+002  2.620347e-004
 8.174687e+002  2.631178e-004
 8.180875e+002  2.586212e-004
 8.187062e+002  2.591598e-004
 8.193250e+002  2.520899e-004
 8.199437e+002  2.474442e-004
 8.205625e+002  2.570995e-004
 8.211812e+002  2.601863e-004
 8.218000e+002  2.577440e-004
 8.224187e+002  2.667600e-004
 8.230375e+002  2.781223e-004
 8.236562e+002  2.655137e-004
 8.242750e+002  2.714538e-004
 8.248937e+002  2.632604e-004
 8.255125e+002  2.631596e-004
 8.261312e+002  2.717542e-004
 8.267500e+002  2.662856e-004
 8.273687e+002  2.642853e-004
 8.279875e+002  2.726731e-004
 8.286062e+002  2.735274e-004
 8.292250e+002  2.600283e-004
 8.298437e+002  2.623399e-004
 8.304625e+002  2.530993e-004
 8.310812e+002  2.604437e-004
 8.317000e+002  2.557879e-004
 8.323187e+002  2.602122e-004
 8.329375e+002  2.673248e-004
 8.335562e+002  2.555701e-004
 8.341750e+002  2.547287e-004
 8.347937e+002  2.652811e-004
 8.354125e+002  2.712458e-004
 8.360312e+002  2.586820e-004
 8.366500e+002  2.659191e-004
 8.372687e+002  2.640463e-004
 8.378875e+002  2.530597e-004
 8.385062e+002  2.667816e-004
 8.391250e+002  2.547288e-004
 8.397437e+002  2.578166e-004
 8.403625e+002  2.669676e-004
 8.409812e+002  2.519439e-004
 8.416000e+002  2.502120e-004
 8.422187e+002  2.573204e-004
 8.428375e+002  2.674384e-004
 8.434562e+002  2.672201e-004
 8.440750e+002  2.622071e-004
 8.446937e+002  2.596024e-004
 8.453125e+002  2.706461e-004
 8.459312e+002  2.700934e-004
 8.465500e+002  2.618936e-004
 8.471687e+002  2.566662e-004
 8.477875e+002  2.666443e-004
 8.484062e+002  2.558700e-004
 8.490250e+002  2.578490e-004
 8.496437e+002  2.826171e-004
 8.502625e+002  4.518126e-004
 8.508812e+002  5.128471e-004
 8.515000e+002  3.169376e-004
 8.521187e+002  2.736069e-004
 8.527375e+002  2.582976e-004
 8.533562e+002  2.537177e-004
 8.539750e+002  2.591761e-004
 8.545937e+002  2.501236e-004
 8.552125e+002  2.596570e-004
 8.558312e+002  2.609035e-004
 8.564500e+002  2.614518e-004
 8.570687e+002  2.684399e-004
 8.576875e+002  2.658138e-004
 8.583062e+002  2.666946e-004
 8.589250e+002  2.711418e-004
 8.595437e+002  2.558379e-004
 8.601625e+002  2.592637e-004
 8.607812e+002  2.597271e-004
 8.614000e+002  2.640645e-004
 8.620187e+002  2.654598e-004
 8.626375e+002  2.606072e-004
 8.632562e+002  2.680891e-004
 8.638750e+002  2.664233e-004
 8.644937e+002  2.668381e-004
 8.651125e+002  2.523381e-004
 8.657312e+002  2.495735e-004
 8.663500e+002  2.651121e-004
 8.669687e+002  2.665601e-004
 8.675875e+002  2.649769e-004
 8.682062e+002  2.659466e-004
 8.688250e+002  2.581979e-004
 8.694437e+002  2.588029e-004
 8.700625e+002  2.481791e-004
 8.706812e+002  2.584274e-004
 8.713000e+002  2.629490e-004
 8.719187e+002  2.671080e-004
 8.725375e+002  2.593054e-004
 8.731562e+002  2.595455e-004
 8.737750e+002  2.574057e-004
 8.743937e+002  2.604593e-004
 8.750125e+002  2.626806e-004
 8.756312e+002  2.607421e-004
 8.762500e+002  2.656438e-004
 8.768687e+002  2.593265e-004
 8.774875e+002  2.618039e-004
 8.781062e+002  2.629313e-004
 8.787250e+002  2.654555e-004
 8.793437e+002  2.566199e-004
 8.799625e+002  2.571301e-004
 8.805812e+002  2.565114e-004
 8.812000e+002  2.697899e-004
 8.818187e+002  2.582648e-004
 8.824375e+002  2.656814e-004
 8.830562e+002  2.597889e-004
 8.836750e+002  2.489781e-004
 8.842937e+002  2.622302e-004
 8.849125e+002  2.613205e-004
 8.855312e+002  2.612666e-004
 8.861500e+002  2.569865e-004
 8.867687e+002  2.560975e-004
 8.873875e+002  2.629472e-004
 8.880062e+002  2.557454e-004
 8.886250e+002  2.537167e-004
 8.892437e+002  2.750455e-004
 8.898625e+002  2.645054e-004
 8.904812e+002  2.580111e-004
 8.911000e+002  2.598876e-004
 8.917187e+002  2.651785e-004
 8.923375e+002  2.606113e-004
 8.929562e+002  2.499513e-004
 8.935750e+002  2.680329e-004
 8.941937e+002  2.717630e-004
 8.948125e+002  2.619181e-004
 8.954312e+002  2.599931e-004
 8.960500e+002  2.601490e-004
 8.966687e+002  2.584386e-004
 8.972875e+002  2.591349e-004
 8.979062e+002  2.504272e-004
 8.985250e+002  2.486197e-004
 8.991437e+002  2.538098e-004
 8.997625e+002  2.582987e-004
 9.003812e+002  2.760624e-004
 9.010000e+002  2.720316e-004
 9.016187e+002  2.691921e-004
 9.022375e+002  2.567713e-004
 9.028562e+002  2.566370e-004
 9.034750e+002  2.566865e-004
 9.040937e+002  2.575750e-004
 9.047125e+002  2.606174e-004
 9.053312e+002  2.553099e-004
 9.059500e+002  2.628608e-004
 9.065687e+002  2.736065e-004
 9.071875e+002  2.671507e-004
 9.078062e+002  2.602543e-004
 9.084250e+002  3.787256e-004
 9.090437e+002  1.303432e-003
 9.096625e+002  1.289151e-003
 9.102812e+002  3.657434e-004
 9.109000e+002  2.532242e-004
 9.115187e+002  2.509393e-004
 9.121375e+002  2.553824e-004
 9.127562e+002  2.583757e-004
 9.133750e+002  2.534179e-004
 9.139937e+002  2.521207e-004
 9.146125e+002  2.503911e-004
 9.152312e+002  2.552087e-004
 9.158500e+002  2.647182e-004
 9.164687e+002  2.661045e-004
 9.170875e+002  2.608235e-004
 9.177062e+002  2.589083e-004
 9.183250e+002  2.669045e-004
 9.189437e+002  2.627340e-004
 9.195625e+002  2.766940e-004
 9.201812e+002  2.665415e-004
 9.208000e+002  2.525160e-004
 9.214187e+002  2.685978e-004
 9.220375e+002  3.402117e-004
 9.226562e+002  3.219616e-004
 9.232750e+002  2.726155e-004
 9.238937e+002  2.729245e-004
 9.245125e+002  2.666829e-004
 9.251312e+002  2.599342e-004
 9.257500e+002  2.575189e-004
 9.263687e+002  2.580101e-004
 9.269875e+002  2.562887e-004
 9.276062e+002  2.607245e-004
 9.282250e+002  2.652704e-004
 9.288437e+002  2.596901e-004
 9.294625e+002  2.712538e-004
 9.300812e+002  2.821782e-004
 9.307000e+002  2.705973e-004
 9.313187e+002  2.558965e-004
 9.319375e+002  2.561165e-004
 9.325562e+002  2.546754e-004
 9.331750e+002  2.596899e-004
 9.337937e+002  2.651737e-004
 9.344125e+002  2.724802e-004
 9.350312e+002  2.716989e-004
 9.356500e+002  2.646213e-004
 9.362687e+002  2.544078e-004
 9.368875e+002  2.564177e-004
 9.375062e+002  2.611576e-004
 9.381250e+002  2.553940e-004
 9.387437e+002  2.598095e-004
 9.393625e+002  2.632511e-004
 9.399812e+002  2.707695e-004
 9.406000e+002  2.513141e-004
 9.412187e+002  2.496754e-004
 9.418375e+002  2.610010e-004
 9.424562e+002  2.679882e-004
 9.430750e+002  2.617452e-004
 9.436937e+002  2.729487e-004
 9.443125e+002  2.770525e-004
 9.449312e+002  2.717413e-004
 9.455500e+002  2.652835e-004
 9.461687e+002  2.666977e-004
 9.467875e+002  2.561879e-004
 9.474062e+002  2.605231e-004
 9.480250e+002  2.606004e-004
 9.486437e+002  2.583497e-004
 9.492625e+002  2.657090e-004
 9.498812e+002  2.853432e-004
 9.505000e+002  3.978718e-004
 9.511187e+002  3.947931e-004
 9.517375e+002  2.809254e-004
 9.523562e+002  2.658091e-004
 9.529750e+002  2.661882e-004
 9.535937e+002  2.608443e-004
 9.542125e+002  2.653222e-004
 9.548312e+002  2.723852e-004
 9.554500e+002  2.680655e-004
 9.560687e+002  2.627678e-004
 9.566875e+002  2.586333e-004
 9.573062e+002  2.627375e-004
 9.579250e+002  2.654791e-004
 9.585437e+002  2.611464e-004
 9.591625e+002  2.494614e-004
 9.597812e+002  2.628355e-004
 9.604000e+002  2.713731e-004
 9.610187e+002  2.609627e-004
 9.616375e+002  2.653793e-004
 9.622562e+002  2.687723e-004
 9.628750e+002  2.716666e-004
 9.634937e+002  2.610823e-004
 9.641125e+002  2.609763e-004
 9.647312e+002  2.604090e-004
 9.653500e+002  2.647816e-004
 9.659687e+002  2.713030e-004
 9.665875e+002  2.627602e-004
 9.672062e+002  2.778215e-004
 9.678250e+002  2.789370e-004
 9.684437e+002  2.671384e-004
 9.690625e+002  2.648054e-004
 9.696812e+002  2.796291e-004
 9.703000e+002  2.701835e-004
 9.709187e+002  2.666479e-004
 9.715375e+002  2.610181e-004
 9.721562e+002  2.612526e-004
 9.727750e+002  2.661324e-004
 9.733937e+002  2.589707e-004
 9.740125e+002  2.592321e-004
 9.746312e+002  2.638360e-004
 9.752500e+002  2.612331e-004
 9.758687e+002  2.605907e-004
 9.764875e+002  2.588898e-004
 9.771062e+002  2.495501e-004
 9.777250e+002  2.515755e-004
 9.783437e+002  2.683138e-004
 9.789625e+002  2.600411e-004
 9.795812e+002  2.499824e-004
 9.802000e+002  2.651699e-004
 9.808187e+002  2.648625e-004
 9.814375e+002  2.572402e-004
 9.820562e+002  2.478986e-004
 9.826750e+002  2.590169e-004
 9.832937e+002  2.730093e-004
 9.839125e+002  2.720237e-004
 9.845312e+002  2.608016e-004
 9.851500e+002  2.546318e-004
 9.857687e+002  2.708061e-004
 9.863875e+002  2.688771e-004
 9.870062e+002  2.621218e-004
 9.876250e+002  2.627306e-004
 9.882437e+002  2.572003e-004
 9.888625e+002  2.547449e-004
 9.894812e+002  2.604465e-004
 9.901000e+002  2.676104e-004
 9.907187e+002  2.651640e-004
 9.913375e+002  2.556365e-004
 9.919562e+002  2.598564e-004
 9.925750e+002  2.645895e-004
 9.931937e+002  2.659064e-004
 9.938125e+002  2.596834e-004
 9.944312e+002  2.576713e-004
 9.950500e+002  2.665885e-004
 9.956687e+002  2.711466e-004
 9.962875e+002  2.722068e-004
 9.969062e+002  2.695638e-004
 9.975250e+002  2.641147e-004
 9.981437e+002  2.752307e-004
 9.987625e+002  2.631628e-004
 9.993812e+002  2.573348e-004
 1.000000e+003  2.590716e-004
