 1.000000e+001  5.121849e-004
 1.061875e+001  5.141570e-004
 1.123750e+001  4.620602e-004
 1.185625e+001  4.627405e-004
 1.247500e+001  4.668665e-004
 1.309375e+001  4.174980e-004
 1.371250e+001  4.515924e-004
 1.433125e+001  4.333800e-004
 1.495000e+001  4.205427e-004
 1.556875e+001  4.507673e-004
 1.618750e+001  4.409250e-004
 1.680625e+001  4.567619e-004
 1.742500e+001  4.884971e-004
 1.804375e+001  4.770501e-004
 1.866250e+001  4.144900e-004
 1.928125e+001  3.805996e-004
 1.990000e+001  3.753987e-004
 2.051875e+001  3.769751e-004
 2.113750e+001  3.741439e-004
 2.175625e+001  3.712446e-004
 2.237500e+001  3.647926e-004
 2.299375e+001  3.773053e-004
 2.361250e+001  3.661159e-004
 2.423125e+001  3.830758e-004
 2.485000e+001  3.623412e-004
 2.546875e+001  3.517626e-004
 2.608750e+001  3.461179e-004
 2.670625e+001  3.426077e-004
 2.732500e+001  3.789562e-004
 2.794375e+001  4.237693e-004
 2.856250e+001  3.433837e-004
 2.918125e+001  3.565902e-004
 2.980000e+001  3.465807e-004
 3.041875e+001  3.283720e-004
 3.103750e+001  3.146106e-004
 3.165625e+001  3.102303e-004
 3.227500e+001  3.260296e-004
 3.289375e+001  3.026326e-004
 3.351250e+001  3.081748e-004
 3.413125e+001  2.895442e-004
 3.475000e+001  2.861128e-004
 3.536875e+001  3.710867e-004
 3.598750e+001  3.865738e-004
 3.660625e+001  2.948153e-004
 3.722500e+001  2.918650e-004
 3.784375e+001  2.774300e-004
 3.846250e+001  2.747667e-004
 3.908125e+001  2.630384e-004
 3.970000e+001  2.703564e-004
 4.031875e+001  2.746465e-004
 4.093750e+001  2.581975e-004
 4.155625e+001  2.491753e-004
 4.217500e+001  2.535866e-004
 4.279375e+001  2.458773e-004
 4.341250e+001  2.475779e-004
 4.403125e+001  2.555714e-004
 4.465000e+001  2.595805e-004
 4.526875e+001  2.499290e-004
 4.588750e+001  2.489303e-004
 4.650625e+001  2.488602e-004
 4.712500e+001  2.478557e-004
 4.774375e+001  2.643930e-004
 4.836250e+001  2.574122e-004
 4.898125e+001  4.271501e-004
 4.960000e+001  3.185244e-003
 5.021875e+001  4.201825e-003
 5.083750e+001  1.316131e-003
 5.145625e+001  2.536635e-004
 5.207500e+001  2.313102e-004
 5.269375e+001  2.214396e-004
 5.331250e+001  2.450853e-004
 5.393125e+001  2.501882e-004
 5.455000e+001  2.140608e-004
 5.516875e+001  2.188881e-004
 5.578750e+001  2.273627e-004
 5.640625e+001  2.219284e-004
 5.702500e+001  2.313597e-004
 5.764375e+001  2.217191e-004
 5.826250e+001  2.157718e-004
 5.888125e+001  2.097952e-004
 5.950000e+001  2.105495e-004
 6.011875e+001  2.273338e-004
 6.073750e+001  2.058232e-004
 6.135625e+001  2.011502e-004
 6.197500e+001  2.001505e-004
 6.259375e+001  2.041658e-004
 6.321250e+001  2.049543e-004
 6.383125e+001  1.984952e-004
 6.445000e+001  1.919076e-004
 6.506875e+001  1.869530e-004
 6.568750e+001  1.904935e-004
 6.630625e+001  1.970782e-004
 6.692500e+001  1.919701e-004
 6.754375e+001  1.991094e-004
 6.816250e+001  2.128118e-004
 6.878125e+001  2.074067e-004
 6.940000e+001  2.129562e-004
 7.001875e+001  1.928097e-004
 7.063750e+001  1.949124e-004
 7.125625e+001  2.076862e-004
 7.187500e+001  1.949015e-004
 7.249375e+001  1.905423e-004
 7.311250e+001  1.943210e-004
 7.373125e+001  1.793730e-004
 7.435000e+001  1.908891e-004
 7.496875e+001  1.958125e-004
 7.558750e+001  1.851986e-004
 7.620625e+001  1.777395e-004
 7.682500e+001  1.878375e-004
 7.744375e+001  1.971278e-004
 7.806250e+001  1.812498e-004
 7.868125e+001  1.814089e-004
 7.930000e+001  1.844522e-004
 7.991875e+001  1.865738e-004
 8.053750e+001  1.903294e-004
 8.115625e+001  1.830335e-004
 8.177500e+001  1.829205e-004
 8.239375e+001  1.951236e-004
 8.301250e+001  1.917939e-004
 8.363125e+001  1.823494e-004
 8.425000e+001  1.857460e-004
 8.486875e+001  1.860867e-004
 8.548750e+001  1.844284e-004
 8.610625e+001  1.873437e-004
 8.672500e+001  1.820770e-004
 8.734375e+001  1.793883e-004
 8.796250e+001  1.824098e-004
 8.858125e+001  1.858609e-004
 8.920000e+001  2.160445e-004
 8.981875e+001  1.965684e-004
 9.043750e+001  1.805824e-004
 9.105625e+001  1.813069e-004
 9.167500e+001  1.825866e-004
 9.229375e+001  1.826863e-004
 9.291250e+001  1.864949e-004
 9.353125e+001  1.791704e-004
 9.415000e+001  1.801889e-004
 9.476875e+001  1.804113e-004
 9.538750e+001  1.770003e-004
 9.600625e+001  1.744918e-004
 9.662500e+001  1.796716e-004
 9.724375e+001  1.856919e-004
 9.786250e+001  1.777746e-004
 9.848125e+001  1.769317e-004
 9.910000e+001  1.840186e-004
 9.971875e+001  3.487744e-004
 1.003375e+002  3.707825e-004
 1.009563e+002  1.950128e-004
 1.015750e+002  1.786304e-004
 1.021938e+002  1.766494e-004
 1.028125e+002  1.742758e-004
 1.034313e+002  1.737986e-004
 1.040500e+002  1.799078e-004
 1.046688e+002  1.837607e-004
 1.052875e+002  1.850255e-004
 1.059063e+002  1.878554e-004
 1.065250e+002  1.867307e-004
 1.071438e+002  1.842820e-004
 1.077625e+002  1.771775e-004
 1.083813e+002  1.722114e-004
 1.090000e+002  1.867061e-004
 1.096188e+002  1.831574e-004
 1.102375e+002  1.745672e-004
 1.108563e+002  1.778416e-004
 1.114750e+002  1.733137e-004
 1.120938e+002  1.718739e-004
 1.127125e+002  1.777097e-004
 1.133313e+002  1.772458e-004
 1.139500e+002  1.832957e-004
 1.145688e+002  1.917005e-004
 1.151875e+002  1.929497e-004
 1.158063e+002  1.775903e-004
 1.164250e+002  1.760530e-004
 1.170438e+002  1.798978e-004
 1.176625e+002  1.758073e-004
 1.182813e+002  1.786962e-004
 1.189000e+002  1.849999e-004
 1.195188e+002  1.926286e-004
 1.201375e+002  1.984148e-004
 1.207563e+002  1.832512e-004
 1.213750e+002  1.764819e-004
 1.219938e+002  1.806224e-004
 1.226125e+002  1.927978e-004
 1.232313e+002  2.002334e-004
 1.238500e+002  1.836674e-004
 1.244688e+002  1.855230e-004
 1.250875e+002  1.956063e-004
 1.257063e+002  1.938751e-004
 1.263250e+002  1.959238e-004
 1.269438e+002  1.862907e-004
 1.275625e+002  1.795223e-004
 1.281813e+002  1.791688e-004
 1.288000e+002  1.851988e-004
 1.294188e+002  1.856989e-004
 1.300375e+002  1.882047e-004
 1.306563e+002  1.860242e-004
 1.312750e+002  1.857773e-004
 1.318938e+002  1.783944e-004
 1.325125e+002  1.756499e-004
 1.331313e+002  1.817285e-004
 1.337500e+002  1.803772e-004
 1.343688e+002  1.824639e-004
 1.349875e+002  1.922326e-004
 1.356063e+002  1.915748e-004
 1.362250e+002  1.857150e-004
 1.368438e+002  1.891780e-004
 1.374625e+002  1.893259e-004
 1.380813e+002  1.917952e-004
 1.387000e+002  1.831979e-004
 1.393188e+002  1.810201e-004
 1.399375e+002  1.889126e-004
 1.405563e+002  1.841796e-004
 1.411750e+002  1.885582e-004
 1.417938e+002  1.970192e-004
 1.424125e+002  1.880177e-004
 1.430313e+002  1.827035e-004
 1.436500e+002  1.832763e-004
 1.442688e+002  1.803310e-004
 1.448875e+002  1.840501e-004
 1.455063e+002  1.843510e-004
 1.461250e+002  1.856758e-004
 1.467438e+002  1.861199e-004
 1.473625e+002  1.863490e-004
 1.479813e+002  1.849504e-004
 1.486000e+002  1.998140e-004
 1.492188e+002  6.106362e-004
 1.498375e+002  2.511954e-003
 1.504563e+002  2.350141e-003
 1.510750e+002  4.769368e-004
 1.516938e+002  2.051845e-004
 1.523125e+002  1.913259e-004
 1.529313e+002  1.907815e-004
 1.535500e+002  1.881870e-004
 1.541688e+002  1.977254e-004
 1.547875e+002  1.971369e-004
 1.554063e+002  1.915408e-004
 1.560250e+002  1.917535e-004
 1.566438e+002  1.921340e-004
 1.572625e+002  1.908981e-004
 1.578813e+002  1.922933e-004
 1.585000e+002  1.968946e-004
 1.591188e+002  1.891098e-004
 1.597375e+002  1.910210e-004
 1.603563e+002  1.952998e-004
 1.609750e+002  1.904984e-004
 1.615938e+002  1.920435e-004
 1.622125e+002  1.911250e-004
 1.628313e+002  1.950870e-004
 1.634500e+002  1.981732e-004
 1.640688e+002  1.917927e-004
 1.646875e+002  1.959919e-004
 1.653063e+002  1.971484e-004
 1.659250e+002  2.089200e-004
 1.665438e+002  2.104582e-004
 1.671625e+002  1.992855e-004
 1.677813e+002  1.984246e-004
 1.684000e+002  2.042027e-004
 1.690188e+002  2.038132e-004
 1.696375e+002  2.020896e-004
 1.702563e+002  1.978946e-004
 1.708750e+002  1.907533e-004
 1.714938e+002  1.893392e-004
 1.721125e+002  1.979636e-004
 1.727313e+002  1.978047e-004
 1.733500e+002  1.907742e-004
 1.739688e+002  1.909635e-004
 1.745875e+002  1.970563e-004
 1.752063e+002  2.028038e-004
 1.758250e+002  1.997124e-004
 1.764438e+002  1.987251e-004
 1.770625e+002  1.949137e-004
 1.776813e+002  1.968509e-004
 1.783000e+002  2.050683e-004
 1.789188e+002  2.052875e-004
 1.795375e+002  1.979007e-004
 1.801563e+002  2.021101e-004
 1.807750e+002  1.980301e-004
 1.813938e+002  1.955041e-004
 1.820125e+002  1.999582e-004
 1.826313e+002  2.006725e-004
 1.832500e+002  2.008182e-004
 1.838688e+002  2.102588e-004
 1.844875e+002  2.310223e-004
 1.851063e+002  2.074279e-004
 1.857250e+002  2.093909e-004
 1.863438e+002  2.217199e-004
 1.869625e+002  2.067550e-004
 1.875813e+002  2.102497e-004
 1.882000e+002  2.119996e-004
 1.888188e+002  2.190270e-004
 1.894375e+002  2.092405e-004
 1.900563e+002  2.002820e-004
 1.906750e+002  1.991992e-004
 1.912938e+002  1.980848e-004
 1.919125e+002  1.984161e-004
 1.925313e+002  2.076435e-004
 1.931500e+002  2.091734e-004
 1.937688e+002  2.084061e-004
 1.943875e+002  2.077381e-004
 1.950063e+002  2.096167e-004
 1.956250e+002  2.081049e-004
 1.962438e+002  2.098619e-004
 1.968625e+002  2.077468e-004
 1.974813e+002  2.124622e-004
 1.981000e+002  2.087796e-004
 1.987188e+002  2.120494e-004
 1.993375e+002  2.845621e-004
 1.999563e+002  6.633964e-004
 2.005750e+002  5.372220e-004
 2.011938e+002  2.208474e-004
 2.018125e+002  2.014655e-004
 2.024313e+002  2.166741e-004
 2.030500e+002  2.148465e-004
 2.036688e+002  2.179615e-004
 2.042875e+002  2.159970e-004
 2.049063e+002  2.073437e-004
 2.055250e+002  2.138677e-004
 2.061438e+002  2.202143e-004
 2.067625e+002  2.101180e-004
 2.073813e+002  2.100145e-004
 2.080000e+002  2.064343e-004
 2.086188e+002  2.017866e-004
 2.092375e+002  2.093439e-004
 2.098563e+002  2.160444e-004
 2.104750e+002  2.074406e-004
 2.110938e+002  2.036313e-004
 2.117125e+002  2.108238e-004
 2.123313e+002  2.089654e-004
 2.129500e+002  2.068003e-004
 2.135688e+002  2.167716e-004
 2.141875e+002  2.196490e-004
 2.148063e+002  2.106627e-004
 2.154250e+002  2.180076e-004
 2.160438e+002  2.138525e-004
 2.166625e+002  2.103331e-004
 2.172813e+002  2.158830e-004
 2.179000e+002  2.186746e-004
 2.185188e+002  2.127540e-004
 2.191375e+002  2.080800e-004
 2.197563e+002  2.202608e-004
 2.203750e+002  2.180787e-004
 2.209938e+002  2.137295e-004
 2.216125e+002  2.158122e-004
 2.222313e+002  2.123873e-004
 2.228500e+002  2.105252e-004
 2.234688e+002  2.210075e-004
 2.240875e+002  2.164981e-004
 2.247063e+002  2.058474e-004
 2.253250e+002  2.166397e-004
 2.259438e+002  2.410420e-004
 2.265625e+002  2.229770e-004
 2.271813e+002  2.011084e-004
 2.278000e+002  2.086225e-004
 2.284188e+002  2.094289e-004
 2.290375e+002  2.152208e-004
 2.296563e+002  2.119590e-004
 2.302750e+002  2.168567e-004
 2.308938e+002  2.144860e-004
 2.315125e+002  2.114786e-004
 2.321313e+002  2.132147e-004
 2.327500e+002  2.223512e-004
 2.333688e+002  2.202846e-004
 2.339875e+002  2.226475e-004
 2.346063e+002  2.178748e-004
 2.352250e+002  2.166446e-004
 2.358438e+002  2.161582e-004
 2.364625e+002  2.061951e-004
 2.370813e+002  2.061492e-004
 2.377000e+002  2.092429e-004
 2.383188e+002  2.132273e-004
 2.389375e+002  2.223678e-004
 2.395563e+002  2.265920e-004
 2.401750e+002  2.280282e-004
 2.407938e+002  2.224394e-004
 2.414125e+002  2.235768e-004
 2.420313e+002  2.205853e-004
 2.426500e+002  2.230818e-004
 2.432688e+002  2.223845e-004
 2.438875e+002  2.223604e-004
 2.445063e+002  2.179124e-004
 2.451250e+002  2.192434e-004
 2.457438e+002  2.364039e-004
 2.463625e+002  2.275035e-004
 2.469813e+002  2.138360e-004
 2.476000e+002  2.231573e-004
 2.482188e+002  2.320117e-004
 2.488375e+002  2.251305e-004
 2.494563e+002  3.281949e-004
 2.500750e+002  6.928449e-004
 2.506938e+002  4.920773e-004
 2.513125e+002  2.242074e-004
 2.519313e+002  2.174870e-004
 2.525500e+002  2.275033e-004
 2.531688e+002  2.310307e-004
 2.537875e+002  2.244697e-004
 2.544063e+002  2.264148e-004
 2.550250e+002  2.244402e-004
 2.556438e+002  2.256253e-004
 2.562625e+002  2.256674e-004
 2.568813e+002  2.286353e-004
 2.575000e+002  2.270489e-004
 2.581188e+002  2.298922e-004
 2.587375e+002  2.252969e-004
 2.593563e+002  2.258581e-004
 2.599750e+002  2.301041e-004
 2.605938e+002  2.302629e-004
 2.612125e+002  2.290375e-004
 2.618313e+002  2.241282e-004
 2.624500e+002  2.193018e-004
 2.630688e+002  2.170601e-004
 2.636875e+002  2.152551e-004
 2.643063e+002  2.247972e-004
 2.649250e+002  2.250317e-004
 2.655438e+002  2.262595e-004
 2.661625e+002  2.322997e-004
 2.667813e+002  2.151359e-004
 2.674000e+002  2.151415e-004
 2.680188e+002  2.138984e-004
 2.686375e+002  2.215255e-004
 2.692563e+002  2.220379e-004
 2.698750e+002  2.281524e-004
 2.704938e+002  2.254290e-004
 2.711125e+002  2.242900e-004
 2.717313e+002  2.248182e-004
 2.723500e+002  2.300710e-004
 2.729688e+002  2.244850e-004
 2.735875e+002  2.229463e-004
 2.742063e+002  2.212131e-004
 2.748250e+002  2.230783e-004
 2.754438e+002  2.258397e-004
 2.760625e+002  2.295339e-004
 2.766813e+002  2.246978e-004
 2.773000e+002  2.311703e-004
 2.779188e+002  2.314054e-004
 2.785375e+002  2.283297e-004
 2.791563e+002  2.199345e-004
 2.797750e+002  2.217471e-004
 2.803938e+002  2.246134e-004
 2.810125e+002  2.332763e-004
 2.816313e+002  2.284117e-004
 2.822500e+002  2.193205e-004
 2.828688e+002  2.194133e-004
 2.834875e+002  2.198366e-004
 2.841063e+002  2.237201e-004
 2.847250e+002  2.279352e-004
 2.853438e+002  2.355664e-004
 2.859625e+002  2.400762e-004
 2.865813e+002  2.285882e-004
 2.872000e+002  2.260367e-004
 2.878188e+002  2.253359e-004
 2.884375e+002  2.278629e-004
 2.890563e+002  2.255805e-004
 2.896750e+002  2.227350e-004
 2.902938e+002  2.321755e-004
 2.909125e+002  2.393687e-004
 2.915313e+002  2.276378e-004
 2.921500e+002  2.243736e-004
 2.927688e+002  2.297967e-004
 2.933875e+002  2.374713e-004
 2.940063e+002  2.311342e-004
 2.946250e+002  2.282092e-004
 2.952438e+002  2.296125e-004
 2.958625e+002  2.203718e-004
 2.964813e+002  2.182388e-004
 2.971000e+002  2.242962e-004
 2.977188e+002  2.185393e-004
 2.983375e+002  2.356269e-004
 2.989563e+002  2.310602e-004
 2.995750e+002  2.744183e-004
 3.001938e+002  4.043806e-004
 3.008125e+002  2.974270e-004
 3.014313e+002  2.443183e-004
 3.020500e+002  3.630531e-004
 3.026688e+002  2.732383e-003
 3.032875e+002  3.686768e-003
 3.039063e+002  1.222693e-003
 3.045250e+002  3.047950e-004
 3.051438e+002  2.395587e-004
 3.057625e+002  2.448964e-004
 3.063813e+002  2.438423e-004
 3.070000e+002  2.407237e-004
 3.076188e+002  2.374590e-004
 3.082375e+002  2.269077e-004
 3.088563e+002  2.356068e-004
 3.094750e+002  2.338317e-004
 3.100938e+002  2.254030e-004
 3.107125e+002  2.321135e-004
 3.113313e+002  2.378602e-004
 3.119500e+002  2.353444e-004
 3.125688e+002  2.471015e-004
 3.131875e+002  2.397898e-004
 3.138063e+002  2.295861e-004
 3.144250e+002  2.316198e-004
 3.150437e+002  2.340902e-004
 3.156625e+002  2.240683e-004
 3.162812e+002  2.218660e-004
 3.169000e+002  2.386837e-004
 3.175187e+002  2.318672e-004
 3.181375e+002  2.300810e-004
 3.187562e+002  2.289414e-004
 3.193750e+002  2.377070e-004
 3.199937e+002  2.354555e-004
 3.206125e+002  2.264187e-004
 3.212312e+002  2.358954e-004
 3.218500e+002  2.207292e-004
 3.224687e+002  2.257837e-004
 3.230875e+002  2.298063e-004
 3.237062e+002  2.334267e-004
 3.243250e+002  2.380707e-004
 3.249437e+002  2.275968e-004
 3.255625e+002  2.319428e-004
 3.261812e+002  2.360956e-004
 3.268000e+002  2.374294e-004
 3.274187e+002  2.338544e-004
 3.280375e+002  2.246526e-004
 3.286562e+002  2.217418e-004
 3.292750e+002  2.317486e-004
 3.298937e+002  2.248212e-004
 3.305125e+002  2.255148e-004
 3.311312e+002  2.299932e-004
 3.317500e+002  2.424859e-004
 3.323687e+002  2.480232e-004
 3.329875e+002  2.249552e-004
 3.336062e+002  2.329423e-004
 3.342250e+002  2.445043e-004
 3.348437e+002  2.402227e-004
 3.354625e+002  2.358273e-004
 3.360812e+002  2.376547e-004
 3.367000e+002  2.397088e-004
 3.373187e+002  2.299135e-004
 3.379375e+002  2.361862e-004
 3.385562e+002  2.420520e-004
 3.391750e+002  2.305534e-004
 3.397937e+002  2.236127e-004
 3.404125e+002  2.225357e-004
 3.410312e+002  2.389243e-004
 3.416500e+002  2.441617e-004
 3.422687e+002  2.463075e-004
 3.428875e+002  2.356465e-004
 3.435062e+002  2.326122e-004
 3.441250e+002  2.327749e-004
 3.447437e+002  2.369445e-004
 3.453625e+002  2.276643e-004
 3.459812e+002  2.400143e-004
 3.466000e+002  2.452404e-004
 3.472187e+002  2.328428e-004
 3.478375e+002  2.403717e-004
 3.484562e+002  2.474733e-004
 3.490750e+002  2.443858e-004
 3.496937e+002  6.252797e-004
 3.503125e+002  1.033379e-003
 3.509312e+002  5.291121e-004
 3.515500e+002  2.331285e-004
 3.521687e+002  2.516925e-004
 3.527875e+002  2.456715e-004
 3.534062e+002  2.288479e-004
 3.540250e+002  2.325689e-004
 3.546437e+002  2.385626e-004
 3.552625e+002  2.368548e-004
 3.558812e+002  2.364168e-004
 3.565000e+002  2.440045e-004
 3.571187e+002  2.462204e-004
 3.577375e+002  2.389119e-004
 3.583562e+002  2.347083e-004
 3.589750e+002  2.314481e-004
 3.595937e+002  2.258922e-004
 3.602125e+002  2.456450e-004
 3.608312e+002  2.356521e-004
 3.614500e+002  2.381090e-004
 3.620687e+002  2.344390e-004
 3.626875e+002  2.397986e-004
 3.633062e+002  2.391216e-004
 3.639250e+002  2.452916e-004
 3.645437e+002  2.397128e-004
 3.651625e+002  2.434926e-004
 3.657812e+002  2.449274e-004
 3.664000e+002  2.434619e-004
 3.670187e+002  2.395561e-004
 3.676375e+002  2.376407e-004
 3.682562e+002  2.440041e-004
 3.688750e+002  2.619306e-004
 3.694937e+002  2.525560e-004
 3.701125e+002  2.422892e-004
 3.707312e+002  2.397521e-004
 3.713500e+002  2.369176e-004
 3.719687e+002  2.471785e-004
 3.725875e+002  2.548442e-004
 3.732062e+002  2.444685e-004
 3.738250e+002  2.450245e-004
 3.744437e+002  2.543065e-004
 3.750625e+002  2.426966e-004
 3.756812e+002  2.384603e-004
 3.763000e+002  2.454960e-004
 3.769187e+002  2.444823e-004
 3.775375e+002  2.400311e-004
 3.781562e+002  2.410491e-004
 3.787750e+002  2.421132e-004
 3.793937e+002  2.458088e-004
 3.800125e+002  2.322032e-004
 3.806312e+002  2.287261e-004
 3.812500e+002  2.381373e-004
 3.818687e+002  2.473690e-004
 3.824875e+002  2.454365e-004
 3.831062e+002  2.429423e-004
 3.837250e+002  2.475539e-004
 3.843437e+002  2.546390e-004
 3.849625e+002  2.482008e-004
 3.855812e+002  2.428053e-004
 3.862000e+002  2.431226e-004
 3.868187e+002  2.458434e-004
 3.874375e+002  2.522157e-004
 3.880562e+002  2.444815e-004
 3.886750e+002  2.409073e-004
 3.892937e+002  2.456159e-004
 3.899125e+002  2.511132e-004
 3.905312e+002  2.433555e-004
 3.911500e+002  2.381850e-004
 3.917687e+002  2.448888e-004
 3.923875e+002  2.495190e-004
 3.930062e+002  2.430189e-004
 3.936250e+002  2.397536e-004
 3.942437e+002  2.384970e-004
 3.948625e+002  2.407370e-004
 3.954812e+002  2.431536e-004
 3.961000e+002  2.437004e-004
 3.967187e+002  2.428513e-004
 3.973375e+002  2.350719e-004
 3.979562e+002  2.338128e-004
 3.985750e+002  2.471051e-004
 3.991937e+002  2.489248e-004
 3.998125e+002  3.579580e-004
 4.004312e+002  4.501679e-004
 4.010500e+002  2.804378e-004
 4.016687e+002  2.528880e-004
 4.022875e+002  2.532653e-004
 4.029062e+002  2.481286e-004
 4.035250e+002  2.383820e-004
 4.041437e+002  2.384493e-004
 4.047625e+002  2.431257e-004
 4.053812e+002  2.389202e-004
 4.060000e+002  2.469543e-004
 4.066187e+002  2.482108e-004
 4.072375e+002  2.527289e-004
 4.078562e+002  2.341368e-004
 4.084750e+002  2.411852e-004
 4.090937e+002  2.505262e-004
 4.097125e+002  2.384370e-004
 4.103312e+002  2.487956e-004
 4.109500e+002  2.488453e-004
 4.115687e+002  2.417545e-004
 4.121875e+002  2.594457e-004
 4.128062e+002  2.470032e-004
 4.134250e+002  2.401538e-004
 4.140437e+002  2.411789e-004
 4.146625e+002  2.411270e-004
 4.152812e+002  2.434596e-004
 4.159000e+002  2.511840e-004
 4.165187e+002  2.509923e-004
 4.171375e+002  2.572615e-004
 4.177562e+002  2.464381e-004
 4.183750e+002  2.421041e-004
 4.189937e+002  2.391433e-004
 4.196125e+002  2.324195e-004
 4.202312e+002  2.468243e-004
 4.208500e+002  2.426942e-004
 4.214687e+002  2.433277e-004
 4.220875e+002  2.384237e-004
 4.227062e+002  2.356776e-004
 4.233250e+002  2.364625e-004
 4.239437e+002  2.348785e-004
 4.245625e+002  2.444025e-004
 4.251812e+002  2.449479e-004
 4.258000e+002  2.476218e-004
 4.264187e+002  2.460277e-004
 4.270375e+002  2.442239e-004
 4.276562e+002  2.470748e-004
 4.282750e+002  2.477850e-004
 4.288937e+002  2.478333e-004
 4.295125e+002  2.433811e-004
 4.301312e+002  2.639254e-004
 4.307500e+002  2.604461e-004
 4.313687e+002  2.428502e-004
 4.319875e+002  2.508399e-004
 4.326062e+002  2.486254e-004
 4.332250e+002  2.420242e-004
 4.338437e+002  2.373429e-004
 4.344625e+002  2.313775e-004
 4.350812e+002  2.327327e-004
 4.357000e+002  2.441235e-004
 4.363187e+002  2.509483e-004
 4.369375e+002  2.464903e-004
 4.375562e+002  2.483371e-004
 4.381750e+002  2.385539e-004
 4.387937e+002  2.462092e-004
 4.394125e+002  2.428176e-004
 4.400312e+002  2.307857e-004
 4.406500e+002  2.405469e-004
 4.412687e+002  2.525249e-004
 4.418875e+002  2.435034e-004
 4.425062e+002  2.402783e-004
 4.431250e+002  2.420695e-004
 4.437437e+002  2.370375e-004
 4.443625e+002  2.441002e-004
 4.449812e+002  2.473330e-004
 4.456000e+002  2.518524e-004
 4.462187e+002  2.517967e-004
 4.468375e+002  2.436540e-004
 4.474562e+002  2.383541e-004
 4.480750e+002  2.423426e-004
 4.486937e+002  2.426523e-004
 4.493125e+002  2.923878e-004
 4.499312e+002  9.001992e-004
 4.505500e+002  1.093656e-003
 4.511687e+002  4.374406e-004
 4.517875e+002  2.489998e-004
 4.524062e+002  2.532728e-004
 4.530250e+002  2.385151e-004
 4.536437e+002  2.410648e-004
 4.542625e+002  2.429663e-004
 4.548812e+002  2.436830e-004
 4.555000e+002  2.410482e-004
 4.561187e+002  2.399388e-004
 4.567375e+002  2.359736e-004
 4.573562e+002  2.448253e-004
 4.579750e+002  2.557357e-004
 4.585937e+002  2.678122e-004
 4.592125e+002  2.539817e-004
 4.598312e+002  2.459883e-004
 4.604500e+002  2.496200e-004
 4.610687e+002  2.413855e-004
 4.616875e+002  2.362112e-004
 4.623062e+002  2.418087e-004
 4.629250e+002  2.496300e-004
 4.635437e+002  2.529181e-004
 4.641625e+002  2.541713e-004
 4.647812e+002  2.454117e-004
 4.654000e+002  2.353632e-004
 4.660187e+002  2.448625e-004
 4.666375e+002  2.543130e-004
 4.672562e+002  2.524225e-004
 4.678750e+002  2.556489e-004
 4.684937e+002  2.585834e-004
 4.691125e+002  2.499333e-004
 4.697312e+002  2.514958e-004
 4.703500e+002  2.504501e-004
 4.709687e+002  2.442413e-004
 4.715875e+002  2.483835e-004
 4.722062e+002  2.548825e-004
 4.728250e+002  2.536852e-004
 4.734437e+002  2.477002e-004
 4.740625e+002  2.487021e-004
 4.746812e+002  2.454346e-004
 4.753000e+002  2.451465e-004
 4.759187e+002  2.584756e-004
 4.765375e+002  2.562588e-004
 4.771562e+002  2.521442e-004
 4.777750e+002  2.456405e-004
 4.783937e+002  2.424163e-004
 4.790125e+002  2.416446e-004
 4.796312e+002  2.458668e-004
 4.802500e+002  2.583553e-004
 4.808687e+002  2.581799e-004
 4.814875e+002  2.614970e-004
 4.821062e+002  2.561630e-004
 4.827250e+002  2.545880e-004
 4.833437e+002  2.484887e-004
 4.839625e+002  2.464826e-004
 4.845812e+002  2.394435e-004
 4.852000e+002  2.509195e-004
 4.858187e+002  2.545248e-004
 4.864375e+002  2.446841e-004
 4.870562e+002  2.355729e-004
 4.876750e+002  2.527138e-004
 4.882937e+002  2.448413e-004
 4.889125e+002  2.461575e-004
 4.895312e+002  2.473515e-004
 4.901500e+002  2.485246e-004
 4.907687e+002  2.514704e-004
 4.913875e+002  2.695999e-004
 4.920062e+002  2.913998e-004
 4.926250e+002  2.619867e-004
 4.932437e+002  2.537257e-004
 4.938625e+002  2.564336e-004
 4.944812e+002  2.493854e-004
 4.951000e+002  2.486529e-004
 4.957187e+002  2.630101e-004
 4.963375e+002  2.524712e-004
 4.969562e+002  2.567766e-004
 4.975750e+002  2.464453e-004
 4.981937e+002  2.467969e-004
 4.988125e+002  2.490025e-004
 4.994312e+002  2.542424e-004
 5.000500e+002  3.390649e-004
 5.006687e+002  3.441830e-004
 5.012875e+002  2.620919e-004
 5.019062e+002  2.469353e-004
 5.025250e+002  2.446827e-004
 5.031437e+002  2.488098e-004
 5.037625e+002  2.484229e-004
 5.043812e+002  2.505978e-004
 5.050000e+002  2.474198e-004
 5.056187e+002  2.506558e-004
 5.062375e+002  2.508538e-004
 5.068562e+002  2.567789e-004
 5.074750e+002  2.554212e-004
 5.080937e+002  2.506857e-004
 5.087125e+002  2.554028e-004
 5.093312e+002  2.589109e-004
 5.099500e+002  2.625156e-004
 5.105687e+002  2.563440e-004
 5.111875e+002  2.501770e-004
 5.118062e+002  2.513660e-004
 5.124250e+002  2.473079e-004
 5.130437e+002  2.570699e-004
 5.136625e+002  2.655988e-004
 5.142812e+002  2.547811e-004
 5.149000e+002  2.558354e-004
 5.155187e+002  2.641005e-004
 5.161375e+002  2.536537e-004
 5.167562e+002  2.479102e-004
 5.173750e+002  2.577002e-004
 5.179937e+002  2.557220e-004
 5.186125e+002  2.479052e-004
 5.192312e+002  2.449461e-004
 5.198500e+002  2.602004e-004
 5.204687e+002  2.544629e-004
 5.210875e+002  2.473247e-004
 5.217062e+002  2.531627e-004
 5.223250e+002  2.547961e-004
 5.229437e+002  2.556540e-004
 5.235625e+002  2.506187e-004
 5.241812e+002  2.477765e-004
 5.248000e+002  2.531533e-004
 5.254187e+002  2.528776e-004
 5.260375e+002  2.535792e-004
 5.266562e+002  2.527277e-004
 5.272750e+002  2.583757e-004
 5.278937e+002  2.475740e-004
 5.285125e+002  2.437723e-004
 5.291312e+002  2.423233e-004
 5.297500e+002  2.407026e-004
 5.303687e+002  2.467170e-004
 5.309875e+002  2.566137e-004
 5.316062e+002  2.560959e-004
 5.322250e+002  2.466350e-004
 5.328437e+002  2.389063e-004
 5.334625e+002  2.379970e-004
 5.340812e+002  2.435532e-004
 5.347000e+002  2.499670e-004
 5.353187e+002  2.459384e-004
 5.359375e+002  2.537991e-004
 5.365562e+002  2.465632e-004
 5.371750e+002  2.436413e-004
 5.377937e+002  2.464536e-004
 5.384125e+002  2.669831e-004
 5.390312e+002  2.691431e-004
 5.396500e+002  2.575532e-004
 5.402687e+002  2.605385e-004
 5.408875e+002  2.464586e-004
 5.415062e+002  2.446468e-004
 5.421250e+002  2.457140e-004
 5.427437e+002  2.510326e-004
 5.433625e+002  2.516829e-004
 5.439812e+002  2.484410e-004
 5.446000e+002  2.360180e-004
 5.452187e+002  2.399809e-004
 5.458375e+002  2.501474e-004
 5.464562e+002  2.563483e-004
 5.470750e+002  2.569849e-004
 5.476937e+002  2.607632e-004
 5.483125e+002  2.630262e-004
 5.489312e+002  2.634973e-004
 5.495500e+002  2.992715e-004
 5.501687e+002  5.798213e-004
 5.507875e+002  5.316711e-004
 5.514062e+002  2.803727e-004
 5.520250e+002  2.435055e-004
 5.526437e+002  2.526498e-004
 5.532625e+002  2.726417e-004
 5.538812e+002  2.536641e-004
 5.545000e+002  2.527672e-004
 5.551187e+002  2.527118e-004
 5.557375e+002  2.575409e-004
 5.563562e+002  2.525335e-004
 5.569750e+002  2.480073e-004
 5.575937e+002  2.558339e-004
 5.582125e+002  2.647578e-004
 5.588312e+002  2.574968e-004
 5.594500e+002  2.510461e-004
 5.600687e+002  2.520268e-004
 5.606875e+002  2.536261e-004
 5.613062e+002  2.534297e-004
 5.619250e+002  2.468388e-004
 5.625437e+002  2.566722e-004
 5.631625e+002  2.670554e-004
 5.637812e+002  2.571500e-004
 5.644000e+002  2.525792e-004
 5.650187e+002  2.611960e-004
 5.656375e+002  2.509744e-004
 5.662562e+002  2.584904e-004
 5.668750e+002  2.492539e-004
 5.674937e+002  2.484440e-004
 5.681125e+002  2.511099e-004
 5.687312e+002  2.546183e-004
 5.693500e+002  2.525417e-004
 5.699687e+002  2.436423e-004
 5.705875e+002  2.492306e-004
 5.712062e+002  2.553354e-004
 5.718250e+002  2.486463e-004
 5.724437e+002  2.480528e-004
 5.730625e+002  2.558557e-004
 5.736812e+002  2.621049e-004
 5.743000e+002  2.573300e-004
 5.749187e+002  2.510706e-004
 5.755375e+002  2.606652e-004
 5.761562e+002  2.598635e-004
 5.767750e+002  2.541342e-004
 5.773937e+002  2.470567e-004
 5.780125e+002  2.584424e-004
 5.786312e+002  2.709500e-004
 5.792500e+002  2.598655e-004
 5.798687e+002  2.593275e-004
 5.804875e+002  2.528083e-004
 5.811062e+002  2.579584e-004
 5.817250e+002  2.568640e-004
 5.823437e+002  2.476050e-004
 5.829625e+002  2.479504e-004
 5.835812e+002  2.596945e-004
 5.842000e+002  2.506349e-004
 5.848187e+002  2.441445e-004
 5.854375e+002  2.540392e-004
 5.860562e+002  2.532156e-004
 5.866750e+002  2.526867e-004
 5.872937e+002  2.632099e-004
 5.879125e+002  2.713500e-004
 5.885312e+002  2.562936e-004
 5.891500e+002  2.708949e-004
 5.897687e+002  2.604614e-004
 5.903875e+002  2.544750e-004
 5.910062e+002  2.515581e-004
 5.916250e+002  2.497780e-004
 5.922437e+002  2.508389e-004
 5.928625e+002  2.494536e-004
 5.934812e+002  2.539018e-004
 5.941000e+002  2.537819e-004
 5.947187e+002  2.515523e-004
 5.953375e+002  2.494142e-004
 5.959562e+002  2.532244e-004
 5.965750e+002  2.565397e-004
 5.971937e+002  2.547781e-004
 5.978125e+002  2.533930e-004
 5.984312e+002  2.656466e-004
 5.990500e+002  2.622444e-004
 5.996687e+002  2.669797e-004
 6.002875e+002  2.925867e-004
 6.009062e+002  2.708607e-004
 6.015250e+002  2.614746e-004
 6.021437e+002  2.620771e-004
 6.027625e+002  2.560467e-004
 6.033812e+002  2.566949e-004
 6.040000e+002  2.625788e-004
 6.046187e+002  2.604783e-004
 6.052375e+002  3.999575e-004
 6.058562e+002  2.034968e-003
 6.064750e+002  2.351553e-003
 6.070937e+002  6.641171e-004
 6.077125e+002  2.773254e-004
 6.083312e+002  2.575703e-004
 6.089500e+002  2.595143e-004
 6.095687e+002  2.593567e-004
 6.101875e+002  2.570930e-004
 6.108062e+002  2.659532e-004
 6.114250e+002  2.517820e-004
 6.120437e+002  2.414135e-004
 6.126625e+002  2.504703e-004
 6.132812e+002  2.571507e-004
 6.139000e+002  2.596043e-004
 6.145187e+002  3.040367e-004
 6.151375e+002  3.076769e-004
 6.157562e+002  2.531285e-004
 6.163750e+002  2.437136e-004
 6.169937e+002  2.478855e-004
 6.176125e+002  2.504104e-004
 6.182312e+002  2.504791e-004
 6.188500e+002  2.613736e-004
 6.194687e+002  2.641364e-004
 6.200875e+002  2.498588e-004
 6.207062e+002  2.527812e-004
 6.213250e+002  2.609310e-004
 6.219437e+002  2.578280e-004
 6.225625e+002  2.494217e-004
 6.231812e+002  2.573361e-004
 6.238000e+002  2.580649e-004
 6.244187e+002  2.519042e-004
 6.250375e+002  2.467487e-004
 6.256562e+002  2.529911e-004
 6.262750e+002  2.592096e-004
 6.268937e+002  2.609004e-004
 6.275125e+002  2.590166e-004
 6.281312e+002  2.610468e-004
 6.287500e+002  2.630768e-004
 6.293687e+002  2.526082e-004
 6.299875e+002  2.462599e-004
 6.306062e+002  2.475512e-004
 6.312250e+002  2.543791e-004
 6.318437e+002  2.577026e-004
 6.324625e+002  2.510588e-004
 6.330812e+002  2.514905e-004
 6.337000e+002  2.509046e-004
 6.343187e+002  2.612514e-004
 6.349375e+002  2.635711e-004
 6.355562e+002  2.494959e-004
 6.361750e+002  2.569113e-004
 6.367937e+002  2.561579e-004
 6.374125e+002  2.463077e-004
 6.380312e+002  2.502029e-004
 6.386500e+002  2.561684e-004
 6.392687e+002  2.480058e-004
 6.398875e+002  2.597093e-004
 6.405062e+002  2.558905e-004
 6.411250e+002  2.534755e-004
 6.417437e+002  2.526479e-004
 6.423625e+002  2.536664e-004
 6.429812e+002  2.505294e-004
 6.436000e+002  2.559071e-004
 6.442187e+002  2.628607e-004
 6.448375e+002  2.493807e-004
 6.454562e+002  2.482271e-004
 6.460750e+002  2.548128e-004
 6.466937e+002  2.623149e-004
 6.473125e+002  2.638947e-004
 6.479312e+002  2.675435e-004
 6.485500e+002  2.565405e-004
 6.491687e+002  2.484106e-004
 6.497875e+002  3.254405e-004
 6.504062e+002  4.985068e-004
 6.510250e+002  3.819328e-004
 6.516437e+002  2.668798e-004
 6.522625e+002  2.563708e-004
 6.528812e+002  2.606109e-004
 6.535000e+002  2.538288e-004
 6.541187e+002  2.602763e-004
 6.547375e+002  2.661473e-004
 6.553562e+002  2.523526e-004
 6.559750e+002  2.515452e-004
 6.565937e+002  2.466720e-004
 6.572125e+002  2.378415e-004
 6.578312e+002  2.535646e-004
 6.584500e+002  2.600061e-004
 6.590687e+002  2.500648e-004
 6.596875e+002  2.527770e-004
 6.603062e+002  2.561944e-004
 6.609250e+002  2.505735e-004
 6.615437e+002  2.578858e-004
 6.621625e+002  2.522916e-004
 6.627812e+002  2.445033e-004
 6.634000e+002  2.577236e-004
 6.640187e+002  2.750773e-004
 6.646375e+002  2.679584e-004
 6.652562e+002  2.559421e-004
 6.658750e+002  2.537844e-004
 6.664937e+002  2.563534e-004
 6.671125e+002  2.592547e-004
 6.677312e+002  2.608190e-004
 6.683500e+002  2.606919e-004
 6.689687e+002  2.650823e-004
 6.695875e+002  2.661236e-004
 6.702062e+002  2.658119e-004
 6.708250e+002  2.598036e-004
 6.714437e+002  2.589153e-004
 6.720625e+002  2.494168e-004
 6.726812e+002  2.540692e-004
 6.733000e+002  2.575250e-004
 6.739187e+002  2.521555e-004
 6.745375e+002  2.569518e-004
 6.751562e+002  2.611629e-004
 6.757750e+002  2.664059e-004
 6.763937e+002  2.669929e-004
 6.770125e+002  2.622806e-004
 6.776312e+002  2.674564e-004
 6.782500e+002  2.556067e-004
 6.788687e+002  2.530943e-004
 6.794875e+002  2.548449e-004
 6.801062e+002  2.494880e-004
 6.807250e+002  2.516032e-004
 6.813437e+002  2.536977e-004
 6.819625e+002  2.537316e-004
 6.825812e+002  2.586586e-004
 6.832000e+002  2.637558e-004
 6.838187e+002  2.640488e-004
 6.844375e+002  2.620795e-004
 6.850562e+002  2.625307e-004
 6.856750e+002  2.588146e-004
 6.862937e+002  2.603091e-004
 6.869125e+002  2.610933e-004
 6.875312e+002  2.568201e-004
 6.881500e+002  2.473275e-004
 6.887687e+002  2.439129e-004
 6.893875e+002  2.534154e-004
 6.900062e+002  2.576350e-004
 6.906250e+002  2.609371e-004
 6.912437e+002  2.493979e-004
 6.918625e+002  2.589279e-004
 6.924812e+002  2.580017e-004
 6.931000e+002  2.595418e-004
 6.937187e+002  2.462009e-004
 6.943375e+002  2.506096e-004
 6.949562e+002  2.463106e-004
 6.955750e+002  2.428539e-004
 6.961937e+002  2.494069e-004
 6.968125e+002  2.589442e-004
 6.974312e+002  2.497589e-004
 6.980500e+002  2.485235e-004
 6.986687e+002  2.547706e-004
 6.992875e+002  2.525899e-004
 6.999062e+002  2.639677e-004
 7.005250e+002  2.677729e-004
 7.011437e+002  2.587923e-004
 7.017625e+002  2.497162e-004
 7.023812e+002  2.532791e-004
 7.030000e+002  2.634670e-004
 7.036187e+002  2.564677e-004
 7.042375e+002  2.586957e-004
 7.048562e+002  2.722741e-004
 7.054750e+002  2.777658e-004
 7.060937e+002  2.662838e-004
 7.067125e+002  2.593800e-004
 7.073312e+002  2.598611e-004
 7.079500e+002  2.612407e-004
 7.085687e+002  2.688256e-004
 7.091875e+002  2.707783e-004
 7.098062e+002  2.594130e-004
 7.104250e+002  2.580621e-004
 7.110437e+002  2.534836e-004
 7.116625e+002  2.643682e-004
 7.122812e+002  2.696400e-004
 7.129000e+002  2.706740e-004
 7.135187e+002  2.607272e-004
 7.141375e+002  2.604891e-004
 7.147562e+002  2.588962e-004
 7.153750e+002  2.571880e-004
 7.159937e+002  2.591342e-004
 7.166125e+002  2.470960e-004
 7.172312e+002  2.461406e-004
 7.178500e+002  2.593356e-004
 7.184687e+002  2.569616e-004
 7.190875e+002  2.561814e-004
 7.197062e+002  2.641451e-004
 7.203250e+002  2.696669e-004
 7.209437e+002  2.655256e-004
 7.215625e+002  2.556011e-004
 7.221812e+002  2.634604e-004
 7.228000e+002  2.626733e-004
 7.234187e+002  2.567175e-004
 7.240375e+002  2.541098e-004
 7.246562e+002  2.632885e-004
 7.252750e+002  2.553003e-004
 7.258937e+002  2.561960e-004
 7.265125e+002  2.673209e-004
 7.271312e+002  2.703808e-004
 7.277500e+002  2.587503e-004
 7.283687e+002  2.537689e-004
 7.289875e+002  2.534167e-004
 7.296062e+002  2.475997e-004
 7.302250e+002  2.467643e-004
 7.308437e+002  2.552941e-004
 7.314625e+002  2.619872e-004
 7.320812e+002  2.593427e-004
 7.327000e+002  2.584520e-004
 7.333187e+002  2.428485e-004
 7.339375e+002  2.476550e-004
 7.345562e+002  2.508054e-004
 7.351750e+002  2.463645e-004
 7.357937e+002  2.551095e-004
 7.364125e+002  2.707597e-004
 7.370312e+002  2.654618e-004
 7.376500e+002  2.979043e-004
 7.382687e+002  2.785165e-004
 7.388875e+002  2.565575e-004
 7.395062e+002  2.537900e-004
 7.401250e+002  2.627235e-004
 7.407437e+002  2.593730e-004
 7.413625e+002  2.594595e-004
 7.419812e+002  2.659965e-004
 7.426000e+002  2.637976e-004
 7.432187e+002  2.537091e-004
 7.438375e+002  2.514468e-004
 7.444562e+002  2.680959e-004
 7.450750e+002  2.690393e-004
 7.456937e+002  2.622845e-004
 7.463125e+002  2.558041e-004
 7.469312e+002  2.540335e-004
 7.475500e+002  2.564789e-004
 7.481687e+002  2.522633e-004
 7.487875e+002  2.553622e-004
 7.494062e+002  2.771959e-004
 7.500250e+002  6.759700e-004
 7.506437e+002  9.649562e-004
 7.512625e+002  5.448105e-004
 7.518812e+002  2.536731e-004
 7.525000e+002  2.523572e-004
 7.531187e+002  2.474130e-004
 7.537375e+002  2.460133e-004
 7.543562e+002  2.511275e-004
 7.549750e+002  2.557340e-004
 7.555937e+002  2.552331e-004
 7.562125e+002  2.454688e-004
 7.568312e+002  2.549787e-004
 7.574500e+002  2.610769e-004
 7.580687e+002  2.589071e-004
 7.586875e+002  2.641883e-004
 7.593062e+002  2.535479e-004
 7.599250e+002  2.562456e-004
 7.605437e+002  2.597851e-004
 7.611625e+002  2.574086e-004
 7.617812e+002  2.720417e-004
 7.624000e+002  2.688266e-004
 7.630187e+002  2.573494e-004
 7.636375e+002  2.615991e-004
 7.642562e+002  2.665489e-004
 7.648750e+002  2.618007e-004
 7.654937e+002  2.565121e-004
 7.661125e+002  2.633993e-004
 7.667312e+002  2.606505e-004
 7.673500e+002  2.536678e-004
 7.679687e+002  2.639176e-004
 7.685875e+002  2.518806e-004
 7.692062e+002  2.503405e-004
 7.698250e+002  2.593244e-004
 7.704437e+002  2.587183e-004
 7.710625e+002  2.520074e-004
 7.716812e+002  2.502679e-004
 7.723000e+002  2.641524e-004
 7.729187e+002  2.602558e-004
 7.735375e+002  2.573849e-004
 7.741562e+002  2.558244e-004
 7.747750e+002  2.614056e-004
 7.753937e+002  2.610871e-004
 7.760125e+002  2.554814e-004
 7.766312e+002  2.641160e-004
 7.772500e+002  2.592577e-004
 7.778687e+002  2.554181e-004
 7.784875e+002  2.516969e-004
 7.791062e+002  2.736076e-004
 7.797250e+002  2.700390e-004
 7.803437e+002  2.637103e-004
 7.809625e+002  2.626180e-004
 7.815812e+002  2.630237e-004
 7.822000e+002  2.610823e-004
 7.828187e+002  2.610145e-004
 7.834375e+002  2.613141e-004
 7.840562e+002  2.558867e-004
 7.846750e+002  2.659066e-004
 7.852937e+002  2.623569e-004
 7.859125e+002  2.601111e-004
 7.865312e+002  2.665836e-004
 7.871500e+002  2.607514e-004
 7.877687e+002  2.610637e-004
 7.883875e+002  2.583312e-004
 7.890062e+002  2.545293e-004
 7.896250e+002  2.514026e-004
 7.902437e+002  2.652011e-004
 7.908625e+002  2.630912e-004
 7.914812e+002  2.572936e-004
 7.921000e+002  2.614167e-004
 7.927187e+002  2.589387e-004
 7.933375e+002  2.605295e-004
 7.939562e+002  2.533206e-004
 7.945750e+002  2.493600e-004
 7.951937e+002  2.541019e-004
 7.958125e+002  2.637561e-004
 7.964312e+002  2.702343e-004
 7.970500e+002  2.557004e-004
 7.976687e+002  2.515146e-004
 7.982875e+002  2.705197e-004
 7.989062e+002  2.923964e-004
 7.995250e+002  2.932450e-004
 8.001437e+002  2.742140e-004
 8.007625e+002  2.795069e-004
 8.013812e+002  2.674052e-004
 8.020000e+002  2.631460e-004
 8.026187e+002  2.626011e-004
 8.032375e+002  2.566373e-004
 8.038562e+002  2.605316e-004
 8.044750e+002  2.674874e-004
 8.050937e+002  2.661051e-004
 8.057125e+002  2.708283e-004
 8.063312e+002  2.547078e-004
 8.069500e+002  2.595166e-004
 8.075687e+002  2.567619e-004
 8.081875e+002  2.549371e-004
 8.088062e+002  2.532315e-004
 8.094250e+002  2.552546e-004
 8.100437e+002  2.608859e-004
 8.106625e+002  2.602344e-004
 8.112812e+002  2.624191e-004
 8.119000e+002  2.613291e-004
 8.125187e+002  2.545900e-004
 8.131375e+002  2.498716e-004
 8.137562e+002  2.524491e-004
 8.143750e+002  2.584746e-004
 8.149937e+002  2.616243e-004
 8.156125e+002  2.612585e-004
 8.162312e+002  2.543967e-004
 8.168500e+002  2.599472e-004
 8.174687e+002  2.604180e-004
 8.180875e+002  2.589482e-004
 8.187062e+002  2.584667e-004
 8.193250e+002  2.575361e-004
 8.199437e+002  2.509276e-004
 8.205625e+002  2.552871e-004
 8.211812e+002  2.590749e-004
 8.218000e+002  2.568964e-004
 8.224187e+002  2.673912e-004
 8.230375e+002  2.765121e-004
 8.236562e+002  2.647649e-004
 8.242750e+002  2.745804e-004
 8.248937e+002  2.634823e-004
 8.255125e+002  2.609762e-004
 8.261312e+002  2.712603e-004
 8.267500e+002  2.669995e-004
 8.273687e+002  2.693188e-004
 8.279875e+002  2.745685e-004
 8.286062e+002  2.720817e-004
 8.292250e+002  2.588812e-004
 8.298437e+002  2.616938e-004
 8.304625e+002  2.566518e-004
 8.310812e+002  2.630130e-004
 8.317000e+002  2.593040e-004
 8.323187e+002  2.630730e-004
 8.329375e+002  2.680865e-004
 8.335562e+002  2.580965e-004
 8.341750e+002  2.525629e-004
 8.347937e+002  2.631352e-004
 8.354125e+002  2.680837e-004
 8.360312e+002  2.555195e-004
 8.366500e+002  2.669021e-004
 8.372687e+002  2.648597e-004
 8.378875e+002  2.579856e-004
 8.385062e+002  2.697586e-004
 8.391250e+002  2.580837e-004
 8.397437e+002  2.592943e-004
 8.403625e+002  2.656849e-004
 8.409812e+002  2.538562e-004
 8.416000e+002  2.503386e-004
 8.422187e+002  2.549331e-004
 8.428375e+002  2.645783e-004
 8.434562e+002  2.679738e-004
 8.440750e+002  2.611432e-004
 8.446937e+002  2.580450e-004
 8.453125e+002  2.679729e-004
 8.459312e+002  2.695502e-004
 8.465500e+002  2.618088e-004
 8.471687e+002  2.525954e-004
 8.477875e+002  2.616900e-004
 8.484062e+002  2.537317e-004
 8.490250e+002  2.582322e-004
 8.496437e+002  2.911453e-004
 8.502625e+002  4.660415e-004
 8.508812e+002  4.952166e-004
 8.515000e+002  3.116503e-004
 8.521187e+002  2.746894e-004
 8.527375e+002  2.543113e-004
 8.533562e+002  2.537359e-004
 8.539750e+002  2.596470e-004
 8.545937e+002  2.487991e-004
 8.552125e+002  2.549827e-004
 8.558312e+002  2.609850e-004
 8.564500e+002  2.593989e-004
 8.570687e+002  2.651943e-004
 8.576875e+002  2.669820e-004
 8.583062e+002  2.693575e-004
 8.589250e+002  2.713496e-004
 8.595437e+002  2.567381e-004
 8.601625e+002  2.599029e-004
 8.607812e+002  2.614465e-004
 8.614000e+002  2.634183e-004
 8.620187e+002  2.665670e-004
 8.626375e+002  2.591146e-004
 8.632562e+002  2.653554e-004
 8.638750e+002  2.673293e-004
 8.644937e+002  2.655850e-004
 8.651125e+002  2.559593e-004
 8.657312e+002  2.527631e-004
 8.663500e+002  2.619398e-004
 8.669687e+002  2.635738e-004
 8.675875e+002  2.637098e-004
 8.682062e+002  2.642273e-004
 8.688250e+002  2.543598e-004
 8.694437e+002  2.589229e-004
 8.700625e+002  2.488776e-004
 8.706812e+002  2.550502e-004
 8.713000e+002  2.610934e-004
 8.719187e+002  2.653965e-004
 8.725375e+002  2.594639e-004
 8.731562e+002  2.593410e-004
 8.737750e+002  2.608301e-004
 8.743937e+002  2.630574e-004
 8.750125e+002  2.652334e-004
 8.756312e+002  2.617737e-004
 8.762500e+002  2.645840e-004
 8.768687e+002  2.628440e-004
 8.774875e+002  2.630322e-004
 8.781062e+002  2.637593e-004
 8.787250e+002  2.656656e-004
 8.793437e+002  2.592802e-004
 8.799625e+002  2.589775e-004
 8.805812e+002  2.562745e-004
 8.812000e+002  2.677337e-004
 8.818187e+002  2.569314e-004
 8.824375e+002  2.614756e-004
 8.830562e+002  2.572025e-004
 8.836750e+002  2.498235e-004
 8.842937e+002  2.619955e-004
 8.849125e+002  2.618959e-004
 8.855312e+002  2.656745e-004
 8.861500e+002  2.595437e-004
 8.867687e+002  2.560841e-004
 8.873875e+002  2.633196e-004
 8.880062e+002  2.560434e-004
 8.886250e+002  2.535248e-004
 8.892437e+002  2.705119e-004
 8.898625e+002  2.635662e-004
 8.904812e+002  2.598689e-004
 8.911000e+002  2.617099e-004
 8.917187e+002  2.612600e-004
 8.923375e+002  2.569663e-004
 8.929562e+002  2.522770e-004
 8.935750e+002  2.715674e-004
 8.941937e+002  2.714575e-004
 8.948125e+002  2.615833e-004
 8.954312e+002  2.619728e-004
 8.960500e+002  2.586280e-004
 8.966687e+002  2.556738e-004
 8.972875e+002  2.603645e-004
 8.979062e+002  2.539061e-004
 8.985250e+002  2.527336e-004
 8.991437e+002  2.561739e-004
 8.997625e+002  2.616267e-004
 9.003812e+002  2.769995e-004
 9.010000e+002  2.702627e-004
 9.016187e+002  2.654177e-004
 9.022375e+002  2.540452e-004
 9.028562e+002  2.545906e-004
 9.034750e+002  2.591399e-004
 9.040937e+002  2.679940e-004
 9.047125e+002  2.655343e-004
 9.053312e+002  2.605189e-004
 9.059500e+002  2.658140e-004
 9.065687e+002  2.715781e-004
 9.071875e+002  2.656651e-004
 9.078062e+002  2.600602e-004
 9.084250e+002  3.775234e-004
 9.090437e+002  1.302166e-003
 9.096625e+002  1.292688e-003
 9.102812e+002  3.668471e-004
 9.109000e+002  2.538224e-004
 9.115187e+002  2.548949e-004
 9.121375e+002  2.573149e-004
 9.127562e+002  2.581556e-004
 9.133750e+002  2.568936e-004
 9.139937e+002  2.544909e-004
 9.146125e+002  2.522449e-004
 9.152312e+002  2.571823e-004
 9.158500e+002  2.680264e-004
 9.164687e+002  2.696777e-004
 9.170875e+002  2.607869e-004
 9.177062e+002  2.585959e-004
 9.183250e+002  2.639183e-004
 9.189437e+002  2.644917e-004
 9.195625e+002  2.762354e-004
 9.201812e+002  2.642269e-004
 9.208000e+002  2.510240e-004
 9.214187e+002  2.674272e-004
 9.220375e+002  3.431667e-004
 9.226562e+002  3.228832e-004
 9.232750e+002  2.729618e-004
 9.238937e+002  2.750114e-004
 9.245125e+002  2.680116e-004
 9.251312e+002  2.617710e-004
 9.257500e+002  2.563136e-004
 9.263687e+002  2.583511e-004
 9.269875e+002  2.541454e-004
 9.276062e+002  2.580310e-004
 9.282250e+002  2.622901e-004
 9.288437e+002  2.590784e-004
 9.294625e+002  2.687162e-004
 9.300812e+002  2.743304e-004
 9.307000e+002  2.668923e-004
 9.313187e+002  2.539001e-004
 9.319375e+002  2.540149e-004
 9.325562e+002  2.545384e-004
 9.331750e+002  2.569303e-004
 9.337937e+002  2.645680e-004
 9.344125e+002  2.728259e-004
 9.350312e+002  2.701724e-004
 9.356500e+002  2.650536e-004
 9.362687e+002  2.559475e-004
 9.368875e+002  2.538991e-004
 9.375062e+002  2.579087e-004
 9.381250e+002  2.596708e-004
 9.387437e+002  2.632770e-004
 9.393625e+002  2.622427e-004
 9.399812e+002  2.685577e-004
 9.406000e+002  2.534560e-004
 9.412187e+002  2.507295e-004
 9.418375e+002  2.584639e-004
 9.424562e+002  2.637291e-004
 9.430750e+002  2.584698e-004
 9.436937e+002  2.705592e-004
 9.443125e+002  2.719656e-004
 9.449312e+002  2.721202e-004
 9.455500e+002  2.666440e-004
 9.461687e+002  2.664613e-004
 9.467875e+002  2.560343e-004
 9.474062e+002  2.580446e-004
 9.480250e+002  2.604103e-004
 9.486437e+002  2.573480e-004
 9.492625e+002  2.658848e-004
 9.498812e+002  2.993531e-004
 9.505000e+002  4.055802e-004
 9.511187e+002  3.824022e-004
 9.517375e+002  2.763738e-004
 9.523562e+002  2.623179e-004
 9.529750e+002  2.671908e-004
 9.535937e+002  2.609115e-004
 9.542125e+002  2.632132e-004
 9.548312e+002  2.696045e-004
 9.554500e+002  2.659568e-004
 9.560687e+002  2.623879e-004
 9.566875e+002  2.596872e-004
 9.573062e+002  2.633748e-004
 9.579250e+002  2.660118e-004
 9.585437e+002  2.589919e-004
 9.591625e+002  2.499534e-004
 9.597812e+002  2.610930e-004
 9.604000e+002  2.717812e-004
 9.610187e+002  2.616850e-004
 9.616375e+002  2.664269e-004
 9.622562e+002  2.697457e-004
 9.628750e+002  2.744126e-004
 9.634937e+002  2.653834e-004
 9.641125e+002  2.621773e-004
 9.647312e+002  2.584462e-004
 9.653500e+002  2.665344e-004
 9.659687e+002  2.742408e-004
 9.665875e+002  2.631647e-004
 9.672062e+002  2.742242e-004
 9.678250e+002  2.738564e-004
 9.684437e+002  2.635398e-004
 9.690625e+002  2.653299e-004
 9.696812e+002  2.781585e-004
 9.703000e+002  2.698322e-004
 9.709187e+002  2.633979e-004
 9.715375e+002  2.565061e-004
 9.721562e+002  2.591765e-004
 9.727750e+002  2.629251e-004
 9.733937e+002  2.596813e-004
 9.740125e+002  2.597933e-004
 9.746312e+002  2.657541e-004
 9.752500e+002  2.641974e-004
 9.758687e+002  2.611173e-004
 9.764875e+002  2.579064e-004
 9.771062e+002  2.508898e-004
 9.777250e+002  2.523890e-004
 9.783437e+002  2.643581e-004
 9.789625e+002  2.597858e-004
 9.795812e+002  2.517958e-004
 9.802000e+002  2.625597e-004
 9.808187e+002  2.623078e-004
 9.814375e+002  2.548827e-004
 9.820562e+002  2.469630e-004
 9.826750e+002  2.563964e-004
 9.832937e+002  2.723078e-004
 9.839125e+002  2.754936e-004
 9.845312e+002  2.628191e-004
 9.851500e+002  2.560447e-004
 9.857687e+002  2.690543e-004
 9.863875e+002  2.659698e-004
 9.870062e+002  2.610746e-004
 9.876250e+002  2.629905e-004
 9.882437e+002  2.563581e-004
 9.888625e+002  2.534165e-004
 9.894812e+002  2.603368e-004
 9.901000e+002  2.643557e-004
 9.907187e+002  2.635754e-004
 9.913375e+002  2.573141e-004
 9.919562e+002  2.608358e-004
 9.925750e+002  2.619727e-004
 9.931937e+002  2.617934e-004
 9.938125e+002  2.554210e-004
 9.944312e+002  2.570775e-004
 9.950500e+002  2.664030e-004
 9.956687e+002  2.725558e-004
 9.962875e+002  2.759685e-004
 9.969062e+002  2.714510e-004
 9.975250e+002  2.600787e-004
 9.981437e+002  2.757150e-004
 9.987625e+002  2.657814e-004
 9.993812e+002  2.568462e-004
 1.000000e+003  2.578709e-004
